"Base..Long.Name." "Base..Short.Name." "Base..Abbreviation." "Longitude" "Latitude" "5" "10" "15" "20" "25" "30" "35" "40" "45" "50" "55" "60" "65" "70" "75" "80" "85" "90" "95" "100"
"Altus AFB" "altus" "alts" -99.285251 34.651461 0.131588624397609 0.030039816883197 0.030039816883197 0.030039816883197 0.034843755397185 0.0369193446054832 0.0388682286454655 0.0382515122889986 0.0399533533839167 0.0405501424474834 0.040708705634674 0.0414124511171479 0.0411267284184097 0.0410444279748521 0.0409664527757962 0.0407750796623983 0.0408760849868448 0.0410558933264042 0.0412115300194593 0.0416418159040243
"Andrews AFB" "andrews" "andw" -76.8836261 38.7965203 0 0 0 0.51925312933053 0.491887003306846 0.522535511350002 0.539355065483867 0.562555965788294 0.600521842982475 0.597964137192166 0.597964137192166 0.614094131905244 0.594340754652344 0.591550875834226 0.584545536557726 0.572529854613328 0.556459741672436 0.54356111126918 0.520397111487937 0.510710897566695
"Arnold AFB" "arnold" "arnl" -86.0494122 35.3788236 0 0.0284398514387819 0.030108678634577 0.0282739509859302 0.03059069608816 0.0272702810041575 0.0265004863456046 0.0265004863456046 0.0301244416985042 0.0300815947825067 0.0297423011781532 0.0300308190534257 0.0319663811060594 0.0324807535817089 0.0376876618725342 0.0382317277781052 0.0382712806499408 0.0385680773431722 0.0386708411118841 0.0392094291440818
"Barksdale AFB" "barksdale" "brkd" -93.6571416 32.5018595 0.435665392752487 0.198520391391395 0.198520391391395 0.198520391391395 0.230267580720985 0.240521847577154 0.253218421555354 0.253218421555354 0.262323045096314 0.263430952665633 0.261135070374317 0.265746645535376 0.264080767549097 0.264201717539962 0.263503579538438 0.261125256040947 0.260492607594032 0.259476165835881 0.259674065141957 0.261916548709797
"Beale AFB" "beale" "beal" -121.3598812 39.111504 0 0 0 0.0502578538707484 0.0586283465975016 0.0668766520296058 0.0858885097864582 0.0858885097864582 0.0914292296917822 0.122183937801235 0.120270092361291 0.125772350058338 0.125772350058338 0.126341876276613 0.125038522792157 0.125038522792157 0.1234972072633 0.126682929666834 0.127291333605181 0.131621602808205
"Bolling AFB" "bolling" "blln" -77.0144498 38.8451309 0 0.838474564989705 0.575574780060949 0.5372012007891 0.623109898177826 0.680121415278832 0.711316011155461 0.702686493925914 0.742667495762337 0.75098290802178 0.745973231025479 0.752846405417677 0.749822971317395 0.751067015930792 0.744620258220518 0.73546512259339 0.72921323941739 0.724843799858502 0.720853768785476 0.718124503501675
"Brooks City-Base" "brooks" "brks" -98.4458421 29.3417239 0.00179597955938064 0.000409996664504531 0.15493172132133 0.147993115720664 0.161184959367138 0.157812201528572 0.157104351402776 0.151571116002701 0.154891800341907 0.154522215086562 0.152450418543143 0.152724874252749 0.150904713751856 0.151266371845098 0.148986726158691 0.147962885593654 0.148591901069309 0.149666589189411 0.149783217972709 0.150973245639283
"Buckley AFB" "buckley" "bckl" -104.7579278 39.7025365 0.430874263124261 0.0983624840155288 0.0983624840155288 0.0947897757085638 0.134555184222072 0.148683689006821 0.157976512852467 0.156708581692489 0.163497029811715 0.165939208779264 0.165293992610618 0.168265786073976 0.167404027200859 0.168346418966332 0.169059327276791 0.168505527591157 0.169404204149979 0.169679310062353 0.169828779034804 0.171727337136317
"Cannon AFB" "cannon" "cnnn" -103.3183038 34.3897838 0 0.0531852201729296 0.0531852201729296 0.0485318341934237 0.0562929982625255 0.0605856313808348 0.0637838021856552 0.0620817257643628 0.064052292556804 0.0650090509877411 0.0650090509877411 0.0656429846607244 0.0644890715878925 0.0640534489622846 0.0631938363892452 0.0628884181194398 0.0629512042937023 0.0633021615515432 0.0630372846295683 0.0627886029844147
"Charleston AFB" "charleston" "chrl" -80.0690944 32.8940204 0 0 0.456274523786271 0.456274523786271 0.425783071576052 0.458251239388666 0.48244122803256 0.445347324638297 0.444520446797024 0.451160313509364 0.451160313509364 0.460894657891337 0.460894657891337 0.442425999062338 0.429741417861221 0.415138032712704 0.411630379156271 0.413925246597388 0.415913152551831 0.417780521098318
"Columbus AFB" "columbus" "clmb" -88.4355422 33.6356982 0 0 0.0375186768594868 0.0435418509254458 0.0453292196250734 0.0449098719032174 0.0450037527753683 0.0397002087461131 0.0397998089681442 0.039539919561429 0.0391319564579491 0.0405022943424485 0.0405022943424485 0.0415540764626962 0.0412831255945797 0.0410629028747567 0.0406908028369613 0.0407913505475049 0.0410412192504246 0.0410154951980527
"Creech AFB" "creech" "crch" -115.673355 36.587181 0 0 0 0 0 0 0 0 0 0.116173693481574 0.422458199738268 0.431573260349989 0.402366252180845 0.404294194214622 0.338640985685447 0.338640985685447 0.340695824562938 0.342595227023749 0.344240565396711 0.348455096009842
"Davis-Monthan AFB" "davis monthan" "dvsm" -110.8605934 32.155285 0 0 0.29217109805808 0.238540598538083 0.276687780757021 0.297786659263547 0.313506105904866 0.300136539951918 0.314644655245507 0.319344548327218 0.31193035601159 0.30743237850604 0.298354077668499 0.296483271060036 0.290705985849003 0.285735292733296 0.282825998726747 0.276998460824836 0.274810147844358 0.278174643192413
"Dover AFB" "dover" "dovr" -75.4865456 39.1317247 0.213664931203419 0.0428503853897207 0.0418990910686183 0.040770111060924 0.0472900278602402 0.0505802434919721 0.0529184356814127 0.0524661664785542 0.0546116163604878 0.0565240013665113 0.056530055198365 0.0579077468913786 0.0575564465798516 0.0580619402649925 0.0575773769966677 0.0575494552370474 0.0593194518518865 0.0598510003194609 0.0608772454195858 0.0625091829759981
"Dyess AFB" "dyess" "dyss" -99.8418696 32.422379 0 0.142368040564723 0.0980234874288387 0.0980234874288387 0.113699308901579 0.108624915211506 0.110198867010463 0.107803303202628 0.106898740482097 0.108495502551497 0.107324101238234 0.105615451014624 0.103365989170844 0.101880264500567 0.101880264500567 0.100034166071996 0.100641163163934 0.100801168226255 0.100667102740062 0.101614987830243
"Edwards AFB" "edwards" "edwr" -117.8912085 34.9240314 0 0 0 0 0 0 0 0.0432071696874023 0.0452957344434127 0.0459723234316335 0.0459723234316335 0.0469642334355122 0.0468566601017962 0.0470811742703754 0.0718720388345302 0.0718720388345302 0.16817305690877 0.176499618544182 0.203571401087103 0.201243649714859
"Eglin AFB" "eglin" "egln" -86.5533382 30.4635583 0.00781722582689134 0.00939473454041476 0.00939473454041476 0.00939473454041476 0.0108971314179615 0.0117280942137459 0.0123471923011258 0.0123471923011258 0.0130638186155667 0.0135330755348126 0.0136140904479912 0.0139078313664626 0.0139078313664626 0.0140008485819458 0.0141506836124302 0.0141506836124302 0.0142528465458857 0.0143448857038716 0.014409155880391 0.014624040447973
"Ellsworth AFB" "ellsworth" "ells" -103.0748767 44.1463938 0 0 0.0512817021325588 0.0512817021325588 0.0480745030026617 0.0517404332267562 0.0496453483014165 0.0454862202147353 0.0476849505900861 0.0440669331471093 0.0424982439359622 0.0432885807724174 0.0420241391832166 0.0422254982781345 0.0420497372188459 0.0416380252037051 0.0418906804834473 0.0414419323299821 0.0416409602093386 0.0421507696833039
"FE Warren AFB" "fe warren" "fewr" -104.8629746 41.1446846 0.641869894071109 0.146529794418031 0.146529794418031 0.146529794418031 0.169962697674018 0.182923234995378 0.191446068693623 0.191446068693623 0.200700262260179 0.203308121095307 0.202912841355289 0.207044620285044 0.207044620285044 0.207525978605938 0.207278482025937 0.206990584190864 0.207869557805192 0.208499230727215 0.209070392726221 0.211339910958783
"Fairchild AFB" "fairchild" "frch" -117.6438555 47.6182629 0 0 0.173463854080083 0.0897988830639554 0.121615250590181 0.117508923562282 0.115227964554149 0.10517140446673 0.106194250664987 0.10723980412979 0.105936368386754 0.104568650081244 0.102052457420232 0.101484926677896 0.0996264077437674 0.0987655433664232 0.09864669517111 0.0988230614989346 0.097952534281875 0.0986505268914268
"Goodfellow AFB" "goodfellow" "gdfl" -100.4003209 31.4346088 0 0.110825170516684 0.110825170516684 0.110825170516684 0.128548224789435 0.138350693729846 0.142316826716739 0.140268497159368 0.143448856608721 0.144187961835975 0.144187961835975 0.14625736943744 0.144708678397824 0.145402051518019 0.144823084045916 0.143350625864403 0.14422046280556 0.144648268829838 0.144189964653573 0.145708129880352
"Grand Forks AFB" "grand forks" "grnf" -97.3824492 47.9525204 0 0 0 0.0134439656295553 0.039166972918414 0.0378440533047312 0.0383398564707693 0.0364927424529074 0.0382567426475216 0.0388281891892008 0.0371870030118864 0.0379893588109491 0.0379893588109491 0.0390454708451099 0.0383210377912391 0.0381481878058142 0.0378176487192629 0.0380284846904158 0.0397242073545961 0.0402105500602716
"Gunter AFB" "gunter" "gntr" -86.2521159 32.4107172 0 0.228285818935446 0.155584726382384 0.149564317526525 0.168459268822241 0.177440449499098 0.18680710710831 0.18072647105149 0.183086397078232 0.184564762394545 0.17989108532035 0.181127866740843 0.179349961545021 0.178157488616724 0.175326680998133 0.172294795917244 0.171781356066978 0.17014507151906 0.169876104224391 0.169924825505313
"Hanscom AFB" "hanscom" "hnsc" -71.2766852 42.457231 0.237178703911556 0.0584325415207014 0.0591361547413433 0.0582535259673328 0.0804923333831359 0.0844247609407586 0.0873911374370404 0.0860929103963129 0.088859213714765 0.0890547185562645 0.0881280932464188 0.0896642451264341 0.0889333330910947 0.0886359527341771 0.0881673451899958 0.087706960289673 0.0877891751467233 0.0878754471353153 0.0880000620511688 0.0887528719475793
"Hill AFB" "hill" "hill" -111.9939817 41.1321102 0 0 0.220785158492896 0.251142212072356 0.252892678020521 0.251122036590507 0.25565957182988 0.247340860084032 0.286900393377428 0.277848367119066 0.268387245376079 0.255545804916741 0.24053828291937 0.236998270867162 0.233055946498569 0.229529496362629 0.226079609434418 0.225223435837933 0.225339208571716 0.227128021709439
"Holloman AFB" "holloman" "hllm" -106.099291 32.8440404 0 0 0.0423247653888208 0.0423247653888208 0.0424895805113298 0.0419459842917757 0.044160212637407 0.0421690441646614 0.0442074276106069 0.0448677604010216 0.0448677604010216 0.0471413082979402 0.0471413082979402 0.0473671863612774 0.0473671863612774 0.0473671863612774 0.0467113267831043 0.0469717456161011 0.0502268845217654 0.0506523150408532
"Hurlburt Field" "hurlburt field" "hrlf" -86.6949711 30.4236556 0 0.0017845617996952 0.0017845617996952 0.026959692966043 0.0312710610369085 0.0336556416489714 0.0354322426034559 0.0422510686807211 0.0442934170592139 0.0449550342865572 0.0453497932392484 0.0463282713806619 0.0455407196139138 0.0465582450885973 0.0462403621468633 0.0450785868560084 0.0440224469990179 0.043621484672982 0.04383098001021 0.0462332422734708
"Keesler AFB" "keesler" "kslr" -88.923611 30.411389 0 0 0 0.0820470207356933 0.0951679010793626 0.0958133544720925 0.107491423916632 0.107491423916632 0.112687385632938 0.114370613538777 0.110490333988893 0.111560453693433 0.111560453693433 0.11870345674333 0.114176246873875 0.111465244368645 0.112917003797092 0.11478993106694 0.116169114551386 0.112458782192776
"Kirtland AFB" "kirtland" "krtl" -106.5112712 35.0128396 0 0 0 0.452852808972378 0.380357528661682 0.212213232286803 0.164920823154935 0.159217231175061 0.157988204882605 0.15673786780377 0.153616522224125 0.146365774279782 0.146365774279782 0.14706708739193 0.146292847332215 0.144242823636914 0.143174218058782 0.143325279695355 0.142651354410709 0.143707114525523
"Lackland AFB" "lackland" "lckl" -98.6205193 29.3877765 0 0.000409996664504528 0.20267108588101 0.167494708625665 0.185063082938657 0.179426702973903 0.172766187693439 0.16093876066337 0.163496843609244 0.161385147771408 0.158034098938604 0.161443880998549 0.15793580734531 0.156071794282059 0.153545932729253 0.151412091145084 0.151262687873127 0.151413948797603 0.152698150580432 0.154036149580087
"Langley AFB" "langley" "lngl" -76.3592241 37.0835074 0 0.0614425942668543 0.0614425942668543 0.0614425942668543 0.0712684346221922 0.0804485135895418 0.0846951985144868 0.0891995884273425 0.0931460085438954 0.0942770437087466 0.0940092245010838 0.095807247318289 0.095807247318289 0.0963863271978158 0.0963007086364991 0.0966011149921282 0.0970605120082254 0.0986207701941752 0.0989575575412529 0.10015504951677
"Laughlin AFB" "laughlin" "lghl" -100.7830826 29.3565576 0 0.024797962053455 0.024797962053455 0.024797962053455 0.0287636282038248 0.0287169422286174 0.0302328410340944 0.0292098458949992 0.0306218026398211 0.0310792049696465 0.0310792049696465 0.0318232893457809 0.0318232893457809 0.032027948561115 0.032027948561115 0.032027948561115 0.032084587157844 0.0322634609197396 0.0324184085258606 0.0325102991982436
"Little Rock AFB" "little rock" "lttr" -92.1446849 34.8964136 0 0 0 0.188766719162377 0.218954110645796 0.235650497332554 0.237081716516756 0.220330269660936 0.230980678822781 0.227711853039035 0.227711853039035 0.232625019226232 0.224958797674193 0.222820084739915 0.221045147652476 0.215377062195528 0.214096249397942 0.215289850591848 0.212088084259943 0.214684674591369
"Los Angeles AFB" "los angeles" "lsan" -118.381147 33.91903 0.184266296630212 0.0716089639686276 0.0747021380112249 0.140176201737855 0.160021658476921 0.172475686297564 0.180552782945455 0.178938611714881 0.188602546845645 0.191570295800248 0.191132481848888 0.195134142681479 0.195532798735191 0.196458540642516 0.196285576177363 0.196447246499525 0.197592243718336 0.19860646158045 0.199509678626759 0.201855086403743
"Luke AFB" "luke" "luke" -112.3585753 33.544783 0 0.041546376474336 0.0530586570718755 0.0530586570718755 0.0966093887169531 0.103976355734983 0.111861589711899 0.110350414687293 0.116137449006173 0.118694764587132 0.118694764587132 0.119967809085631 0.118582840393561 0.119151031292376 0.118969736774764 0.11871726612974 0.11921298150282 0.119243233663811 0.119709895488816 0.121002794286657
"MacDill AFB" "macdill" "mcdl" -82.487858 27.8569134 0 1 1 1 1 1 1 1 1 1 1 1 1 1 1 1 1 1 1 1
"Malmstrom AFB" "malmstrom" "mlms" -111.1790622 47.5042584 0 0.0619468504704675 0.0619468504704675 0.0619468504704675 0.063492766945218 0.0683344197719352 0.068619674514989 0.068619674514989 0.068034785544446 0.0678423763983808 0.0678423763983808 0.0693061599710456 0.067796387601274 0.0674922086711713 0.0674922086711713 0.0674922086711713 0.0679017444927864 0.0682803013499137 0.0671400378806226 0.0677439422331295
"Maxwell AFB" "maxwell" "mxwl" -86.3625491 32.3791554 1 0.228285818935446 0.185860368751897 0.185860368751897 0.209098868774208 0.217832666074082 0.226753756738012 0.222547463159142 0.230363566231018 0.230194155508621 0.228134191050715 0.231438537728338 0.229409018568252 0.224761901627415 0.221976603473287 0.21993331518053 0.218189276006218 0.217457858746068 0.21763923947407 0.217201267339745
"McChord AFB" "mcchord" "mcch" -122.4857321 47.1342432 0 0.45511366541032 0.301626214812194 0.301626214812194 0.349861987879613 0.384030606526925 0.404302665197595 0.404302665197595 0.431408689420111 0.459302546046825 0.459302546046825 0.469212569213445 0.469212569213445 0.471460806062485 0.469623167958139 0.465782838034661 0.469283099193998 0.467560636730541 0.468442859345375 0.471648881010065
"McConnell AFB" "mcconnell" "mccn" -97.2514246 37.631893 0 0.139387197632502 0.0830475563448744 0.0764316896257557 0.0772674687155221 0.0768312213117894 0.0784596301564107 0.0751016111069367 0.0772948683955908 0.0767340643559284 0.0757986138588583 0.0766875904609492 0.0754096520808652 0.075241429686024 0.0743185606720147 0.0740240283775688 0.0740309358521358 0.0739031622768986 0.073724848455372 0.074472442450751
"McGuire AFB" "mcguire" "mcgr" -74.5844061 40.0351776 0 0 0.0714833333689879 0.0518178542265536 0.0671279369616171 0.0972447427661575 0.0912427955342437 0.0801155775018592 0.0880467476915025 0.0869105018955503 0.0851909310035431 0.0853243927777973 0.085178492147126 0.0853701020773078 0.101666935425467 0.0993086083323534 0.0984530612941179 0.10011969605022 0.0992938082977141 0.0998191067291238
"Minot AFB" "minot" "mint" -101.3386723 48.4157509 0 0 0 0.0396555040056065 0.0459971739207349 0.0495046970268941 0.0521179317679448 0.0459752182833141 0.048197586035035 0.0489175204034878 0.0489175204034878 0.0499729766917765 0.0479643050599644 0.0467277586480934 0.0467277586480934 0.044054415720033 0.0438469467206469 0.0433395601427976 0.0431749510740206 0.0437035411686023
"Moody AFB" "moody" "mody" -83.193054 30.968611 0 0 0.117061407285013 0.117061407285013 0.135781754520973 0.14613581762489 0.137632387387019 0.137632387387019 0.144285314566971 0.141923014596863 0.138168611166033 0.133145976517061 0.131645628240381 0.132276409621453 0.126485784969725 0.125971794035399 0.12673617800188 0.128106751072187 0.128546309512332 0.131561429876472
"Mountain Home AFB" "mountain home" "mnth" -115.8619784 43.0444129 0 0 0.0160996252163877 0.0109879926494013 0.0127451818255244 0.0137170680510187 0.0144411593176879 0.0144411593176879 0.0149746188106297 0.0151982968746808 0.0208947572698276 0.0238340694318353 0.0250288699770263 0.0259634741277332 0.0256229568923315 0.0255009628053416 0.0252177324764352 0.0248765040386042 0.0249441682457732 0.0256345521837149
"Nellis AFB" "nellis" "nlls" -115.0508066 36.2414162 0 0.0830775084034768 0.0830775084034768 0.0830775084034768 0.163726641787607 0.176211647500208 0.185513439586223 0.183149863403976 0.192003031814245 0.194871009089077 0.194871009089077 0.199075593259569 0.199075593259569 0.200029466011233 0.199277821928892 0.199277821928892 0.200487019377607 0.201604748185863 0.202572969580081 0.20459679937558
"Offutt AFB" "offutt" "offt" -95.9145568 41.1242718 0.255414035329468 0.0571487755542849 0.0577772750268892 0.0569561058979912 0.0651607899364918 0.0693146921166476 0.0719079357562811 0.0713100876723141 0.0744026072949779 0.0749080383637479 0.0743351822175096 0.0760786400116259 0.0758824813535935 0.0759742037101103 0.0756290614725143 0.0753244002615077 0.0754525861918545 0.075662726294457 0.0757907746475868 0.0765109636957962
"Otis AFB" "otis" "otis" -71.2808866 42.4877714 0.203032634018766 0.0463797959756044 0.0463998329114133 0.0468912520556424 0.0571352241454162 0.0613142791703047 0.0643062045619051 0.0640835126985097 0.066971624686374 0.0678153419093942 0.0676511552919096 0.0690566901346661 0.0689579781207174 0.0691493476560801 0.0690622238759511 0.0689686057418575 0.069307295183004 0.0696150723879247 0.0698992418014859 0.0706709389936485
"Patrick AFB" "patrick" "ptrc" -80.6075172 28.2394645 0 0 0 0.548396417270459 0.63609544287045 0.684601019918193 0.720739472963104 0.720739472963104 0.755578854306223 0.766865045795064 0.766865045795064 0.743160012465642 0.705790801406667 0.724943898623342 0.657808391846237 0.614713354062532 0.618443371844886 0.618981321951763 0.613067481811843 0.620573255185859
"Peterson AFB" "peterson" "ptrs" -104.6995991 38.8256561 0 0.271658358217143 0.271658358217143 0.271658358217143 0.31510170059038 0.3255521465773 0.342737266991172 0.335558852051942 0.346377812968051 0.345437288776165 0.341852942459132 0.345846137102319 0.345682290573945 0.341226134902876 0.338308006307588 0.341231174184 0.340381112998747 0.34020865117121 0.338479411729684 0.339832146555791
"Pope AFB" "pope" "pope" -79.0145008 35.1708796 0 0 0.25075566944192 0.25075566944192 0.290856274006746 0.313035573617806 0.296259918825169 0.275890869566806 0.246311809109142 0.249991004507114 0.235053928758106 0.234050287166531 0.228516828627105 0.224653836127621 0.233698778232031 0.232117775097559 0.23135304127099 0.23262638796434 0.229513705388289 0.231057314060646
"Randolph AFB" "randolph" "rndl" -98.2802362 29.5324181 0.0655981073198888 0.0148210703244341 0.0147078454514181 0.0147078454514181 0.0203754536604558 0.0220220111481401 0.0232028015445762 0.0232711658084773 0.0243715486277785 0.0246874653374821 0.0246181442582186 0.0251377528707289 0.025122175980045 0.0252260785135025 0.0254685277869361 0.0254660342663447 0.0256205687519617 0.0257817259263658 0.0259060065596649 0.0262289429710251
"Robins AFB" "robins" "rbns" -83.591719 32.6400014 0 0 0 0.0760048403672443 0.137285393249685 0.147754116606281 0.155553703591714 0.155553703591714 0.16307291823454 0.159811137596179 0.152131081676125 0.155413498803461 0.155413498803461 0.155234042483555 0.158130361009437 0.155665907113759 0.156044943850724 0.155069351793007 0.154870663652371 0.156186225460294
"Schriever AFB" "schriever" "schr" -104.5130967 38.7981865 0 0 0 0.0310244379533603 0.209310248801338 0.225271240998201 0.237162771872863 0.237162771872863 0.230035964595657 0.2087718120442 0.210429029579685 0.206667040081691 0.212246032564885 0.193854895579669 0.193854895579669 0.193854895579669 0.191408573681048 0.189685423860636 0.192960466720042 0.197205310629608
"Scott AFB" "scott" "sctt" -89.8551818 38.5426987 0 0.0265280223172786 0.0234791771541773 0.0219181911939087 0.039203608305234 0.041601405589847 0.0425924526131099 0.0459684354593796 0.047837349702038 0.0494596430691283 0.0491038301213929 0.0498555329107119 0.049754998556476 0.0498358234511379 0.0496196599092357 0.0494788001214787 0.0495204541862709 0.049667013020649 0.0498443022678564 0.050311909401432
"Seymour Johnson AFB" "seymour johnson" "symj" -77.9615323 35.340096 0.39113691345319 0.0892910106035441 0.0892910106035441 0.0892910106035441 0.103570342813162 0.111426542969354 0.116790253114194 0.115107716742505 0.120747394170828 0.122551015599119 0.121347347741609 0.128559125421968 0.129361378357715 0.129981214731992 0.12870446596281 0.12870446596281 0.130024762759698 0.130740526510647 0.130132341043177 0.131730933231637
"Shaw AFB" "shaw" "shaw" -80.4692433 33.9738685 0 0 0.0915803174710054 0.0915803174710054 0.0783582109159665 0.0843334309548904 0.0822925983595223 0.11222919468294 0.117654172581425 0.127963535339309 0.127595225573792 0.130348251117128 0.128480047063108 0.126405557702233 0.126405557702233 0.124695105779398 0.124755321438775 0.124139242595128 0.125992337977329 0.1279021727523
"Sheppard AFB" "sheppard" "shpp" -98.5068511 33.9720185 0 0.0702776764976504 0.0537892562736945 0.0537892562736945 0.0609896459624865 0.06290912433364 0.0652747817014029 0.0645540467511835 0.0671023852656799 0.067789126910169 0.0669342621968965 0.0681208112836462 0.0676366914145167 0.0669624607303976 0.0666031521492266 0.0658143159548701 0.0656751116276227 0.0658650579145096 0.0658703041305487 0.0664154062533316
"Tinker AFB" "tinker" "tnkr" -97.3874164 35.4175229 0 0 0.511601846128701 0.511601846128701 0.412832438455191 0.393113187781959 0.413864694228285 0.388184156820298 0.351113537690734 0.345272901320562 0.297743615627517 0.293724541551961 0.273472532614838 0.248563122551128 0.242090086341839 0.236490552150195 0.225659925354858 0.222405929857673 0.222374927476374 0.217789406340608
"Travis AFB" "travis" "trvs" -121.9398577 38.2721187 0 0.255645110690485 0.255645110690485 0.218329366733414 0.253244388275104 0.247246571092883 0.253280742186195 0.276664317602462 0.285874114409505 0.288818654050717 0.298505260555475 0.293412024476554 0.285838968629799 0.286745627732274 0.284528080135613 0.282294644364506 0.282104924064854 0.288596658076927 0.288626706124402 0.291203183421894
"Tyndall AFB" "tyndall" "tynd" -85.6075064 30.0800072 0 0 0.121977863142637 0.0848602192815728 0.0984309836206936 0.105936856699038 0.111529010391711 0.111529010391711 0.116920142513119 0.118666595725493 0.115144806907156 0.117629199196698 0.117239090904717 0.117800843214042 0.117058554279557 0.117058554279557 0.115091047602587 0.114196213008083 0.113809685366198 0.111858436836487
"Air Force Academy" "usafa" "usaf" -104.8617533 38.9983573 0 0 0.448576208363118 0.448576208363118 0.391609203304064 0.4096800208313 0.388360042978051 0.362653380596902 0.380183458934423 0.367250523575236 0.338970058048184 0.345898603873489 0.349841757653274 0.345227852916137 0.338658024298663 0.325983856949857 0.325055095919119 0.322241903205029 0.314898469126119 0.314613777185746
"Vance AFB" "vance" "vanc" -97.917222 36.339444 0 0.0274730193591789 0.0274730193591789 0.0257198590809346 0.0298329541138926 0.0321078716133847 0.0338027694836961 0.0324760778550676 0.0336902112806393 0.0330518304193592 0.0327823006444844 0.0329052804768105 0.0326717191238252 0.0324112333686249 0.0322192525358581 0.0319216623482847 0.0345765051350062 0.0340934346593168 0.0339257391865645 0.0339407536757647
"Vandenberg AFB" "vandenberg" "vndn" -120.5163949 34.7582101 0 0.0360939059549755 0.0360939059549755 0.0479967095661629 0.0556722970215097 0.059917598450515 0.0630805053921765 0.0630805053921765 0.0661297150790549 0.0671175042730364 0.0705713907683232 0.0720940562171303 0.073956788167506 0.0743111528783099 0.0743111528783099 0.0740379768555923 0.0744872317292919 0.0749025031269591 0.0752622278192623 0.0775770866470214
"Whiteman AFB" "whiteman" "whtm" -93.5605515 38.7289955 0 0 0.0634584395084383 0.0634584395084383 0.0601781105354751 0.0647670036172961 0.06341558765705 0.0623082500688073 0.0653201301813882 0.064588820867495 0.0615155683497603 0.0614170442298861 0.0605807955797973 0.0838675126304798 0.0939521683905133 0.0931050541526882 0.0936364965116373 0.0934741092060692 0.0909100909848192 0.0887400872939892
"Wright-Patterson AFB" "wright patterson" "wrgp" -84.0537448 39.8137298 0 0.500825339717396 0.36392470186115 0.279412467167473 0.270195761008772 0.266824223899648 0.268247373883389 0.240890090133738 0.23888984206774 0.236294923222863 0.22968430007213 0.230046688284474 0.241143657701543 0.243326578390078 0.238033508175593 0.23463268173458 0.231616790717031 0.230660131215805 0.227298392908496 0.227527052252575
