"Base..Long.Name." "Base..Short.Name." "Base..Abbreviation." "Longitude" "Latitude" "5" "10" "15" "20" "25" "30" "35" "40" "45" "50" "55" "60" "65" "70" "75" "80" "85" "90" "95" "100"
"Altus AFB" "altus" "alts" -99.285251 34.651461 0.0358267479271313 0.0300398168831972 0.0370812234957729 0.036185987459729 0.0399646235990237 0.0410640226837474 0.0420896770825101 0.0432974007021001 0.0431264628175251 0.043057462042423 0.0428260467153077 0.0425399311627754 0.042908988105451 0.0430613387603422 0.0432260787317612 0.0434956625558792 0.0434781547277845 0.0438922251139455 0.0438422018774471 0.0438177259081659
"Andrews AFB" "andrews" "andw" -76.8836261 38.7965203 0 0 0.648497545916092 0.540220876939758 0.612784310205989 0.648518641801282 0.666892722749813 0.69269672561093 0.678547985121031 0.666217483283167 0.656368925454402 0.641934228713069 0.636689688445594 0.617039061820595 0.605969608760254 0.590648592982757 0.581568563383342 0.582293673048177 0.559649649197282 0.542996997016185
"Arnold AFB" "arnold" "arnl" -86.0494122 35.3788236 0 0.0301382725695199 0.0354720240250244 0.0268884782608018 0.0281726757488126 0.0290192435053484 0.0288776562038172 0.0309966708160222 0.0308679431296077 0.0319454164525083 0.0324777898232089 0.0335944202377232 0.0340217494103057 0.0376920969665103 0.0380403913141575 0.038021666668659 0.0378531158050144 0.0379898357565712 0.0381285997191417 0.0377044676787766
"Barksdale AFB" "barksdale" "brkd" -93.6571416 32.5018595 0.118615680330812 0.18289391555539 0.225764697071769 0.224107765709808 0.243177790113097 0.251224392802919 0.256945582593838 0.263781973724398 0.259046611633898 0.260593394616753 0.259760961283843 0.257005943686093 0.257490260410096 0.256228088984834 0.255959569626317 0.256581476402499 0.256150738392344 0.257716300668846 0.257332856859185 0.256837518526711
"Beale AFB" "beale" "beal" -121.3598812 39.111504 0 0 0.0623813166017195 0.0651108223685387 0.0897097571455488 0.0958907478259486 0.0967788286860302 0.128592897049036 0.128592897049036 0.129840987491802 0.127307515676012 0.127307515676012 0.125824608367418 0.12595609023107 0.127982730682724 0.131157710790642 0.131044542085247 0.134197201444377 0.137130545128053 0.138000817628254
"Bolling AFB" "bolling" "blln" -77.0144498 38.8451309 1 0.526445402686449 0.649845493773884 0.668314289899648 0.73426683197425 0.754746734591411 0.77203725258355 0.798115467771699 0.789710008710828 0.79621140781612 0.790040625748159 0.78373202312283 0.783356697456973 0.777346753464009 0.780549541925336 0.783346768078535 0.778170125235058 0.780965081176487 0.772442693104172 0.767386927881189
"Brooks City-Base" "brooks" "brks" -98.4458421 29.3417239 0.000488979250681941 0.171471358832611 0.195740838735965 0.185172139248871 0.192504665604252 0.191430121365444 0.191236668853536 0.19368267642637 0.191525391496225 0.190963781110019 0.188307020295716 0.187296634105136 0.186319728271192 0.186757909591797 0.186846459509962 0.188586022025305 0.188633237579263 0.190226380192856 0.189543392972657 0.189207172838641
"Buckley AFB" "buckley" "bckl" -104.7579278 39.7025365 0.117311231756609 0.109871460501145 0.164384588264458 0.169920907755551 0.189547221718594 0.191578137012293 0.197006002875417 0.203006819592906 0.201099650141094 0.202800818422048 0.201808022849094 0.201808022849094 0.202611168628797 0.202659450122875 0.203517777100852 0.205448204776959 0.206033651989167 0.207583596224061 0.207376863311747 0.207740216077568
"Cannon AFB" "cannon" "cnnn" -103.3183038 34.3897838 0 0.0531852201729301 0.0588967906350471 0.0584645355447348 0.0653424668427527 0.0675046086617566 0.0694171753391076 0.0689183371019618 0.0689183371019618 0.0695872412159699 0.0689304597737062 0.0667820633425267 0.0668946779084513 0.0663220657086871 0.0668621124341901 0.0670589092761127 0.0672500009993624 0.0665927915546969 0.0664921125563594 0.0664519843403321
"Charleston AFB" "charleston" "chrl" -80.0690944 32.8940204 0 0 0.563226389086608 0.559092760224053 0.524329121606107 0.541678847986569 0.521395597548595 0.512414405439686 0.512414405439686 0.506748309370561 0.506748309370561 0.476095777592109 0.471906629178409 0.466628706323153 0.460848687168737 0.465668572763806 0.465611899088636 0.465684984047671 0.459539875245026 0.453137908277738
"Columbus AFB" "columbus" "clmb" -88.4355422 33.6356982 0 0.0375186768594872 0.0585951481475845 0.05816510687061 0.0523208548501081 0.0487678384646659 0.0458905696729964 0.0442105374372454 0.0433357161058671 0.044739061753914 0.0452776522090928 0.0452121661616581 0.0447268035951996 0.0443938452310192 0.0440704705904621 0.0447003527963792 0.0436629817538016 0.0435810715613638 0.0444199192566589 0.0445621839667718
"Creech AFB" "creech" "crch" -115.673355 36.587181 0 0 0 0 0 0 0.0337416575487193 0.0348380214200693 0.393855461232061 0.397678123667357 0.37987463559285 0.37987463559285 0.33332748802358 0.334512122191946 0.337235984518918 0.340763039947691 0.341734081636653 0.345571846693328 0.345674219936979 0.346254600091371
"Davis-Monthan AFB" "davis monthan" "dvsm" -110.8605934 32.155285 0 0.492155269826927 0.359154046729704 0.35651814478613 0.398459935368893 0.411644728216277 0.42330760584347 0.424982714602774 0.408428690001448 0.40627311557306 0.402226648205256 0.387027040915094 0.38267908889304 0.376596672055861 0.371720244414604 0.373783403620926 0.369956136907723 0.368218297106586 0.36589082271532 0.364209923472162
"Dover AFB" "dover" "dovr" -75.4865456 39.1317247 0.051133592992871 0.0428742171410581 0.050851401722733 0.0500037033479882 0.0553889242404671 0.0569433071784957 0.0575649602788353 0.0609767620445427 0.060799769662897 0.0625853837335592 0.0611220972735416 0.0633300763435302 0.0662774330432858 0.0665273119180884 0.0674645185728561 0.0685269144910446 0.0693006777183924 0.0714755703023105 0.0715260477883356 0.0714973617630771
"Dyess AFB" "dyess" "dyss" -99.8418696 32.422379 0 0.142368040564725 0.128401763181823 0.127459397474932 0.127122837708968 0.126692930705248 0.125060419315995 0.124885600490275 0.123517195366382 0.121318206513008 0.117597092756435 0.115747031788002 0.116366019845667 0.11531573245716 0.11503015887477 0.115706373852371 0.115728203855963 0.116261022025095 0.115311893112913 0.114913445977381
"Edwards AFB" "edwards" "edwr" -117.8912085 34.9240314 0 0 0 0 0 0.0465126075847353 0.0478304207697433 0.0493845692346696 0.0492501229347882 0.0497281322895082 0.0730890796458299 0.120017978544227 0.232407385532022 0.227180639121465 0.272126250652724 0.263050825101218 0.274456260533621 0.273734599513949 0.272158253080377 0.271372781330822
"Eglin AFB" "eglin" "egln" -86.5533382 30.4635583 0.0021283433919276 0.0117217740949714 0.0144693866368314 0.0143631929722866 0.0160529191210211 0.0165841002873547 0.0173899997840102 0.0182600049846226 0.0182459329271689 0.0184230233810614 0.0184287904297881 0.0186136702391059 0.0187221848183372 0.0188201258357786 0.0189512595330666 0.0191467213308333 0.0192711591076498 0.019514383889086 0.0197126024132996 0.0197472266577412
"Ellsworth AFB" "ellsworth" "ells" -103.0748767 44.1463938 0 0.0512817021325589 0.0633022586460813 0.0501374858395693 0.0510664815335771 0.0485908689529108 0.0499675642426876 0.0464972195015901 0.0449041623629617 0.0452397460017592 0.0446074978203123 0.044281631756682 0.0445184395677151 0.0444106334496442 0.0444780430623056 0.0447504317173049 0.0446610829860551 0.0451626388825471 0.045097089538625 0.0447846189191655
"FE Warren AFB" "fe warren" "fewr" -104.8629746 41.1446846 0.174757590195752 0.146529794418033 0.180876736923252 0.179549247098914 0.200671922147145 0.20731203195228 0.21214716106145 0.218594738362132 0.218083699616272 0.219795308692321 0.220063234711378 0.219776231785167 0.220226198974055 0.220496230658672 0.221730990603012 0.223411854199266 0.223297777136543 0.225429761465674 0.225167723385498 0.22573443100885
"Fairchild AFB" "fairchild" "frch" -117.6438555 47.6182629 0 0 0.11995282768276 0.135082457488193 0.139102166108456 0.121445648673944 0.117467570627721 0.121284431145185 0.118313614339057 0.116670728847749 0.110762149023564 0.110762149023564 0.111354479093958 0.11101515419717 0.110688425619955 0.110304913987653 0.110164447746473 0.110106395772033 0.109585473251625 0.109191147895078
"Goodfellow AFB" "goodfellow" "gdfl" -100.4003209 31.4346088 0.132174755376207 0.110825170516685 0.136802861777264 0.135798838761156 0.151774593543902 0.154871248574962 0.156957872304348 0.162057886738138 0.160078484351386 0.161632166016519 0.161157884557434 0.161157884557434 0.161139616277447 0.161191683141374 0.162074615499854 0.163338542445142 0.163570875587797 0.164790155953599 0.164459551932767 0.164228621552635
"Grand Forks AFB" "grand forks" "grnf" -97.3824492 47.9525204 0 0 0.00950027228955547 0.0359437814472329 0.0401723083153866 0.0415015851543471 0.0387551196305814 0.0400143853596425 0.0392274970670563 0.039157511727798 0.039157511727798 0.0396430273511349 0.0398550289905806 0.0398615054790509 0.0393218279836422 0.0412497014580595 0.0411884606235931 0.0415082685036105 0.0412729342288739 0.0412372578920577
"Gunter AFB" "gunter" "gntr" -86.2521159 32.4107172 0.272263260529852 0.158817173114102 0.186320363208862 0.184952921544258 0.198102070842083 0.199797045373794 0.201929253749864 0.204306338621755 0.199757334262352 0.198748007429578 0.197236946030017 0.193359368261951 0.192435473244186 0.190047190296658 0.190050163941475 0.190179442807785 0.187931346443848 0.188274123325755 0.185449466668537 0.184502811162126
"Hanscom AFB" "hanscom" "hnsc" -71.2766852 42.457231 0.0702874488550624 0.0581079825121069 0.0922389617340827 0.088054877969799 0.0963867721635283 0.097540974398528 0.0987926172855106 0.100972857021021 0.100125470189726 0.100338164757341 0.0997683801833879 0.0992380214471397 0.0992997055766687 0.0991843035895444 0.0995805786386488 0.100251694042937 0.100206298403993 0.101109232854557 0.10094878996025 0.100931453156408
"Hill AFB" "hill" "hill" -111.9939817 41.1321102 0 0.220785158492898 0.295190010821287 0.250368051685503 0.279822048756836 0.28279825395925 0.28552056570616 0.29864079988249 0.280870565256904 0.276723492249363 0.26557118070136 0.259348706962873 0.259128521229323 0.258318720007506 0.25801882429269 0.259220243040676 0.259259774180172 0.260787496689395 0.260864753162094 0.260848865221771
"Holloman AFB" "holloman" "hllm" -106.099291 32.8440404 0 0.0423247653888206 0.0522457940037206 0.0418687469628776 0.0418404327007025 0.0406194231532743 0.0417702683580134 0.043127504974448 0.0426870972505536 0.0431014075221974 0.0447973364314938 0.044152425836839 0.0438437722491353 0.0438845418125256 0.0442418844684398 0.0475210614108159 0.0476564778918424 0.0479445103748037 0.0479587136008167 0.0483072862187746
"Hurlburt Field" "hurlburt field" "hrlf" -86.6949711 30.4236556 0 0.00178456179969521 0.00220286745401338 0.0297697866803394 0.033271987555387 0.0361621210205895 0.0416305170166112 0.0429832127084791 0.043524103997186 0.0434111211469671 0.0428231245137264 0.0429761033650958 0.0417062382396466 0.0414756238678175 0.0417320148320981 0.0418790988371464 0.0434622698122328 0.0433862087102774 0.043182640438314 0.0433222230907068
"Keesler AFB" "keesler" "kslr" -88.923611 30.411389 0 0 0.115282862818262 0.114436779292459 0.134892583297587 0.132080304379273 0.135822454639797 0.140235718332315 0.135626513465928 0.135122703560444 0.133399076885099 0.133575863651894 0.130478879452345 0.127769320519267 0.122332335710921 0.124293524629491 0.126501172040396 0.126959497057165 0.12664790660789 0.125389555013199
"Kirtland AFB" "kirtland" "krtl" -106.5112712 35.0128396 0 0.452852808972379 0.391201203640866 0.187827956952966 0.177832287795 0.169877807542082 0.171065400006434 0.171260032280062 0.166188815064949 0.165367922546397 0.165367922546397 0.163002321641768 0.162076446185725 0.162194606746987 0.162534127626209 0.163302298394617 0.162983047881061 0.164444023441573 0.164161671068661 0.164437295256133
"Lackland AFB" "lackland" "lckl" -98.6205193 29.3877765 0 0.261975394208426 0.323383067906435 0.263960784552796 0.256833657493028 0.250828534088407 0.239887066811557 0.241821088136458 0.233045292849914 0.234070334991836 0.230685756501497 0.227637786869241 0.224646669980646 0.224429635949938 0.22450274757074 0.224607775097733 0.225237743635249 0.226272510007597 0.224964646090044 0.224366887442956
"Langley AFB" "langley" "lngl" -76.3592241 37.0835074 0.0676432583368729 0.0682078257317023 0.0841959070507086 0.087638426286178 0.0969660228777075 0.103547221336577 0.106912964096453 0.11038687497487 0.109967751395048 0.110843918401598 0.110956268338592 0.110657853101066 0.111042179819655 0.112033496295525 0.113029407213931 0.114456375963613 0.114678158871598 0.115860986715122 0.115786769427047 0.11593199552565
"Laughlin AFB" "laughlin" "lghl" -100.7830826 29.3565576 0 0.024797962053455 0.0306106650622828 0.0303860073916637 0.0313972379129221 0.0312412345940686 0.0321263733339035 0.0331702519575288 0.0331702519575288 0.0335751376092815 0.0335751376092815 0.0333536290458619 0.0335846982985687 0.0335180539995688 0.0337909845109194 0.0341443948254588 0.0340379568598233 0.0344202122111526 0.0344304089583846 0.0341655416300853
"Little Rock AFB" "little rock" "lttr" -92.1446849 34.8964136 0 0 0.274414769851085 0.234135731990818 0.248693356746769 0.256922466125585 0.250530543041455 0.251762963385247 0.248506270319042 0.248443855055407 0.242685722818086 0.241043486117933 0.239086947228838 0.237218937098695 0.237932141522282 0.237629805525306 0.237132466608168 0.237871634868999 0.236360244589258 0.23339018342009
"Los Angeles AFB" "los angeles" "lsan" -118.381147 33.91903 0.0842141378935618 0.0838588292741879 0.190017285583861 0.186623811566488 0.205928688598185 0.211879127984687 0.217845252326908 0.224645228325705 0.224421321418621 0.226066952145988 0.226105586191662 0.226465365949936 0.227761254434782 0.228468804994612 0.230202195022696 0.232579994453869 0.233137883398069 0.235701817394279 0.235748731775946 0.236144549217498
"Luke AFB" "luke" "luke" -112.3585753 33.544783 0 0.0315998253830625 0.0558449831419803 0.0925658670872244 0.103455574299219 0.108901303579049 0.113656230284855 0.11555963272521 0.115037630198171 0.115652365308873 0.115273182547327 0.115143436232317 0.115345319116032 0.115374912884581 0.115646666556652 0.116480045078371 0.116631265516873 0.117510907637693 0.117225858031905 0.11727551083394
"MacDill AFB" "macdill" "mcdl" -82.487858 27.8569134 0 1 1 1 1 1 1 1 1 1 1 1 1 1 1 1 1 1 1 1
"Malmstrom AFB" "malmstrom" "mlms" -111.1790622 47.5042584 0 0.0619468504704676 0.066623856478064 0.0661348909370157 0.0739151842725994 0.0740757148356252 0.0732117637387481 0.0743223289706938 0.0743223289706938 0.075043682875934 0.0739200650209145 0.0729576449360321 0.0733478053594412 0.0732839320377602 0.0733120303458275 0.0736153255192932 0.0732047304097559 0.0739120861802928 0.0738021032054642 0.0736437913386786
"Maxwell AFB" "maxwell" "mxwl" -86.3625491 32.3791554 0.272263260529852 0.16746981321466 0.199357275205128 0.197894153088133 0.214389516147566 0.219151004377258 0.221911612754362 0.225082835914034 0.22334897547606 0.222252104401425 0.221276640423545 0.21747124569758 0.21623231683302 0.214728582553553 0.21461606018787 0.214989682841278 0.213379021302115 0.213653453520371 0.211804449537013 0.210767696554287
"McChord AFB" "mcchord" "mcch" -122.4857321 47.1342432 0.542787681837325 0.310614069567679 0.383422767833623 0.380608752989169 0.430131454711608 0.444364238547869 0.480237091301906 0.495841380920025 0.495841380920025 0.500653893141586 0.500653893141586 0.500653893141586 0.49930690949153 0.500395515084857 0.500193919231037 0.500708694141071 0.501490588877966 0.505023235283004 0.502637434696411 0.499387825424076
"McConnell AFB" "mcconnell" "mccn" -97.2514246 37.631893 0 0.100160096606741 0.109863614941787 0.0888680952836292 0.0931936821902878 0.0915454523265351 0.0925763211955468 0.0938913583740923 0.0924282857697464 0.0922993022290793 0.0910839580616939 0.0901230673751593 0.0900274317066192 0.0895169157732331 0.0896911090780621 0.0902192803573127 0.0900478739723092 0.0905373478057632 0.0901974747593827 0.089972276809588
"McGuire AFB" "mcguire" "mcgr" -74.5844061 40.0351776 0 0.0153906224465187 0.067966775242563 0.0697496163417723 0.0988078318136571 0.0871226448514155 0.0925712828417818 0.0917435976757381 0.0893138196226373 0.0881353697886039 0.0912461252396482 0.105639789274082 0.107084745346674 0.105371707686268 0.10471410302076 0.104786117219459 0.104499409410473 0.105361143658568 0.104974164703831 0.104965276278627
"Minot AFB" "minot" "mint" -101.3386723 48.4157509 0 0 0.048879082170918 0.0485203490065069 0.0542284184183857 0.0507907677850454 0.0495784565080131 0.0511894037009362 0.0511894037009362 0.0473181356049204 0.0466370928475977 0.0466370928475977 0.0449703821373852 0.04412342486115 0.0444827126918233 0.0439412753497115 0.0435420804146435 0.0437759508070256 0.0437889191264096 0.0432531624080636
"Moody AFB" "moody" "mody" -83.193054 30.968611 0 0.117061407285013 0.144500887709915 0.143440367372664 0.160315092929951 0.150946664410955 0.155223343679718 0.156316281987213 0.152615008114157 0.151957219372024 0.143642743462331 0.143642743462331 0.140613538785952 0.141113274357021 0.146054810140339 0.146740994554909 0.146069605448228 0.147564739167291 0.147155333596874 0.147140815054463
"Mountain Home AFB" "mountain home" "mnth" -115.8619784 43.0444129 0 0 0.012061600056205 0.0119730776093044 0.0133816239093023 0.0137461609241906 0.0137173613005537 0.0141630779734369 0.0220020814315603 0.0234323537916638 0.0242462616964003 0.024099024197659 0.0238772217806723 0.0236991548985367 0.0237022693359429 0.0244705704267343 0.0244069606056111 0.0247826550552633 0.0246766349683799 0.0246624308577579
"Nellis AFB" "nellis" "nlls" -115.0508066 36.2414162 0.0990817275470924 0.0830775084034767 0.102551079740583 0.200511129581063 0.217524651263702 0.224722407453307 0.231089329603806 0.238598089114695 0.238598089114695 0.240913862392381 0.239485438657876 0.239485438657876 0.240766150778298 0.241621825209738 0.243589301254404 0.246136932606989 0.246165887561756 0.248930396260758 0.248746638864077 0.248694465486573
"Offutt AFB" "offutt" "offt" -95.9145568 41.1242718 0.0695398580438879 0.0584857671414738 0.0678037229168044 0.0659081240560271 0.0716784849857217 0.0723347459440516 0.0737346359199452 0.0750525003617641 0.0744897854183816 0.0753468472414589 0.0747781625837965 0.0744689112640088 0.0742644732857162 0.074203011194433 0.0744461643216952 0.0747690176573164 0.074803288211194 0.0753173038248017 0.075015148027755 0.0749224921530527
"Otis AFB" "otis" "otis" -71.2808866 42.4877714 0.0537594988308382 0.0451885387046023 0.0586438911227385 0.0580346433464252 0.0647755650548512 0.0667614033482803 0.0685400289330119 0.0706707875985009 0.0705632439063618 0.071199517146893 0.0711475259207348 0.0710847772781768 0.0714133937584895 0.071621613387667 0.072151937655007 0.0728674650085419 0.0730401419723099 0.0738345725837364 0.0738301404679731 0.0739353863537973
"Patrick AFB" "patrick" "ptrc" -80.6075172 28.2394645 0 0 0.676941879910779 0.671973670772692 0.751026530743076 0.77587753419859 0.797859996537552 0.823784771375189 0.7913445053333 0.76822485069244 0.692658918867078 0.678251520990812 0.681878651510713 0.684302024254582 0.681451931688177 0.666362826277281 0.668261700299502 0.675766457770109 0.663952278869522 0.655657107633377
"Peterson AFB" "peterson" "ptrs" -104.6995991 38.8256561 0 0.192693379362961 0.237861179184166 0.236115469369056 0.256116806383498 0.258704720606174 0.262137143613091 0.266489337314698 0.266489337314698 0.267088555268556 0.267534585394407 0.265898841154291 0.265628367282975 0.265087397259804 0.266628854257258 0.266719628743794 0.264417181282028 0.265791222961944 0.264289642738117 0.263809390249475
"Pope AFB" "pope" "pope" -79.0145008 35.1708796 0 0 0.30953341218964 0.256935948003616 0.224350695089888 0.231774320848368 0.238341040536225 0.224233485889021 0.21407335334288 0.231870145728559 0.226665711225472 0.226897485666622 0.22177734543789 0.218686580905774 0.218347187665306 0.218889453237558 0.216201958111722 0.214741201784725 0.215072155381567 0.213036182734412
"Randolph AFB" "randolph" "rndl" -98.2802362 29.5324181 0.0184460415013838 0.0152344858041495 0.0230950912533898 0.023026429821007 0.0257635006270372 0.0266163552211686 0.0273882951975913 0.0282260000577943 0.0281861015648737 0.0284370022311577 0.0284158388883844 0.0284047386850335 0.0287318158604456 0.0288191686511331 0.0290607782423579 0.0293802370845635 0.0294616307137091 0.0297913756673704 0.0298031924830225 0.0298473547807589
"Robins AFB" "robins" "rbns" -83.591719 32.6400014 0 0 0.194375189440012 0.155873838961287 0.174211272852534 0.179975816136197 0.18507496055752 0.178524515523505 0.175774313633926 0.177480335085847 0.17634738276507 0.178811567058685 0.177911516743822 0.175871914718364 0.174945703540452 0.174672084071074 0.173805851341851 0.177394086617544 0.188061434421605 0.188377185837388
"Schriever AFB" "schriever" "schr" -104.5130967 38.7981865 0 0 0.0382966421550588 0.212054604320937 0.237001300405297 0.244843526870327 0.233520006442318 0.208953458672628 0.20913018935945 0.205751141510238 0.193641891996912 0.190135229186395 0.185594540106569 0.19125060572689 0.194896285978141 0.195458167642652 0.192925119734172 0.188056208815274 0.186081519265322 0.183240690052574
"Scott AFB" "scott" "sctt" -89.8551818 38.5426987 0.0247868473316594 0.0219247896517895 0.024750441203442 0.0362663650626772 0.0396084473930442 0.0405268940663672 0.0446062803808662 0.0457198078696059 0.0463466385268428 0.0465920057920012 0.0465213338670947 0.0462381803769683 0.0463086343306347 0.0463534108000012 0.0465731702813326 0.0470543593169311 0.0470789560730471 0.0475909503469043 0.0474423793164301 0.0473890801307869
"Seymour Johnson AFB" "seymour johnson" "symj" -77.9615323 35.340096 0.106492211370348 0.0892910106035444 0.110221042066521 0.109412108235338 0.123407279191055 0.125161425742888 0.128184876346506 0.132391385417461 0.131561468898932 0.135621260007526 0.135337608424025 0.135816975881122 0.136328938184881 0.137232165907543 0.137830588549493 0.139103725564703 0.139288279059541 0.140852523654692 0.140664466640881 0.140794368726663
"Shaw AFB" "shaw" "shaw" -80.4692433 33.9738685 0 0.0915803174710056 0.113046968067761 0.112217294211771 0.0989494825119641 0.0977148716926235 0.124339422091449 0.12837956890311 0.134581295892186 0.134359831027567 0.134076840612983 0.133103976324745 0.132505499248209 0.13179664277613 0.131960451329058 0.133600434694728 0.13368830008967 0.13987510777436 0.139992215157001 0.140218709980572
"Sheppard AFB" "sheppard" "shpp" -98.5068511 33.9720185 0.0838161101505961 0.0526071847294214 0.0649384376083276 0.0644618416867083 0.0672352966970807 0.0676724590130628 0.0688445414475357 0.0710814993644297 0.0704501217173737 0.0701452910516799 0.0696561758386242 0.0688304452969691 0.0684466488907388 0.0681098717570491 0.0683687488903969 0.0686997886422134 0.0684577751854866 0.0685770692707383 0.0684102897014565 0.0682126212461305
"Tinker AFB" "tinker" "tnkr" -97.3874164 35.4175229 0 0.5116018461287 0.631522571223118 0.453701415510512 0.507076117569114 0.471670761118282 0.442050286840571 0.428820958211345 0.389638574074966 0.375696736839459 0.35092538994671 0.34379662900687 0.331579049206944 0.323053070882707 0.319095157076119 0.318240320854934 0.314373383640867 0.312384426998118 0.312253481134113 0.310108386574517
"Travis AFB" "travis" "trvs" -121.9398577 38.2721187 0 0.255645110690487 0.268417343391975 0.237821910361908 0.2880774142926 0.289416629572694 0.302133231237893 0.296780042752415 0.304852470173331 0.307305737584172 0.300031495023166 0.298526011100732 0.299850727318472 0.302287386959451 0.30412157402812 0.306725322889458 0.3072127694638 0.309337853099812 0.308688701017465 0.309206983219673
"Tyndall AFB" "tyndall" "tynd" -85.6075064 30.0800072 0 0.121977863142637 0.113119832550013 0.112289623927306 0.12549968899763 0.129652396095554 0.133325757919686 0.137657896727403 0.135120371234738 0.136431815706643 0.135162736831653 0.135162736831653 0.135295322235224 0.134568749903869 0.13395636922026 0.133912115149959 0.135610043692498 0.134527683469474 0.133809981621349 0.133196820180784
"Air Force Academy" "usafa" "usaf" -104.8617533 38.9983573 0 0 0.266942726749396 0.231699293427508 0.240433183498244 0.246338508057729 0.253317865929727 0.261548894763204 0.250091492627923 0.247671636749738 0.259476327057783 0.259476327057783 0.256455482849654 0.244510929363461 0.244802841866267 0.240347011192563 0.238640618252778 0.2404236670179 0.23611351730386 0.236238060566543
"Vance AFB" "vance" "vanc" -97.917222 36.339444 0.032765477339812 0.0274730193591789 0.0339127623488024 0.0323204178019056 0.036122682047974 0.0365266289524969 0.0358068965567624 0.0364320790237689 0.0359097737049036 0.0359863122135844 0.0359434822687747 0.0352123395712604 0.037318829002652 0.0369483537437856 0.0369951137148196 0.0370989601114356 0.037777211427047 0.0380360763526136 0.0377329736982929 0.0382044927742881
"Vandenberg AFB" "vandenberg" "vndn" -120.5163949 34.7582101 0 0.0360939059549756 0.0630438164254029 0.0625811254999931 0.069943343941158 0.0722577259380925 0.0743049597721973 0.0817494821450269 0.0817494821450269 0.0825429221382748 0.0845870760996471 0.0845870760996471 0.0846093242403915 0.0849100228027927 0.0856014273796413 0.0864967084083867 0.0881575713638264 0.0898829634522683 0.0904134742994437 0.0928266888949214
"Whiteman AFB" "whiteman" "whtm" -93.5605515 38.7289955 0 0 0.0783332530705808 0.0637758385697101 0.0712786063941515 0.0677783144203082 0.0678473091185499 0.070051864077905 0.0650503186892226 0.0641324741696352 0.0873160935933322 0.086625379714126 0.0943534164562563 0.0956474914605783 0.0934154507256975 0.0914237150145196 0.0893445534472225 0.089332094104703 0.0875559958580422 0.0873379368609331
"Wright-Patterson AFB" "wright patterson" "wrgp" -84.0537448 39.8137298 0 0.219243899869074 0.2355835071741 0.210628599291543 0.220966493157301 0.204376176854851 0.200798904101898 0.201689382906902 0.197630057019293 0.195934462283416 0.205297627128467 0.204536006644727 0.202935469264718 0.200845274588851 0.199103651654834 0.199120389111738 0.196687720541073 0.19721921498205 0.19492052982801 0.193317366549574
