"pop" "long" "lat" "miles"
2973 -76.8744279174 38.805378245 0.7882394885352
3188 -76.9034796207 38.7838961592 1.38145248065958
3995 -76.861144307 38.7860836109 1.41083393828697
3405 -76.9055956404 38.8124152605 1.6160014292606
3091 -76.9151904768 38.7929831732 1.71924162861719
3636 -76.893389552 38.7646593683 2.26593911637338
1966 -76.8882312115 38.8301613568 2.34026413760345
4696 -76.9094931804 38.825729805 2.45488498049547
4909 -76.9269313695 38.8083601437 2.47397782404194
2386 -76.8519456626 38.7666195912 2.6825987752158
4103 -76.9218392381 38.7684109272 2.83313411084482
2005 -76.8791651328 38.8374150593 2.83902587255181
4508 -76.8940357304 38.8403943577 3.08633505961218
4432 -76.8690216149 38.7514466465 3.21583455658954
4195 -76.9437209553 38.8066624615 3.31470054090399
3560 -76.9026433179 38.8426816155 3.35358954592574
3825 -76.9392944511 38.7747852264 3.35713973308127
3550 -76.8216038072 38.7828879622 3.47448233136963
3528 -76.9349338985 38.8291255696 3.56857800756547
6308 -76.9494142885 38.7895962538 3.57913928015034
5702 -76.9195054567 38.8401574875 3.584809493803
3079 -76.8907978601 38.8483952332 3.60911716285353
1872 -76.8527912386 38.8432496793 3.63459015672799
3425 -76.9138352157 38.7494790369 3.63905536119628
3644 -76.8884630011 38.7424610223 3.74854839244961
3719 -76.8336100409 38.7559509063 3.89236531780553
4655 -76.8703352246 38.852090108 3.91011110040306
3747 -76.9149767313 38.8478794833 3.93398189884715
1966 -76.9479018647 38.8291462288 4.13469673619914
3737 -76.9586466456 38.8103658922 4.15597907531665
3674 -76.8906489652 38.8571730814 4.21258953334529
3888 -76.8230124721 38.7571652645 4.25387573102172
3411 -76.9633253532 38.7998534062 4.30283006321197
2840 -76.8017185713 38.8024744548 4.43478407630032
4361 -76.9037798991 38.7343275676 4.43728093688747
3855 -76.9504487063 38.8348471529 4.47215536642309
1522 -76.9602777119 38.8231581709 4.52393622219833
2440 -76.9210923517 38.8553511752 4.54286355270468
3695 -76.9089934542 38.8594534322 4.56287911851493
3425 -76.9647771833 38.8159117103 4.57546291329046
5394 -76.8158724608 38.8373715023 4.61736484629988
3363 -76.9439942387 38.8445688279 4.65101116137164
4540 -76.890991823 38.8641276198 4.69343669141278
3689 -76.9625237335 38.8327083101 4.93452954964468
4240 -76.9365823431 38.8553727743 4.97165857184345
2022 -76.9580126094 38.8408494117 5.04732475508845
1783 -76.919735476 38.8650977854 5.12729108117281
5569 -76.9682014877 38.7617522278 5.15601726717332
2763 -76.9558348975 38.8463670036 5.19936377583641
2768 -76.9774687323 38.777395637 5.23000554936952
6376 -76.8611176361 38.8721467108 5.37008247725067
2752 -76.9840042394 38.7869846452 5.45200051697933
4141 -76.8552026261 38.7206459455 5.46783420269507
5101 -76.9054976226 38.8739289798 5.48277049747612
4685 -76.9718409624 38.8367119824 5.50769932288916
5467 -76.9807373251 38.8234451308 5.55594774289374
6175 -76.9848426661 38.8130954749 5.57532431557198
4817 -76.7828593077 38.7781124892 5.5804578644689
3167 -76.9448055369 38.8623275714 5.62054048227332
2406 -76.9302412012 38.8693386226 5.62863450633016
4245 -76.989621112 38.79726152 5.71460692645014
5466 -76.8789817107 38.8807350916 5.83079003788096
3280 -76.9241681217 38.8755556983 5.88741341997085
4044 -76.958541125 38.8591084737 5.91960584445701
3499 -76.9743256391 38.8452803383 5.93886887280473
2859 -76.9743554738 38.8484760392 6.06835098793716
3038 -76.9706771477 38.8526070613 6.08769041413019
4213 -76.7808085115 38.7580800051 6.14923532701253
2905 -76.944543118 38.8718018814 6.15565888945668
3140 -76.9772761087 38.744834626 6.18805697701359
4541 -76.9695500326 38.856639039 6.22370275361301
6239 -76.8300073304 38.8768609391 6.2635237219254
2754 -76.9143660969 38.8840007393 6.27387589012275
3546 -76.9851941867 38.840874616 6.27523251423764
3177 -76.9897486177 38.8340520671 6.28140523192044
3867 -76.9353506749 38.8779381034 6.28379111203543
2813 -76.9964248519 38.8203665107 6.29997319273319
3644 -76.9637868172 38.86609012 6.46662110794207
2795 -76.9250476649 38.884328438 6.47100706940234
3310 -76.9819206109 38.850322662 6.47393880456501
1693 -76.9965537781 38.8307226123 6.53033952674907
4365 -76.998457455 38.8266499317 6.53096082040616
1575 -76.9964205915 38.8338168931 6.60416553800353
2243 -76.9311259484 38.8851475109 6.64336863114123
1851 -76.9211898333 38.8882903796 6.66284750996212
2836 -76.9388103242 38.8827614933 6.66548866121606
2249 -76.9553270902 38.8753391853 6.68221642255914
4895 -76.8876874546 38.8939780029 6.74502400213612
3962 -76.9033567923 38.8937167659 6.80691660783386
2451 -76.9794021167 38.8610033319 6.82154719445265
3398 -77.0053460755 38.7690568914 6.83283812926437
4708 -76.7632954473 38.8279126095 6.83970687949056
2473 -76.9978390821 38.8396658159 6.84095278845566
2507 -77.0045756802 38.827198641 6.85593290782531
2506 -77.0106968525 38.80514139 6.87613683936438
3447 -76.9752464901 38.8660444022 6.89222813876487
5721 -76.9492281782 38.7109392869 6.89703198585066
2587 -76.9850934676 38.8574912083 6.90554296662352
1296 -76.9359224706 38.8878792584 6.91926520981487
3646 -76.9194485028 38.8927730015 6.93219177734484
4470 -76.8264503074 38.8866347865 6.95315194064646
3825 -76.862411071 38.8959279776 6.97070003273069
3063 -76.9895489803 38.8555434761 7.01801221204915
2758 -77.0040900096 38.8358898166 7.04067505811418
5882 -76.7757004838 38.8538913423 7.04108756559007
5187 -76.9475502154 38.8861860567 7.09454975146167
2007 -76.9678493908 38.8773478314 7.20101414166416
4365 -76.9995153306 38.8490002761 7.22391928623825
2425 -76.9869672339 38.8639797914 7.26536989874684
3072 -77.0117456496 38.8291956357 7.26609340610583
3446 -76.9313459219 38.8954097203 7.30767008851425
4355 -76.9799519484 38.8715120138 7.33822352300303
2139 -76.9210155391 38.8985815369 7.34164831501859
2723 -76.8954373076 38.9032828063 7.41247841148202
3373 -76.9479201496 38.8918289944 7.44740892769854
2486 -76.9616719007 38.8855092703 7.4547997574043
3295 -76.8771595627 38.9042690829 7.46147890590942
3482 -76.8071450963 38.886789229 7.48128874148936
2945 -76.9110847923 38.9025830945 7.48435699662545
5049 -76.7444995951 38.8001582375 7.50462140817462
4812 -77.0218755105 38.7816288475 7.52492342358245
3757 -76.9806060743 38.7181833953 7.53191399973833
3293 -76.9413604125 38.8959610973 7.54920099434176
3084 -76.8201096689 38.8946220556 7.59998811023688
3211 -77.0248223344 38.8116017867 7.68253211157179
2414 -76.9967531168 38.8645392923 7.70059246948739
2922 -76.9322074239 38.901537041 7.72143510385312
1962 -76.9583478363 38.893423253 7.81904632872924
2911 -76.9871077749 38.8771300775 7.88551109643208
3670 -76.9712732032 38.8878783659 7.88896712653701
4381 -76.8393324729 38.9052376778 7.8898168088558
2404 -76.8634297531 38.9104921195 7.95852460333192
2084 -76.9814570351 38.8831716446 7.98195521380163
2347 -76.9327993149 38.9056157906 7.99792631440544
3519 -77.0229521733 38.7555261894 8.03081789070002
2627 -76.9166655161 38.9101597439 8.05978691839019
3668 -77.013665486 38.7382819326 8.08820346424721
3012 -77.0230394508 38.8406927835 8.11125895439586
3280 -76.9534210319 38.9013416457 8.16776785033896
1949 -76.9800916448 38.8877345316 8.17454075931676
3607 -76.8605271645 38.6792140864 8.20961860751361
2179 -76.9873472973 38.883613956 8.21739178464145
4631 -76.8733212115 38.9159906376 8.28278271572893
2794 -77.0008719482 38.8751170494 8.33482200996113
3555 -76.7455697962 38.8516313262 8.35983339426841
4337 -76.8914925302 38.9172325469 8.36081298681564
3580 -77.0004773315 38.7161573301 8.40434300330643
2812 -76.995925777 38.8813208959 8.42734866040068
3727 -76.8089244678 38.9036558009 8.43306655965588
1774 -76.9743253127 38.8963874163 8.46160898512622
3031 -76.9827603696 38.8915445901 8.46948347901149
2139 -77.0115274095 38.8686921891 8.51013487023181
3775 -76.9899517041 38.8875975519 8.51515776565676
2445 -76.9444427847 38.91025996 8.52259057783134
1992 -77.0428625385 38.807969548 8.62052743878496
2167 -77.0440680004 38.800372376 8.65361808327808
3822 -76.9804334932 38.8965158987 8.66290219386171
2292 -77.0444134755 38.7922669197 8.67362397545323
1323 -76.8725129622 38.921965812 8.69810651110648
3027 -76.8980521476 38.9221777666 8.72680956953422
3309 -76.9748839379 38.9009358594 8.73718046403067
3715 -77.0180730762 38.8688095714 8.80281623212561
1909 -76.998316516 38.8877088876 8.83014759562199
9339 -76.7703577576 38.8888138603 8.83176276886795
2531 -77.0033902316 38.8837916987 8.83639360105025
3625 -76.8156004952 38.9129215621 8.84648685096256
2784 -76.986642834 38.8961991139 8.85124886180705
2910 -76.9925164533 38.8931984845 8.89602985396576
5606 -77.0448109584 38.8245380424 8.90163682106402
2633 -76.9776712278 38.9041319849 9.00437416376544
4938 -76.8617221222 38.9258718631 9.02512696965483
1679 -77.0509329466 38.8050393339 9.03854297530409
3238 -76.9061275636 38.9268235986 9.09463255871716
3094 -76.9188277192 38.9251864992 9.09999473978608
4893 -77.0516746169 38.8114844292 9.11783263796262
2918 -77.000606602 38.8918301903 9.1206939457189
2149 -76.9910569771 38.8986044964 9.13027381523257
3410 -77.0133644932 38.8818299603 9.1480868455581
3107 -77.0514848234 38.7766341846 9.15480369680545
1934 -76.7172679444 38.8250846611 9.18202516506438
4655 -76.8375284936 38.9245046762 9.19470926140131
2769 -77.0542795485 38.7975368783 9.20047670812127
2206 -76.9966341841 38.8963125896 9.20420666246222
4119 -76.9866483396 38.9039305495 9.2739263737941
3452 -76.9301563669 38.9258102326 9.28795102436167
1489 -76.9911057293 38.901543738 9.28997898122924
4 -77.0414332183 38.8523676491 9.34067236350749
2279 -77.000786472 38.8970341219 9.39055391640881
3079 -76.8820340912 38.9322852893 9.39170817236091
3105 -77.0544033176 38.8235659614 9.39338712593013
4859 -76.9665073955 38.9161181092 9.40076309927629
2412 -76.9812269312 38.910218186 9.46039146086378
2732 -76.9540373303 38.9229644024 9.53343771650898
2640 -77.0497457629 38.7488458331 9.54653576608865
2324 -77.0236879301 38.8824057367 9.60439386295599
2844 -77.0559925198 38.8341095356 9.64718558889946
3539 -76.742260212 38.7097059383 9.706603482042
4199 -77.0616797675 38.8219563045 9.75747010885343
2037 -76.9913488761 38.9104331342 9.78590212550699
5974 -76.9009439569 38.9375303895 9.79863066919516
3933 -77.0033229861 38.903309906 9.80549595056052
3602 -77.0648725456 38.8136720455 9.84196165937344
2998 -77.0149370546 38.8960161459 9.8698467773665
5231 -77.0496827216 38.8570126497 9.87866277422419
3910 -77.0668140482 38.8012357153 9.88109213447039
2709 -76.9468038588 38.9313453423 9.92768733437272
2958 -77.0682208108 38.7952541029 9.95234889434353
1210 -77.0537077294 38.8541761532 9.99583944229598
3408 -77.0313269934 38.7090983391 10.0027117761706
5387 -76.7722171208 38.9122391532 10.0045685487683
3049 -77.0634948982 38.8327355594 10.0130648957083
1700 -77.0693028336 38.7912533753 10.0172065922115
33 -77.0354401841 38.8804700447 10.0315020641371
1738 -76.7109507457 38.8507364174 10.0330223971257
1578 -77.0698054463 38.7887044451 10.0524056695889
1802 -77.0135879253 38.9008622485 10.05555124357
1866 -76.8671973001 38.9418547066 10.0921267510765
3491 -76.8471934085 38.9398237385 10.1051124285276
3411 -77.0704034232 38.7791894602 10.1418720943232
7165 -77.0631336376 38.8407741088 10.1473597679726
2545 -76.8881781162 38.9434157171 10.1642024476974
4109 -77.0534166462 38.8607195675 10.1704015736091
4127 -76.9889614109 38.9187461343 10.1821895557138
3986 -77.0136570452 38.9041376177 10.2218359932486
3763 -77.0699339656 38.7668139461 10.2543285902038
2458 -77.0594046666 38.8536784621 10.2648036427959
4714 -76.8596772046 38.6491355752 10.2766912071542
4305 -76.8181411336 38.9361776095 10.2842559572959
3992 -76.9318883247 38.9408588921 10.3171753689659
2506 -77.0749468066 38.7896071244 10.3260662279978
2830 -77.0249962661 38.8978503005 10.3506607912863
1599 -77.001424539 38.9149484603 10.3621913794085
2609 -76.9052549018 38.9457595087 10.3888818874913
2416 -77.0637650291 38.850381507 10.3983757115432
2909 -77.0763422426 38.8087281215 10.4230921079886
3350 -77.0589558918 38.8615902965 10.4654641875124
2691 -77.0692025775 38.751793443 10.4752639184038
2407 -77.0062655088 38.9140986297 10.4782272092692
3821 -77.0523115168 38.7212973399 10.481738185676
3028 -77.0133051289 38.9097438803 10.4948104549851
5137 -76.913679201 38.9466206619 10.5083338307383
2922 -77.0188887003 38.9062216048 10.5204249487911
4693 -77.0753604734 38.826027466 10.5342810899578
2871 -77.0724663859 38.8364375748 10.5458116705036
6676 -76.9011437829 38.6445728536 10.5531449055757
5282 -76.9351879877 38.6486356141 10.6013971735183
1189 -76.990757749 38.9251344864 10.6041997882921
2134 -77.0111885595 38.9138911596 10.6364626891861
3144 -76.8761285719 38.9505988533 10.6657723773191
2690 -77.0243899862 38.9058871095 10.711475949821
2553 -77.0808718059 38.8166037198 10.7227921337686
4334 -77.0822145753 38.7871252604 10.7267176144449
653 -77.0825153142 38.8041740187 10.7350079884486
2557 -76.9986851013 38.9234069343 10.7446814855434
3593 -76.9219665659 38.9492521863 10.7648520966701
5806 -77.0696502295 38.7392913772 10.7857198469972
3583 -76.9626275111 38.939844242 10.788646804358
4333 -77.0731093712 38.8474735132 10.8029231652588
3143 -76.9864152494 38.9307395399 10.8097672937234
2143 -77.0195321653 38.911749512 10.8227132132399
3456 -77.0656583927 38.862742927 10.8260730642342
5135 -77.0780318752 38.7570085075 10.8341321838274
2621 -77.0318139096 38.9026896063 10.8474069673051
4163 -76.9742315252 38.9367711942 10.8597872265295
3002 -76.9552527859 38.9436012822 10.8808375771119
2582 -77.0055446752 38.9219628321 10.8821767395075
5003 -76.8973886728 38.954438093 10.9488135026116
6021 -77.0293230996 38.9072759262 10.968059216948
2087 -77.0244793962 38.9113284809 10.9836766907318
3198 -77.011472185 38.9204223073 10.9945554302431
2108 -76.9366025482 38.9507551708 11.0438097283547
2797 -77.0814763105 38.8380634958 11.0438240103475
1976 -76.9989499075 38.9287579183 11.056986024433
6143 -76.9895262538 38.6596532464 11.0586194421872
6408 -77.0446118853 38.8973519355 11.1296132312457
7158 -77.08760422 38.7686814195 11.1663246836749
3178 -76.7718348092 38.9324947948 11.1679606674798
2237 -77.0730593244 38.8628009167 11.1903373757155
2 -77.0635351478 38.8773498069 11.1906637286286
5074 -76.8856083954 38.9583169574 11.1925230230851
4752 -77.0687649485 38.7233721204 11.1950606397124
1955 -77.0295047257 38.9119175556 11.2013757274749
5776 -76.8471507679 38.9560930593 11.2115878297591
4636 -76.9138887249 38.957021323 11.2213605426404
2376 -76.9695609508 38.9444865268 11.2330350466193
4811 -76.945521954 38.6412571995 11.2475935729625
4347 -77.0177231812 38.9214998129 11.2655888911578
6077 -77.0341219389 38.9102141365 11.2949551708329
1838 -77.041980301 38.9040003718 11.3158871224246
4446 -76.8152534166 38.9515962351 11.341468128202
3093 -77.0893582862 38.8336562579 11.3822107662635
4572 -77.0275966611 38.9170166532 11.3849554269071
5198 -77.0829697055 38.8511631225 11.3884540272097
4012 -76.9470742502 38.9549803751 11.4814086878994
5111 -76.7294796126 38.9113127028 11.4892684889381
2677 -76.9638402845 38.9505335656 11.4961015554945
5051 -77.0389490536 38.9107719174 11.5094586274814
3283 -76.8800378715 38.9629869582 11.5166744970586
2910 -76.984496592 38.9434700338 11.525603456697
5151 -76.9314670956 38.9589478321 11.527230174379
7001 -77.0888616697 38.7492749471 11.5407340907332
3740 -77.0243465142 38.9223827835 11.5435583268196
3025 -76.9930401937 38.9408876585 11.5953501457462
1572 -77.0975172164 38.8171055196 11.6172357221718
3255 -77.0341477072 38.916804728 11.6177053714931
5306 -77.0833532224 38.8598076601 11.6191797007449
4173 -77.0801151667 38.8661582632 11.632236487827
6756 -77.0539088385 38.9001708354 11.6431016963369
4461 -77.0928834472 38.8405186045 11.6814514607148
3661 -77.099348964 38.7774812543 11.7059304868301
4380 -76.9545007655 38.95664354 11.7154033293992
2036 -77.0108652868 38.9339116011 11.716974118713
4490 -77.1008566184 38.8076555457 11.7357268108461
3342 -77.0388481669 38.9162108143 11.7668890982477
6671 -77.0492669974 38.9076061774 11.7757288513722
3571 -77.0986701113 38.8272423746 11.7841660549389
2734 -77.0394264904 38.6769384155 11.7938156457091
2771 -77.0430610172 38.9134001957 11.7952294211905
4208 -77.0296210588 38.9236742411 11.7984687306388
3879 -76.9774002701 38.9509076175 11.813324097852
4578 -76.9106461902 38.9665202664 11.8491319697883
5814 -77.1036564157 38.7962801338 11.8623111422481
5763 -77.034323961 38.922867262 11.9278670707723
2740 -77.0974135821 38.8411911702 11.9292556606651
5797 -77.0029118291 38.9418668546 11.9313681778035
646 -77.0789116923 38.8780224087 11.937400274893
6763 -76.8834276987 38.9692778907 11.9502230172514
2943 -76.7055072931 38.8995687111 11.9536842845358
4913 -77.021160295 38.9322629658 11.9599957343515
4095 -77.1052319722 38.7857659513 11.9712585989102
2885 -77.0254142701 38.930600358 12.014295882095
3179 -77.0937097922 38.8554099422 12.0319256919172
4614 -77.0391675577 38.9216420984 12.0459369534306
2797 -77.0437383838 38.918105207 12.0465434142718
3405 -76.8365502159 38.9672210047 12.0769675121618
3398 -77.029956419 38.9288706104 12.0804037810197
4900 -76.9382857799 38.6268048804 12.104826736633
2324 -77.0748687238 38.8893277165 12.1398975392554
2940 -76.9948912153 38.9491976174 12.1426561410996
4272 -77.1077815297 38.8154543743 12.1538434590581
1764 -77.0982291956 38.8510401622 12.1646242756091
4890 -77.06079788 38.9060811836 12.1873287526831
3519 -77.0891275459 38.8706279493 12.2022619757454
4965 -77.0740132209 38.8927909437 12.22937337471
5071 -76.9617651571 38.9626507856 12.2379055947371
5500 -76.858742769 38.9724043101 12.2400374082904
3160 -77.0873818604 38.7184640279 12.2455482022491
3209 -76.6771804939 38.7228339337 12.2467727968729
6342 -77.0986777975 38.739422968 12.2525490171286
2708 -77.0520242018 38.915652085 12.2553839905211
5766 -77.105430833 38.8367559357 12.2742824946632
4277 -77.0346423669 38.9294299397 12.2754967665556
3745 -77.0465325581 38.9207484285 12.2818628725111
1234 -77.1031239866 38.8465598761 12.3254398307273
2613 -76.9270230497 38.9716402327 12.3369510081045
3962 -77.0298927339 38.9338409554 12.3406359570435
3664 -76.9734449063 38.9611936718 12.375329614488
2974 -77.0165580299 38.942587995 12.383287747504
4118 -76.8566307738 38.6186448616 12.3902233185897
4979 -76.9576634386 38.6269206778 12.3937249857377
3526 -77.0748844612 38.8961902012 12.3977676743573
4474 -77.0439455736 38.9254780401 12.4154300502492
4672 -76.7825246775 38.957851859 12.4170686001384
4191 -76.7247493904 38.9266431118 12.4197396377108
3882 -77.0886449749 38.8789558037 12.431560644
5485 -76.6526606358 38.7962637743 12.4518502506242
4166 -77.0813698576 38.8898565829 12.4574423083742
3383 -77.1020786583 38.8558744249 12.4677301421612
3290 -76.9984959357 38.953807963 12.5157377440447
3618 -77.0223906255 38.9417776877 12.522515023929
3690 -77.1103467913 38.7566534027 12.5335398548427
3843 -76.7414910737 38.9402072501 12.545501264707
3773 -77.0345062379 38.9349447025 12.5587973728396
5223 -76.9835912906 38.960663651 12.5657854930806
5425 -77.0696123168 38.9061857706 12.5670224204447
5226 -77.0418155775 38.9301855498 12.573203891127
5973 -77.0301274933 38.9390566904 12.6281630215411
3777 -77.113302366 38.8327209721 12.6299000062642
6072 -77.0868414597 38.8878633388 12.6411245788017
3913 -77.1030416499 38.8615808575 12.6512753769142
3087 -77.0138655961 38.948846606 12.657894010966
2123 -76.9553007016 38.9710364321 12.673780235674
4222 -77.1168077953 38.8200779283 12.6744119101711
3103 -77.1164196538 38.8261144319 12.7136586732298
1580 -77.0838099558 38.8940386828 12.7207983730755
3468 -77.119411056 38.808072769 12.7357090928665
3176 -77.113831638 38.8382548989 12.7386494831073
5830 -76.9050166571 38.6130365186 12.7446011655239
3376 -77.0517233102 38.9265649356 12.7632052003007
1313 -77.0805614418 38.8994752559 12.7781361728437
1489 -76.997768165 38.9584961598 12.7796640538019
5233 -77.0416636165 38.9344591227 12.7865426625388
3411 -76.9459987139 38.9751177552 12.8025282993635
2662 -77.0926128182 38.8853433005 12.8271448825063
6390 -77.1111867491 38.8511945148 12.8334747792959
4546 -77.1078747863 38.7343122536 12.8376542794332
2755 -77.0979777817 38.8779152647 12.8488353366463
1464 -77.105412627 38.8663834799 12.8912130528325
5522 -77.1038749293 38.7239316787 12.8976449331012
2936 -77.1157028651 38.8427671612 12.9102917267912
3916 -77.0748412671 38.9093332379 12.9228421974423
6808 -76.8093045196 38.9741883642 12.9250160850912
1364 -77.1236435266 38.8027844514 12.9465092101614
3755 -76.8956472517 38.9835999796 12.95710021732
3442 -77.0232841817 38.9491325847 12.961944883441
2554 -77.0317380757 38.9446449676 12.9851466355988
2695 -77.1227573839 38.769755548 13.0267066573756
5146 -76.8580055349 38.9842415461 13.0583675204552
3963 -77.1224503021 38.8284740623 13.0609983598955
4648 -77.0142264732 38.9557758796 13.0698637008202
4370 -77.1066112836 38.8719187127 13.0983789175079
4720 -77.1259662486 38.8154055755 13.1284724117971
4054 -77.1156410696 38.7385307834 13.1406992912227
3272 -76.8433144959 38.9839207621 13.143555419342
3189 -77.0595678951 38.9283588977 13.1519970283532
1918 -76.7221261514 38.9393838147 13.1649848171819
2630 -77.0052020493 38.9619151639 13.1816137031463
1455 -77.0658894425 38.9238880201 13.1911049338243
4261 -76.9605513671 38.9776592588 13.1968182655989
7101 -77.0961933776 38.8914240115 13.200444112989
4270 -76.9954334015 38.9663978921 13.2035278607907
1334 -77.1050364228 38.8786058914 13.2121646078184
4175 -76.9744203218 38.9742192738 13.2285391086212
5416 -76.7559402115 38.9599716931 13.2330801460691
3566 -76.7297096649 38.9456824544 13.2353196022492
3085 -77.1283068485 38.7801154681 13.2414654545275
2637 -77.1293056898 38.7918389483 13.2494757951884
5332 -76.8727115015 38.9878722586 13.2494903740327
6233 -77.0756579559 38.917554156 13.307685731967
4429 -77.1264469261 38.8333990292 13.3338777343775
7575 -77.1183679386 38.857823973 13.3418146461118
4255 -77.1050993446 38.8829114642 13.3455806371479
6635 -76.9917967772 38.6229271653 13.3522997233762
6744 -77.1311106004 38.8077504054 13.3639348633467
5309 -77.0241182694 38.9559146745 13.371966136902
4401 -76.9678110348 38.9784825385 13.3782276784082
2166 -77.0425049465 38.9452900277 13.3834499298079
3820 -76.9888309139 38.9718500194 13.3858858840987
2248 -77.1106104817 38.8753957959 13.3922270053935
4425 -76.8842700293 38.6029162557 13.3922820227292
3813 -77.0310745765 38.9524877405 13.395895659233
3714 -76.8288901035 38.9861620961 13.4451020707677
3914 -76.9137123597 38.9895221091 13.4484842086345
5185 -77.1266364391 38.840673422 13.448522523334
2869 -77.0876899495 38.9106216492 13.5327306401237
5609 -77.1105081598 38.8806135099 13.53789888518
2903 -76.642289711 38.7417409347 13.5562901006679
1969 -77.0155860239 38.9639605254 13.5884191699797
4482 -77.1359986411 38.8116744129 13.6447924291919
6857 -77.0560977315 38.9411540083 13.6520545882087
3364 -77.0778057164 38.9241062478 13.6852406474416
4288 -77.1270247594 38.8534353083 13.6949725903746
7151 -77.1356940964 38.8225572371 13.7058640754508
3628 -76.9818253797 38.9796965772 13.7298089933367
4873 -76.9000709216 38.5976777973 13.7832210912315
4805 -77.1356879041 38.7633689991 13.7844067913212
2712 -77.1124099568 38.8857316812 13.7849115790802
1926 -77.1319749158 38.7490493507 13.7901108381076
2266 -77.1246718159 38.8636303199 13.7937656258022
4539 -77.0664861806 38.9362888339 13.80114447482
2810 -76.9983815768 38.975078044 13.8107631495298
8465 -76.9528284464 38.6041091276 13.8240872034012
1941 -77.1400729386 38.793647126 13.8272738560661
3076 -77.1085859158 38.8936083399 13.8561237886531
4016 -77.0236172258 38.9646847852 13.8614847726713
2676 -76.7307122153 38.9581071719 13.8832326047709
4620 -77.0766673083 38.9295464371 13.88461716763
5539 -77.1339554717 38.8440097834 13.8854402444106
2340 -77.0359236909 38.9593550466 13.9332199807524
3948 -77.1416165888 38.8099157489 13.938314893014
1225 -77.1180893455 38.8816829992 13.9388698157522
15934 -76.9454957594 38.9922239081 13.9412412973541
6091 -77.1228443736 38.8738144283 13.9546606246885
3734 -77.1156046743 38.7061789262 13.9879126305141
5862 -77.126513597 38.7239058158 14.0311220440543
2644 -77.0161049431 38.9717897639 14.0668469826936
5678 -76.9253210414 38.595260308 14.1026349054129
5572 -77.1438579737 38.773374559 14.1229502084276
4906 -76.9273712906 38.9978599226 14.125044171524
3400 -77.0072473197 38.9766459416 14.1263695505251
4232 -76.8801252016 39.0011083189 14.1532899398911
4480 -77.0304207496 38.9670988232 14.2024334270216
3698 -76.902684473 39.0014707692 14.2141839986084
3154 -76.9911837743 38.9844986133 14.234318529322
6709 -77.0908469507 38.9244294214 14.2431710926389
6362 -76.7738203812 38.983875329 14.2447616730952
3672 -77.1476364197 38.7876536159 14.2474222449094
6047 -77.138949575 38.8502336177 14.2526361612862
3955 -77.0545900483 38.9538445787 14.254737650733
3053 -76.8579848479 39.0016834863 14.2587949937649
2475 -77.1450956279 38.7625723028 14.2939218293844
3395 -77.1446927726 38.8333270318 14.2994843590036
4918 -76.9807342886 38.9893521259 14.3268357860342
5149 -77.1205759465 38.8907121071 14.3325912056344
4305 -77.1138592635 38.9018017495 14.3831697491324
3442 -77.0788748957 38.9384239862 14.3852063605153
3502 -77.1061751489 38.9115734255 14.389598079196
5008 -77.0705200129 38.9462172299 14.4407629395341
5130 -77.1511488197 38.8145098174 14.4744594893371
6201 -76.9845096511 38.9904930849 14.475364671386
6143 -76.9783466422 38.9924324144 14.4796122667739
3514 -77.0397324779 38.9670573948 14.4851574201719
3623 -76.9101566514 39.0053487422 14.5157915451672
3366 -76.9684532292 38.9957738438 14.5199033123554
7906 -76.6408594624 38.889571455 14.5775020189033
6116 -77.1545583284 38.8017620108 14.6104654816341
3187 -77.0271803853 38.9761722719 14.6348584849357
4947 -77.0128500833 38.9829618541 14.6538452564959
5440 -77.0896062888 38.6576495429 14.6913240702757
3537 -77.1382870316 38.8729348984 14.7048050403181
2803 -77.1471317438 38.85256912 14.7202878328922
6037 -77.1436804914 38.8639351513 14.7689688448386
4092 -77.1323312787 38.8867480754 14.7819674658805
2417 -77.0025612261 38.9895459393 14.8082624115912
1525 -77.128130486 38.8946402746 14.8184258235693
6215 -77.1560999712 38.8261875606 14.8292422777704
2663 -77.1573081248 38.7708779546 14.8636200485166
2998 -77.0630893626 38.9606121378 14.9075300250661
5400 -76.9932974832 38.9951655488 14.9557734201926
3296 -77.1562315707 38.7567434977 14.9560869031452
3053 -77.0000018938 38.9931241998 14.9735816613256
4921 -76.743797681 38.9838200682 14.984666865918
4660 -76.7177979479 38.9712566918 15.0275649308848
6083 -76.6469078701 38.6811082057 15.0620848374533
3218 -77.1465679414 38.8704457844 15.0629439137125
4134 -76.9194927997 39.0128666251 15.0894236899277
2092 -77.1073810628 38.9278252713 15.0912860278978
4158 -77.1647183078 38.7869788839 15.1696266009527
3289 -76.9428917903 39.0118181998 15.230747363486
2516 -77.0122013266 38.9927643741 15.2378942352152
7175 -77.1004860385 38.9381031578 15.242497697903
3078 -77.1411573521 38.8882368671 15.2567593016288
4779 -77.0776645991 38.9572431326 15.2574453790553
7436 -77.0884664934 38.9489604664 15.2606473485365
2307 -77.1612534212 38.8419508077 15.2891292105645
3600 -76.97853834 39.0048981809 15.2929742928064
1698 -76.7292485469 38.611026855 15.2999624167105
5911 -77.0540578083 38.9735518917 15.3028247472906
2397 -77.1559043317 38.8614659647 15.3447461791476
2820 -76.9745772794 39.0069127938 15.3550545661194
4506 -77.0178028501 38.992987732 15.3908740154579
3078 -77.0706080733 38.965306687 15.4173531752744
3957 -77.0379201724 38.9846397245 15.4384434830837
2216 -77.1552946642 38.7257424177 15.4497361099843
1699 -77.162259994 38.8509043474 15.4800434891907
3720 -77.0041534165 39.0002049318 15.5118268927823
3873 -77.1713256716 38.8065430477 15.524861158651
3676 -76.9630121001 39.0122981519 15.5257631696218
6213 -77.1277556456 38.9168317173 15.5625905601478
4987 -77.0271362605 38.9921968246 15.5854999366364
3683 -76.7507667837 38.9982466668 15.6804195839201
5261 -77.1662762243 38.7406935778 15.7257301007953
5159 -77.1525033427 38.8853298766 15.7354157026694
6019 -77.1421500725 38.9038658331 15.7828941882942
3931 -77.0337718962 38.9930205266 15.8145753252941
5720 -76.9942381072 39.0086456972 15.8355432922589
4947 -77.1749163369 38.7656841772 15.8516087519659
1938 -76.9761681818 39.0149071616 15.9066905760495
3925 -77.0903144659 38.9609116356 15.9119571612309
5683 -77.1730891928 38.7515469966 15.9174269297492
6162 -76.9846462974 39.0128061525 15.9188217593128
2831 -77.1756197554 38.8322860831 15.931288863071
1895 -77.0794643041 38.969681993 15.9586184097159
5739 -77.036877264 38.5984164397 16.0074196749012
4252 -76.8137246358 39.0217094861 16.025058353349
3997 -77.1619403359 38.8788881289 16.0417397792144
4864 -77.1797695972 38.8204729212 16.0487662628055
2631 -77.1700678145 38.8621141045 16.0886084139604
2835 -77.100214069 38.9569187375 16.0979368918069
2493 -77.0913662599 38.9644277523 16.1257223140611
4338 -77.0065909403 39.0093705161 16.1430834276254
2532 -76.7266096736 38.9955757244 16.1570858835454
4482 -77.043026123 38.9954895973 16.2195395923127
3270 -77.0652399935 38.9838680349 16.2346085617692
6634 -76.7685201485 39.013663888 16.2483444139535
4672 -77.1580911908 38.8957271066 16.3014923689373
5367 -76.8993242592 38.5609304499 16.3185683768633
1928 -76.9593808399 39.024982631 16.3210565961681
3873 -76.5863485405 38.7518742183 16.3266007508781
4457 -77.1126582673 38.9518751709 16.358961371328
7048 -77.1872374801 38.7876229692 16.3808878443393
2711 -77.1821791476 38.8424973029 16.4017026157997
5192 -77.0277756266 39.0056362993 16.4152538804344
5280 -77.1567347999 38.6918761403 16.4166582611131
3253 -77.1383725279 38.9275393643 16.4441844597547
4026 -77.0186889586 39.0098028266 16.4476804886389
4806 -77.1743634612 38.8739375718 16.555752876945
2824 -77.0836351902 38.9786284541 16.5728228281179
5858 -76.9286816364 39.034493827 16.6390771929407
1688 -77.1846889274 38.8518930543 16.6705962575977
3016 -77.1814043389 38.8637610188 16.7067728923135
4977 -76.9084089705 39.0374530365 16.7194099530174
6848 -77.0548783009 38.9997012887 16.8086716827278
5729 -76.8842618778 39.039555746 16.8116065075952
3993 -77.1018518993 38.9704335278 16.8167059728922
4620 -77.0431313683 39.0060072429 16.843869328931
8219 -77.194100758 38.767897665 16.8583425388176
3197 -77.0036080937 39.0223835522 16.9058795285737
7093 -77.1981655428 38.8051071517 16.9668322308271
3149 -77.1974679371 38.8181485235 16.983301870779
3326 -77.0964198189 38.9779253902 16.9922564228021
3764 -76.9464274454 39.0375934492 17.0149304529517
2909 -77.1759827173 38.889778702 17.0210455186845
7263 -77.1658435911 38.9071988034 17.0219905585059
3321 -77.1942222155 38.8411595177 17.0220290360215
1755 -77.021554662 39.0184410398 17.0521227431906
6771 -76.9914184139 39.0287471541 17.0795219824799
6269 -76.9767110127 39.0331112427 17.1154738742192
5090 -77.0706758058 38.9967532314 17.1245332020709
4614 -77.1156827689 38.9658079307 17.1252016487944
8176 -76.7698892032 38.5653871537 17.1273081062528
1508 -77.0936066439 38.9834044497 17.1736525430946
2729 -77.2031255779 38.7862009867 17.2408890213716
4169 -76.6907432599 38.9956748317 17.2514831532809
5426 -77.1844486315 38.8848352962 17.3209729477417
1865 -77.0933793323 38.9865064144 17.3276070993825
10 -77.2003362549 38.7518106486 17.3575809376854
4608 -77.1914558618 38.8712355813 17.3735563747805
1690 -77.2071162235 38.7968780222 17.4399759987182
4639 -77.1958071636 38.8630238657 17.4401078873904
5423 -76.6470574248 38.9687400797 17.4409933968404
4399 -77.2033651557 38.8370820577 17.4597877750334
3439 -77.1937559924 38.7222221196 17.5001280475661
4372 -77.0220648593 39.0264182563 17.5619862706152
2241 -77.2004501511 38.7377534116 17.5645419437836
2957 -77.038105505 39.0203241468 17.5730401216602
4843 -77.1570127928 38.9353244865 17.5783750792049
3953 -76.9460809876 39.0460894161 17.5876879884115
3989 -76.8310699388 39.0479271984 17.6191557379906
6767 -77.2091587445 38.8220454127 17.6355854203635
2780 -77.0982003531 38.9904194297 17.7018713264847
2583 -77.0865076275 38.5952015394 17.7172882905529
5392 -77.1707741967 38.9219941046 17.7359372707357
3858 -77.1073691504 38.9850337911 17.7527873420071
3282 -77.0147676114 39.0322468251 17.7681193064811
3575 -76.567556367 38.8707417561 17.7881126601455
4465 -77.0911996911 38.9977772874 17.8518711082897
2106 -77.1869518648 38.9010548648 17.8693118039121
5322 -76.6922315132 39.0083734724 17.9139849513817
3687 -76.9777519984 39.0449779804 17.917633725733
4023 -77.2071093598 38.8570673238 17.9282912359025
1347 -76.9632739687 39.0484530161 17.9464251269483
3647 -77.1975821018 38.8848724221 17.9857123577244
4 -77.1501418604 38.9535232125 17.9984521231331
6799 -77.0519589054 39.0214232756 18.0035409552298
3659 -77.2152998345 38.8297309542 18.0240315845616
2779 -77.213279985 38.8432814032 18.0585218159437
4882 -77.2178011237 38.8220081299 18.0989021957532
5325 -77.2174829649 38.7691210558 18.1018461800219
7641 -76.8565934879 39.0578922541 18.138396916238
4547 -77.1223847869 38.9817783197 18.1515348094485
6003 -77.1444813501 38.96366618 18.1931537599243
7052 -76.6406774695 38.6141345581 18.1978405702434
5442 -77.2077642339 38.8715380947 18.2203172365858
4661 -77.0740983016 39.0156461801 18.2996511192508
7185 -77.039821897 39.0322152336 18.3436511981927
9244 -76.9543173402 38.5370987789 18.3467211665904
4325 -77.2139821281 38.7320929853 18.3670910784906
4452 -77.2240535333 38.782786345 18.3794631466038
4197 -77.2248001469 38.7892613491 18.4011657875423
2988 -77.1858505015 38.9208796122 18.4123794046759
4696 -76.5420194811 38.7926551522 18.4191377118013
3210 -77.2195011444 38.7476729956 18.4263541972906
3495 -77.2093915414 38.8803843945 18.4861466135695
1803 -77.2052053979 38.890967311 18.5163544848425
2732 -77.1611883196 38.9550549505 18.5386643102625
6907 -76.9503847649 39.0609947817 18.6439542502426
6674 -77.2112313094 38.7105404072 18.6464510568924
9644 -76.71596325 39.0332341594 18.6962495666355
5079 -77.1177958363 38.9970081663 18.7420255102102
6477 -77.198777953 38.9121190789 18.7656362129774
6799 -77.2320122733 38.8028632371 18.7864852270467
6372 -76.6697754569 39.0112739838 18.793543753275
4164 -77.1422881956 38.9789587884 18.7943019185056
6260 -76.9239750947 39.0666607275 18.8122229868737
5301 -77.0187813124 39.047404826 18.8171477672098
6082 -76.5364435452 38.8250521029 18.817347472245
3887 -77.2091111692 38.8962941169 18.8445894826328
2919 -77.0628324952 39.0308136888 18.859931744362
9732 -76.5561802025 38.7008549018 18.8639084111354
2634 -76.8638398054 39.0688953911 18.8711501372467
4523 -76.6837811562 39.0210384388 18.8922055892728
4283 -77.2321531951 38.7684635325 18.8934365987462
2665 -77.2289366712 38.8436830639 18.8940112703955
3932 -76.5779064061 38.6633148911 18.8961632759779
5164 -77.1019699661 39.0104266843 18.8967793960426
2213 -77.0737399116 39.0264571592 18.9128537092669
5526 -77.0386291456 39.0421764927 18.9300727515722
2690 -76.8513182421 39.0699767541 18.9956099016324
2943 -77.0540820603 39.037062079 19.0005943132038
4986 -77.0059621782 39.0545946739 19.0270959830357
5403 -77.1827407449 38.9450959799 19.1083113168955
2233 -77.2270336825 38.8669995859 19.1360852727969
4151 -76.580244511 38.9405804202 19.1383943704213
3985 -77.2109753076 38.9044081176 19.148830299077
4783 -77.2334113022 38.7483010982 19.1566131630606
6949 -76.9902493516 39.0611670105 19.184564189248
3835 -77.0898970288 39.0228988925 19.196023374864
3279 -76.9984355904 38.5332833777 19.235886183259
2005 -77.1884466817 38.6518457804 19.2551208123502
3931 -77.1190969814 39.0065434516 19.2806351117455
3307 -76.9467797355 39.0710179877 19.2895988320726
4743 -77.0515287123 38.5498551523 19.3224036457842
2676 -77.1945214051 38.9360394716 19.326723139868
1510 -77.1049755042 39.0165643993 19.3300273251177
4603 -77.2311684654 38.7277592673 19.3397592439125
5874 -77.2407415362 38.8287921706 19.3774647088299
4046 -76.8487692331 38.5175275845 19.3904884651724
2882 -76.855278945 39.0769012546 19.4547658099554
4203 -77.2445374579 38.7836222735 19.4796568327534
6101 -77.2182256344 38.6905275066 19.4844304127078
5815 -77.2374283103 38.8546601874 19.4859423971046
3916 -77.22965417 38.8788187945 19.4940524902018
4593 -77.2051397125 38.9261142619 19.500327388151
4226 -77.1414197646 38.9955460768 19.5488370502722
4199 -76.8801771273 39.0793114927 19.5624893556889
5151 -77.2454312551 38.822075306 19.5820936920207
4749 -77.1452453047 38.6002798099 19.5895794914898
4234 -77.2450320293 38.7665205293 19.5983918883543
5596 -76.9383833274 39.0770452145 19.6272337528574
7465 -76.9664649449 39.0728931531 19.6303738254465
3330 -77.2401862639 38.738537612 19.6444975729719
3164 -77.2136825427 38.9173666917 19.6460676270172
2940 -76.8406058377 39.0786209403 19.650645477793
4640 -77.0693864874 39.041539284 19.6776603287079
5646 -77.036902447 39.055263419 19.7073309261239
4040 -77.056324743 39.0485783825 19.75809851696
6708 -77.2266015057 38.9003468217 19.8237568825819
2929 -77.0802723761 39.0389777758 19.8317210544873
2793 -77.0983811517 39.0295568591 19.8358242623527
3849 -77.2345273954 38.8881874828 19.9406509207533
3086 -77.1142120362 39.0225124229 19.9606312584019
2901 -77.2532214501 38.8143795249 19.9613920861203
3394 -77.2391215613 38.7150817277 19.9867390639514
6962 -76.6666088208 39.0316679127 20.0253538875916
2677 -77.1363048454 39.0090716885 20.0297526902542
2192 -77.2543989987 38.7768956564 20.0378958276581
2570 -76.9438075563 39.0829658011 20.0772124651278
4355 -76.8613358288 39.0867047308 20.1088169694816
5417 -77.2527987564 38.7554148622 20.1105994236356
4001 -76.8499231672 39.0865323141 20.1428804901019
3187 -77.2581078374 38.7994354743 20.1896530984809
4175 -77.0623793697 39.0532721788 20.1981891826457
3399 -77.2592211778 38.7907791077 20.2537907176331
3558 -76.5469836402 38.666965452 20.2558570850991
4393 -77.1130112491 39.0286933175 20.2574334052165
1730 -76.7626522439 39.0748634394 20.324439992742
7508 -76.5510994265 38.9354951705 20.3266589845901
2971 -77.2232994124 38.9247337599 20.332265298671
2726 -77.099562828 39.0383673941 20.370017907116
3592 -77.1341411463 39.0177802574 20.3982976955822
2782 -76.6333024612 39.0180269845 20.4042856496197
4614 -76.9373633214 39.0890535368 20.4409877345795
3240 -77.0700748194 39.0548030134 20.4908814528438
2599 -77.2346209973 38.9109330089 20.4971893747352
7135 -77.2571389074 38.8525969392 20.4992470313151
5518 -77.2402279561 38.692193775 20.5481233975878
6594 -77.2539727807 38.8689472809 20.5752588855105
7499 -76.9839329345 39.0845978032 20.6451394633832
2651 -76.879789684 39.0950874566 20.6539164342861
4592 -77.2150660949 38.9470767753 20.665748117952
3683 -77.0624231688 39.0615909785 20.7068220733535
3559 -76.8603909678 39.0957114946 20.7337672657803
4914 -77.2681743451 38.782568445 20.7562416475344
3216 -77.2686431419 38.808248868 20.7711797471244
5458 -77.1148900267 39.036973869 20.7744832578333
4932 -77.266789982 38.7639294129 20.784477803132
3528 -77.2535308779 38.8845519187 20.8395135394004
4950 -76.5914716599 38.9945890091 20.8593247167457
2178 -76.8401151959 39.0966905002 20.8953018962179
6640 -77.0881621529 39.0533212205 20.8975229741745
6012 -77.0966591593 39.0492975373 20.9088086068625
2714 -77.1592486169 39.0096336843 20.9155219963015
6809 -76.8003524276 39.0922654406 20.942490737991
3818 -76.8657092115 39.0989570007 20.9427472290465
4949 -77.0142236991 39.082004636 20.9607561095797
5893 -76.7150731488 39.0699321094 20.9750082074106
2054 -77.2354819076 38.9275731104 21.0083543151535
6844 -77.2669959509 38.7406120631 21.0349075497094
3034 -77.250423869 38.9020582007 21.0655934829304
6237 -77.2614308765 38.8750233376 21.0688183757942
7692 -77.0363677265 39.0779988469 21.134163684897
8298 -76.516487193 38.9047607038 21.1479413480953
5569 -77.0798302574 39.0616329766 21.1608364038837
4065 -77.2641740315 38.7208147914 21.1844584703473
3442 -77.0547545498 39.0724936184 21.1946814611017
4252 -76.8992275387 39.1029083117 21.2104915026218
4942 -77.2757428192 38.8294967591 21.2576450239437
4361 -76.9514673837 39.099269172 21.2577904483268
4061 -77.2782514964 38.8005965336 21.2763022678797
3805 -77.0691575186 39.0695117193 21.3602116670361
3539 -77.2785640695 38.7671798718 21.3927675258677
4157 -77.1144822291 39.0490651712 21.4366497153555
3465 -76.8753125061 39.1066316082 21.4560940080388
2763 -76.8569718588 39.1061023482 21.4627708449178
4294 -77.2632150272 38.8926724613 21.5049800605431
3130 -77.1498106054 39.0285838962 21.5163375780159
6049 -76.5602092887 38.9792874523 21.5190808313372
5602 -77.1911477 38.9961335001 21.5581596353956
6950 -76.6940627337 39.072177979 21.6248274078758
7568 -76.9194208903 39.1082913935 21.6520352138625
6370 -77.1359238311 39.0403993647 21.655747421717
4535 -77.2853717455 38.7925865558 21.6612153437848
5048 -77.2856244385 38.8168657516 21.7150913287718
2387 -77.2583627317 38.9127766498 21.7291968323246
4882 -77.2521478258 38.925399431 21.7598247061987
5938 -76.5668338181 38.6016130196 21.7775210806215
5470 -77.281986826 38.8515679914 21.8032073895928
2050 -77.2506245974 38.6643112744 21.8136104582324
4273 -77.0816638487 39.0731240357 21.9007209590057
4997 -77.2898308842 38.7801393222 21.9311178547734
3074 -77.0542609589 39.0845571858 21.9378307901594
4396 -76.6566761122 39.0602272774 21.9522292431288
2737 -77.119672728 39.0556688557 21.9704874671082
6669 -76.5317178237 38.9575651616 21.9823874803591
3026 -77.1662041109 39.0262041932 21.9946535167215
3121 -77.1091219002 39.0618695179 22.0033877999087
4765 -77.093560766 39.0701167817 22.0404641794626
9284 -76.8074412506 39.1106491761 22.1124285102285
3107 -77.2373817575 38.63497669 22.1228834149388
5615 -76.8561593949 39.1160081393 22.1493696660799
3708 -77.2844356864 38.8701122695 22.1891115981972
6380 -77.2812369467 38.8817430113 22.2194663714952
4176 -77.2959113748 38.8080411475 22.2396064786295
6713 -77.0668760495 39.0849491332 22.2547061364355
2444 -77.2746906915 38.90210192 22.2974679691109
2695 -76.6282582124 38.5430618016 22.3070630159463
2536 -77.2990064737 38.7914548653 22.3975193219199
1986 -77.1566164462 38.5527417612 22.3987298300159
3922 -77.131041763 39.0573088982 22.420879315596
5674 -77.0148081546 39.1042939855 22.4288539789489
4579 -77.1883708448 39.0184599893 22.4672361743768
2691 -77.3000126141 38.818354958 22.4955474631634
3418 -77.2756225571 38.6852176469 22.5075777893786
3476 -77.298400136 38.8401565664 22.5573125384494
1370 -77.2905037711 38.874470342 22.5769287575996
5503 -76.8445941858 39.1216270517 22.5865048160607
2939 -77.3029508734 38.803235918 22.6103401042515
4775 -77.2951998508 38.8605152598 22.6162522097355
2830 -77.272458487 38.9201417534 22.6229532197642
5629 -76.5041117853 38.9371729854 22.6376113768745
3764 -77.266617111 38.6624362005 22.6530308807409
4273 -77.2626435751 38.6546878991 22.6851877237927
3950 -76.6931855692 39.0898783532 22.7324646561616
7656 -77.2725688151 38.6698398218 22.7432379523957
5887 -77.0759970146 39.0895098516 22.7567702719656
3977 -76.8323441358 39.1231985556 22.7651506080874
7356 -77.0939766433 39.0826647964 22.8007269318024
4975 -77.0556454744 39.0982650527 22.8322082900751
7906 -77.3049745572 38.8317713499 22.8406480702308
7386 -77.2578642373 38.6416140314 22.8641901329738
3518 -77.3082438279 38.789460562 22.8983275244536
2578 -77.1298369046 39.0674115723 22.9488622043297
5330 -77.2237942045 38.9966127202 22.9554688895149
5290 -77.1762776862 39.0386735122 22.9926288950252
6301 -76.9727949098 39.1221750341 23.0315603054357
6306 -77.1242742615 39.0723675496 23.0599751928679
6366 -77.1654015968 39.0479908232 23.0768550002697
3596 -77.0702919486 39.0972117943 23.097176262276
7336 -77.2928358407 38.8986786191 23.1503912779439
5143 -77.0438101401 39.1077666097 23.1902982186703
4145 -76.8881788496 39.1321639107 23.2188782762051
2761 -77.3036878713 38.7222437121 23.23339626429
7105 -77.2588334854 38.9637632445 23.2820519325198
5222 -76.5162382645 38.9749781078 23.3174944769672
10161 -76.7124490306 39.1062956483 23.3229871663061
4569 -77.3162148655 38.8114788984 23.3422173381592
6265 -77.2948027709 38.6913775065 23.345525811734
4636 -77.1194234485 39.0801748468 23.3656793916324
1775 -77.3080908785 38.8670085667 23.3863604621154
5167 -77.3066805466 38.8727676895 23.3977079439712
6442 -76.5028384483 38.9607500445 23.4419566659655
4286 -77.2734062288 38.947591017 23.4488303199297
787 -77.2026376817 38.5664591548 23.452121028114
3430 -77.3186664947 38.7945497878 23.454611769882
5421 -77.1468300966 39.066840538 23.4571456039957
2974 -76.574198283 38.5577353015 23.4956449095999
3257 -77.0651527178 39.1062897033 23.547984713404
3661 -76.7572285692 39.1227363759 23.5673919323902
3973 -77.2880357845 38.9276870854 23.5965775812524
5584 -77.094562521 39.0960851618 23.6257270743827
6722 -76.5908446401 39.0512916874 23.6397955518506
7251 -77.2760123684 38.6440786393 23.6570607333031
3959 -76.7350994048 39.1186136547 23.6693490060817
2604 -77.3047410076 38.6991294875 23.6964472932758
5171 -76.7652779138 38.4666089529 23.700179286797
3857 -76.545419631 39.0165829216 23.7308185058149
6644 -76.8240176085 39.1367256787 23.7505067244622
7355 -77.2571736545 38.6149423386 23.7562924300272
1899 -77.0725964478 39.1069951827 23.7609169576194
2741 -76.9824184633 38.4615403856 23.7787075214056
5129 -77.3178037683 38.857979504 23.7803833828494
3715 -77.3207303651 38.8463334018 23.8075942345977
4815 -76.5219518494 38.9962133265 23.8733914690452
3675 -77.1663147197 39.0630700607 23.9031717938985
3210 -76.4950216098 38.9665421659 24.0040276126703
6021 -76.4730126506 38.9322524094 24.0263643838648
4591 -76.5106493913 38.9874667311 24.0355056483376
6179 -77.2981473623 38.667057987 24.0940373597009
4716 -76.7778313473 39.1354614527 24.1262598602689
2366 -76.6531796468 39.0964722969 24.1704018146399
4424 -77.3162400586 38.8918336292 24.2220453761047
6313 -77.3307907556 38.7604597782 24.2423038772545
4212 -77.3064110391 38.6773485641 24.2559736599597
4711 -76.8728215763 38.445507276 24.2877608876499
2846 -77.3315815246 38.8397064483 24.3269622057575
3709 -77.1020694524 39.1051751634 24.3709047436985
4663 -76.4798968199 38.9559290066 24.3779076623032
6441 -76.8700796535 39.1489076063 24.3866880050293
1920 -77.1277690994 39.0937405882 24.3971838466374
5080 -77.316219846 38.6925640498 24.4216784646379
3533 -76.7014473022 39.1199458186 24.4243898531435
2936 -76.5273353692 38.5778971799 24.4702345834316
3686 -76.4927156952 38.9779802588 24.5065433012132
4976 -77.2774194547 38.6194508492 24.5329267902967
4211 -76.6908518842 39.1182457101 24.5519763799775
3948 -77.1842478391 39.063607896 24.5565208200194
2047 -77.2842725731 38.6271459278 24.5951493001259
3759 -77.1442574361 39.0896686641 24.6540180144582
3224 -76.4817819989 38.9683828063 24.6887995357361
3023 -77.0615100551 39.1258967288 24.7114811436486
4058 -77.1521969915 39.0865426807 24.7238483523637
7166 -77.2129197696 39.0458938532 24.7310045716326
7984 -76.7149759967 39.1296142889 24.7624702719914
5108 -77.3007269103 38.644309004 24.8513785160507
4660 -77.3374299547 38.8623734616 24.8748113742803
3337 -77.1636031053 39.0828607467 24.8844823681437
2793 -77.0954710305 38.4770399863 24.8879698658611
5385 -77.269429966 38.5960755051 25.0216430715031
4890 -76.4870662032 38.9853339564 25.0289773890156
5549 -76.7992055571 39.1523924135 25.031985078652
2378 -77.3103755705 38.9403323893 25.0441759643614
6449 -77.348633652 38.8081872346 25.0804127471036
3076 -77.3277477543 38.6855734555 25.1610978162241
5402 -76.6669487638 39.1209547262 25.2880986517294
4525 -77.3227455324 38.6687311985 25.2901417579332
6846 -76.6129828894 39.0960069085 25.3213596908569
3202 -76.8437722823 39.1613951054 25.3304265190543
3392 -77.3347155554 38.9018261308 25.3694150656041
5549 -77.1827864597 39.0811379037 25.4302499968171
6497 -76.7508006484 39.1497620329 25.4575776628951
3489 -76.6118532537 38.4957241606 25.4659415036019
2456 -76.518352806 39.03097885 25.4863437304285
8211 -76.9275335161 39.1636037595 25.5019152361378
6317 -77.0111048429 39.1524046685 25.554416911315
6101 -76.701025808 38.4556579875 25.5601867513137
6978 -76.5561159982 39.0648498395 25.5949978075721
3052 -77.3416930086 38.6994848053 25.6074567840114
4548 -77.3540450672 38.8554152217 25.6759946572068
5567 -77.3126631799 38.9594687921 25.7066997650591
4239 -77.2730894126 39.0116285818 25.7087095627692
3973 -77.2066773804 39.0704148092 25.7122410426044
4659 -77.3038603089 38.6196866319 25.7716318475648
3769 -77.079144854 39.1367513802 25.7773029998667
8479 -76.7130704282 39.1450056088 25.7920056021513
5523 -76.8667388012 39.1692669535 25.8001123696018
5055 -77.1664481437 39.0980410282 25.8171116014745
4136 -77.3537985728 38.8714684799 25.8596123565175
4102 -77.3426775777 38.6853576707 25.9338544081345
2854 -77.0616831987 39.1449515352 25.9347417300453
6651 -77.15256215 39.108275385 25.9682734032068
5345 -77.3214744761 38.6406680868 25.9740667152828
6748 -76.5769572306 39.0868800949 25.9931152777814
3430 -77.3337329576 38.934279817 26.0483034865857
6612 -77.2790827069 38.5793815351 26.1060455505668
2714 -77.1298698274 39.1221890032 26.1328123838901
2608 -76.4735737852 38.9987286534 26.133642955143
4376 -77.3398461942 38.6673826867 26.1885722087053
4969 -77.3662168338 38.8516151783 26.2851110148405
3800 -77.3347649018 38.6531590214 26.2884093325654
2289 -77.3468832406 38.9171765908 26.3127001001414
3064 -77.0951396552 39.1401924363 26.3544238967763
6298 -77.3431547428 38.9281554164 26.3729779893058
3158 -77.1851315388 39.0978785693 26.4130952543626
6312 -77.3711405431 38.8378339476 26.4302003172571
4634 -77.3235472567 38.6282124371 26.4455997588075
4599 -76.6352598369 39.1272832638 26.4943275760137
4526 -77.3095103285 38.9888081492 26.5079454466796
3755 -76.8205693066 39.1766482461 26.5123944165121
4553 -77.2058756377 39.0873097607 26.5555919301367
6967 -77.3684165109 38.8657268211 26.5583315331047
7630 -76.6156409963 39.1190113087 26.559817320235
5422 -76.494629567 39.034318223 26.6254730171101
4566 -77.0544782115 39.1578770083 26.6312472376124
2011 -76.8364834278 39.1807593395 26.6996792525731
3107 -76.5858858947 39.1060997888 26.7418163548391
6078 -77.3639102929 38.8953717135 26.7633532389229
5956 -77.3074689925 38.5950197742 26.7934140854674
6080 -77.080176989 39.1528329969 26.8181521605643
7184 -77.3530526728 38.6684203694 26.8356036162118
4609 -77.3457526381 38.9427773809 26.8662527223987
4169 -76.6739716019 39.1490955186 26.8688591962845
6115 -77.3389830464 38.6376933113 26.920432341024
3893 -76.7681729844 39.1765645369 27.0118964780935
5456 -77.3254116332 38.6129474211 27.018182680939
3588 -77.3784218994 38.8607654268 27.0311984597102
3888 -76.6282973824 39.1331653037 27.0344892757112
6354 -76.5290430945 39.0744806047 27.0868703250706
2603 -76.8602671655 39.1876868093 27.0874193538199
7238 -76.6459777326 39.1422655918 27.117221079261
4279 -77.3371907442 38.6264987986 27.1601325276695
3240 -77.3379292879 38.96733927 27.1672227814783
4585 -77.354799295 38.9367942362 27.1686682696524
5968 -77.259827812 39.0586695112 27.1784336679237
2114 -77.3428078969 38.9604107136 27.2018929742825
3500 -77.3459316311 38.9568881631 27.2553726909775
4801 -77.3312845881 38.982000071 27.3048540753128
5177 -77.2877810901 38.5588573691 27.3240513920937
4329 -77.1823088788 39.1162987762 27.339129704746
3572 -76.5094702431 39.0639023388 27.3395448578864
7072 -76.8408034635 39.1908371867 27.3732007027701
5519 -77.3771032479 38.7007940802 27.4333206736346
6327 -76.6083057479 39.1307573577 27.4559469243022
5197 -77.1995648249 39.1082913078 27.4581517342828
8001 -77.2258200305 39.0911719416 27.4656027987917
3327 -77.3889710471 38.8482943767 27.4687114742109
3576 -77.1135539323 39.1525203279 27.5556473677597
4064 -77.3948102295 38.781515877 27.5813774808132
4097 -76.4957490836 39.0572980875 27.5876249598221
3127 -77.3254440227 38.5959517513 27.5942061021956
7295 -76.5495231663 39.1001386435 27.6432452986945
4988 -77.3619786974 38.653058938 27.656576990112
2737 -76.9259228367 39.1950972459 27.6645061577073
4214 -76.7863923667 39.1896866722 27.6944731073718
3587 -77.3434927481 38.9763911774 27.711296276353
5493 -77.3699198629 38.6672290032 27.7230252280325
6971 -77.3861135131 38.8850971715 27.7579201384265
5912 -77.164061634 39.1334825957 27.7632221853934
4798 -76.8020754513 39.1934833138 27.8070573251806
7610 -76.8761956927 39.1994480354 27.8747164244872
2861 -77.3944938961 38.8643287281 27.9255190423138
2349 -77.3959673992 38.8573833283 27.9286733745871
2952 -77.1791667999 39.1298284473 28.0045945949395
6038 -77.0773936898 39.1724079681 28.0111257595377
6136 -76.6166601124 39.144542822 28.0301014953332
6036 -77.3640970763 38.6398899504 28.1040037275662
6075 -76.8923866528 39.2027729894 28.1057982401216
6438 -77.3707112836 38.9426250824 28.1122815878224
3960 -77.3622298254 38.9592354495 28.1235339303397
4075 -76.4418207675 39.0136467626 28.1278494936056
7886 -77.2104368303 39.1139510064 28.1280375000019
6798 -77.3975838982 38.8743970545 28.2124068106892
6829 -77.357302955 38.6240059172 28.2154823636193
6888 -77.1548724342 39.14569263 28.216696589464
4745 -76.6314262577 39.1542759374 28.2198270540016
5075 -76.9798484201 39.1977534143 28.2325736730389
4327 -77.2435934609 39.0936664937 28.2406141283206
4037 -76.8269510987 39.2024280248 28.2428054169034
3136 -77.3570678157 38.9731239692 28.2684346398651
7750 -76.4724468236 39.0528725128 28.3562502990453
5936 -77.3283182173 39.016712293 28.3721920376536
2468 -77.2252389384 39.1090328653 28.3727737083611
5355 -77.3841663513 38.9243974854 28.3748948764764
4158 -77.3534642781 38.6108900255 28.4280783286217
6169 -76.9175486438 39.2070290051 28.4547467657939
2047 -77.3535085161 38.9848211169 28.4550178566035
5229 -76.7431244609 39.1932656765 28.4647202604307
5877 -77.19470947 39.1302310613 28.5099347839713
5416 -77.3940165905 38.9064324087 28.5267525800197
3746 -76.7863635019 39.2020046957 28.531888533397
6115 -76.5564657453 39.1216022294 28.5541131608308
18 -76.6729395001 39.176180049 28.6013508539631
7696 -76.8448156688 39.2089044561 28.6021749687899
5631 -77.320588162 38.5615075386 28.6541418178117
3888 -77.381564031 38.6515995738 28.6810302255357
4258 -76.4556582748 39.0437348366 28.6867074072844
3281 -77.4138568062 38.8363545994 28.7103190768118
3113 -76.604527911 39.151084478 28.7544592096115
4744 -76.8096317713 39.2085629726 28.7785704043483
4296 -77.3894407129 38.6641783031 28.7890355679309
5303 -76.592989128 39.1474223407 28.8700850886603
4863 -76.515125636 38.4941925602 28.8739768172631
3689 -77.4191672866 38.8213253858 28.9179988740319
1220 -77.3843954681 38.9477641627 28.9269577465432
7015 -77.4174100577 38.844670481 28.9597857625588
5763 -76.767705489 39.2056487235 28.9787081488316
5593 -77.4167768503 38.7426610273 28.994413970114
3685 -77.3726888807 38.9724446798 29.0096003755757
2945 -76.3537956639 38.8732341216 29.0378056024691
3401 -77.3666899216 38.9834005271 29.0441681739107
3066 -76.6285494084 39.1668309095 29.0565646545137
4964 -77.3162408492 38.5455629312 29.1072864542908
3032 -77.2604680468 39.0985469379 29.111556714654
5723 -76.5779321356 39.1440250734 29.1223319856061
3499 -77.1785335062 39.1496255385 29.1226313652524
7079 -77.4181272679 38.8609748753 29.146001790584
4458 -77.0496191591 39.1976529953 29.1473324749697
5944 -77.2343111973 39.1178013125 29.1502413574756
3891 -76.6959700339 39.192269215 29.1751187961661
3578 -77.3829764286 38.9608930967 29.194971484936
3067 -77.2198074476 39.1279703768 29.1997643352756
7590 -77.1872582432 39.1465602521 29.2049430110373
7055 -76.8637022581 39.2190271561 29.2458217813999
4387 -76.4420276744 39.0432427774 29.2591575020439
7686 -76.493245752 39.0911095793 29.263606021761
5182 -76.900755753 39.2196098135 29.2809914719597
2790 -77.4265683299 38.8102062688 29.283574308666
4497 -77.250707653 39.1092809279 29.2913898924952
4863 -77.4252761213 38.8321118726 29.2977465302566
3604 -77.3612620212 38.9996189829 29.3011970058761
5539 -77.3981915616 38.9360977954 29.3476959842685
5210 -77.4178553901 38.8818238352 29.3826954227701
3154 -77.207879338 39.1395898564 29.4497644599721
7229 -77.4150463638 38.8967143247 29.456711174403
4530 -76.817390694 39.2198505238 29.4987939583464
3893 -76.6121647636 39.1676381309 29.531160891801
4947 -77.4076041379 38.9233229068 29.5550983205396
8070 -76.5506527717 39.1366903146 29.5702455334975
7729 -77.1745868932 39.1594295375 29.580331815221
4116 -77.4317111636 38.8239346339 29.6034534678622
3895 -77.2049092804 38.4496385801 29.6181138821352
2736 -77.2449916021 39.1200077548 29.6401092400655
3064 -77.3986603793 38.9482967769 29.6574103228183
3078 -77.4139658059 38.9121595164 29.6671793714886
4363 -77.3864509501 38.6228460904 29.6812120535911
5896 -76.8106345387 38.3711144485 29.6902406694869
3387 -77.2027303498 39.1470396539 29.7052201249036
3992 -76.7970015631 39.2207601418 29.7131667756119
2875 -76.8332925057 39.2243160043 29.7154657034697
4337 -77.3946368494 38.9588306088 29.7204875705822
1961 -77.3984400519 38.9525033644 29.7498405142774
3234 -76.4175926685 39.0278953052 29.7550230919327
5849 -76.6423883069 39.1837643519 29.7618170796239
7544 -76.7210298323 39.2079583903 29.7724460798996
8025 -77.4354367251 38.767404493 29.8233480788551
6262 -76.8803262753 39.2279013735 29.840593455676
5051 -77.3861086839 38.9786648178 29.8450856116684
3960 -77.4387055091 38.8136747041 29.9453333807939
1568 -77.2271351578 39.1383534807 30.0072503456652
1549 -77.437448211 38.8416155816 30.0107404445313
3324 -77.4061967224 38.9473984024 30.0158387527019
4942 -77.4296279834 38.8829636766 30.019719653021
3838 -77.4384498246 38.835471617 30.0245948169989
5135 -76.7394352257 38.3771338399 30.0397179469672
3464 -77.2367406605 39.1334062862 30.0624144902406
2567 -77.4103061231 38.9442150614 30.1487046420811
6527 -76.5423406847 38.451727151 30.1499062186058
7077 -77.4235698486 38.6838923723 30.1561589716694
5471 -77.2012875218 39.1559325374 30.1648001237462
5149 -76.8537913006 39.232271097 30.1849565364241
4932 -77.3217796835 38.5252582298 30.2026022289875
4016 -76.6237621237 39.1837878777 30.2131304113351
5784 -77.3849468447 38.9935519967 30.2358310476149
5250 -77.4392119752 38.8631503379 30.2914071658115
6503 -77.351858416 39.0399271682 30.307409137169
2774 -77.4115059857 38.6463683464 30.3232757554308
6528 -77.1644729889 39.1768144574 30.3321744878823
6641 -77.4003897711 38.9719923787 30.3575812817424
5865 -76.5921746383 39.1724516454 30.3613947181724
3359 -77.4453592157 38.8294013543 30.3624526499639
5383 -77.4468599854 38.7875027858 30.3733643253218
6586 -76.5095534763 39.1261598444 30.4099610832696
6228 -77.380471188 38.5883542427 30.4454188122045
2898 -77.2333714372 39.1434882499 30.4932491957179
5247 -76.5360743809 39.1449500663 30.5003446701717
7560 -77.4221223942 38.9343713073 30.5306027915598
6213 -77.4471613426 38.844963897 30.555262437939
5761 -76.7584271741 39.2274204458 30.5569598451567
4417 -77.4418925943 38.7209616221 30.5633982667438
2621 -77.2057014031 39.1614171524 30.6115335087529
6802 -77.3031942828 39.0960236484 30.6385266855469
5969 -77.1853166478 39.1723066703 30.6406897335125
5843 -77.4109711799 38.9636023411 30.6587370024397
6842 -76.8165134708 39.2382580915 30.7686201298136
4177 -77.1973633597 39.16884877 30.7883442244397
5913 -77.3839917817 39.012813427 30.811190057841
5273 -77.3921720772 39.0013567647 30.8266027453343
4316 -76.9738562141 39.2374919276 30.8865420726412
4418 -77.2186636072 39.1595737928 30.907654139878
4253 -77.3530756675 39.0539356295 30.9077466539797
3447 -77.2322504873 39.1521908926 30.9320181937234
4090 -76.6494568406 39.2051155882 30.9404339002924
2021 -77.2533871782 39.1399385784 30.9804045428208
5774 -77.3788036133 39.0253938869 31.0005537121356
4429 -77.4562521158 38.7530907774 31.026568200943
6884 -76.6243346505 39.1973171107 31.0314910828946
5503 -77.3726432851 39.0365491785 31.118945035354
6424 -77.458835963 38.8445722893 31.1779142306636
4927 -76.3340726494 38.939966943 31.2166600773684
1920 -76.3056745113 38.7697630631 31.219257329236
0 -77.4408507347 38.9237456783 31.2778502331549
6827 -76.4502725942 39.099073787 31.3291050430382
2463 -76.7050133939 39.2277813304 31.33841178868
6248 -77.4648898892 38.780885388 31.3591538459387
6329 -77.4150359958 38.9829918819 31.3849552983038
4886 -76.9137012105 38.3433671735 31.3882837992961
4591 -77.1935745195 39.1820006125 31.4440408825723
5626 -77.2139403178 39.1722042911 31.4767483169495
5524 -76.5193613007 39.1527165281 31.477330312718
4037 -76.5964570065 39.1931615994 31.482365653345
5356 -77.1765385325 39.1909339767 31.5015008316783
3806 -77.4687732649 38.7902551694 31.5507844826206
7451 -76.5541924427 39.174436641 31.5776165826141
5598 -77.4657359414 38.7398379873 31.6390372962465
5014 -76.7871702964 39.2480786138 31.6629788901066
6677 -77.4710176463 38.8149559437 31.6889937367321
3507 -77.4669933476 38.8566609595 31.7112482510996
4744 -77.3739446811 39.0510994529 31.7233853567304
7678 -77.4714352559 38.7720714779 31.7404559055015
0 -76.6797642769 39.2275379144 31.7646078575729
4729 -76.8572540623 39.2552924864 31.7664282811041
4566 -77.4711763815 38.7622967864 31.7718998597007
5511 -77.4616019252 38.8907754716 31.8144304224995
3850 -77.4144141061 39.0009968912 31.883764477037
2741 -76.6337032041 39.2150200114 31.9142767568262
2655 -76.651370772 39.2213447319 31.9282718524107
5341 -77.2677622408 39.1508307232 32.0535579636491
5864 -77.1165051765 39.2239822166 32.1092344825099
3979 -77.3947157581 39.0360448491 32.1120034193082
2958 -77.238236943 39.1701783707 32.1192241047888
3736 -76.8783595679 39.2612377708 32.1473017419161
5702 -77.4101860325 39.0161351025 32.15844804861
5142 -77.2073265911 39.1876569091 32.1700552787656
6293 -76.4819902498 39.1412489877 32.1747063488442
4251 -77.2294157356 39.1776209618 32.2587011518835
5009 -76.7023101535 39.2411064289 32.260390819805
6651 -77.2488563334 39.1669957495 32.2867011510063
5220 -76.8307410499 39.2616189435 32.2976869370339
3667 -76.8432874597 39.262518137 32.3074201327752
3426 -76.6199432012 39.2165355801 32.3267303299113
3688 -76.5122882863 39.1641835623 32.3345267016128
3847 -77.4793713348 38.8585261772 32.3890550517364
6324 -77.481123723 38.7464493112 32.4091738126892
5813 -76.8081178615 39.2620790318 32.4588426811009
2418 -76.7516712242 39.2544821551 32.4626730449253
5961 -76.7292631952 39.2505977388 32.4869896863958
1463 -76.601445168 39.2125695169 32.5321191181845
6434 -77.2967905169 39.1400870906 32.5355641975776
3995 -77.4275393444 39.0022827935 32.5570789182323
7546 -77.266268579 39.162210399 32.6075897251069
4226 -77.3921174093 39.0536001893 32.6348958715573
4213 -77.4891363582 38.7607159863 32.746223023621
5557 -76.6581779957 39.2371465445 32.7996562785642
2451 -77.4809815737 38.70495964 32.8417607998839
3552 -77.4939557682 38.7875294849 32.9120060985528
3164 -77.4155548195 39.0312090871 32.9123902254628
4885 -77.2319271923 39.188040527 32.9261595265335
5211 -77.4688628812 38.6618054063 32.9271793878966
4585 -77.4876260087 38.726621589 32.9356066314303
7943 -77.4940502573 38.7781920923 32.9377882119248
1495 -76.7701162478 39.2644680625 32.9391418431773
6078 -77.2596086108 39.1741903999 33.0331398670583
4407 -76.679066684 39.2473068013 33.0634549053478
3530 -76.6984002064 39.2524766288 33.0734181347971
4221 -76.6451152645 39.2375292988 33.0898332309098
4292 -76.6080615666 39.2243390569 33.093246445261
0 -76.6294677333 39.2324077469 33.1017885960102
3807 -76.7133149443 39.2569467998 33.1380921681665
7539 -77.4988710838 38.7972625633 33.1689144013015
2520 -77.2460548744 39.1850987075 33.1992484350531
4321 -77.1681389859 39.2227273861 33.2123664023932
6199 -76.9268900875 39.2755474691 33.2173428758741
2798 -76.637205548 39.2369067949 33.2173513693191
7470 -76.581441417 38.3775758367 33.2684914804586
2533 -76.6187575801 39.2318296812 33.3073271561113
6053 -77.4097518137 39.0515042701 33.3580821744867
2 -77.4697831553 38.9530964334 33.3725428180971
4977 -77.0744422235 38.3370881504 33.414148572396
4616 -77.2262783806 39.1996289305 33.4194033861726
8333 -76.6206949937 38.3580899512 33.4953072909121
5468 -76.570565756 39.2153311859 33.5032928490335
2852 -76.6566117419 39.2483051943 33.5483211971011
5013 -77.5025947618 38.7356210228 33.6487816979374
4930 -76.6014787386 39.2307906536 33.6505797820905
1914 -77.5044408909 38.8509056256 33.667392876535
5110 -77.4967803721 38.8960073426 33.7424747329082
2409 -76.7444083596 39.2723416446 33.7534657450125
5074 -76.6941831351 39.2621113033 33.7769783147834
6490 -76.7756647586 39.2783718937 33.8322575805748
7157 -77.2870254071 39.1726253004 33.8722646102444
4954 -77.4940556365 38.9157510255 33.9004483639672
3823 -76.6067289601 39.2370699916 33.9138338710102
4461 -76.2835501892 38.9454518844 33.9197213981389
5362 -77.2661212319 39.1866999949 33.9316363636501
3635 -76.2550299599 38.7699247415 33.9450419559596
4123 -76.7962720076 39.2828607923 33.9675892776156
4351 -76.7052193541 39.2678926761 33.9863848933882
5306 -76.8403635832 39.2867891721 33.9930879128692
4689 -76.6409445277 39.2510980234 34.0418530707361
6438 -77.5142614129 38.7733558677 34.0420229281276
4125 -76.6271573208 39.2471417637 34.0822065831599
1944 -76.7494303135 39.278683781 34.1232975664798
5824 -76.3028293272 38.9970136536 34.205487973001
3282 -76.8707278329 39.2909866148 34.2109013311965
4832 -77.4626964296 39.0011913304 34.2381899478321
6352 -77.3191218926 39.1577696202 34.2472917452793
2525 -76.7128972415 39.2736650943 34.2567751659921
5686 -77.3757523546 38.4831985339 34.3037748333914
5267 -77.2838214387 39.1828555671 34.3095006780759
2228 -77.4448903676 39.0318818029 34.3166402603457
2712 -76.7353556115 39.2794318174 34.3413717594155
2018 -76.6171201182 39.2481225489 34.365507998753
4329 -77.4282339083 39.0571804375 34.4094356933443
4050 -76.6777009405 39.2686932232 34.485113916175
2059 -76.6265099186 39.2537348678 34.5134654692556
2871 -76.7182544308 39.279063096 34.541429476032
7113 -76.8072053702 39.2923460271 34.5427710050035
22 -76.579766077 39.2373746298 34.5928048689454
3265 -77.3439673297 38.448680365 34.6102680303686
7692 -77.2573811133 39.2045521869 34.6458179134658
2590 -76.6607118052 39.266729377 34.6613114274765
3626 -76.700402299 39.2770726554 34.6685047018675
0 -77.4711679281 38.5929244613 34.7065255294973
4997 -77.4602600936 39.0214019313 34.7182826603903
5775 -77.5133361379 38.9052236995 34.7463444072305
2789 -76.7267080203 39.2846995238 34.8054601791992
5720 -77.2764207763 39.1967176706 34.8175229859363
2910 -76.6901874915 39.277334766 34.8456276011308
2430 -76.6365462334 39.2626754192 34.8718468065332
3727 -77.5310592617 38.7948254075 34.904979190867
2324 -76.6477981458 39.2672516711 34.9408233706827
1795 -76.7166043274 39.2880043574 35.1618502394473
2282 -76.6793510518 39.2801709839 35.2099910441903
5073 -76.703289897 39.2859982929 35.217771249551
6312 -77.2236717758 39.2320632412 35.2379856362676
4039 -76.7479941838 39.2949752748 35.241295213156
5846 -76.7682394341 39.2983402263 35.2616732402832
7624 -77.0511440442 39.2899085024 35.2959775769771
6135 -77.536687542 38.7554181018 35.3325249562648
3148 -77.4630445447 39.0385180242 35.3933271150603
7852 -76.8345712699 39.3069896751 35.4090560784219
6862 -77.5002891982 38.9764803224 35.4602924687555
2267 -76.6917285325 39.2878001785 35.5129094851965
7291 -77.5424401272 38.7896287299 35.5228449538351
1136 -76.6151182903 39.266108658 35.5430455145022
7521 -77.4054942335 38.4831515973 35.5658404589729
1426 -76.6755785579 39.2847338656 35.5730862088399
2170 -77.456559914 39.0531435913 35.5772514535066
5749 -77.1845691308 39.2551404033 35.6084692299126
2650 -76.7156722704 39.2945904768 35.6150855816861
6487 -76.7339700923 39.2981350064 35.6175970990131
3891 -76.721867149 39.2959417506 35.6228499306425
2713 -76.6663774813 39.2833510418 35.6411422871493
3373 -76.6407021767 39.2764153448 35.6697392214417
3142 -76.6538699445 39.280500862 35.6818718506571
2305 -77.4637771512 39.0472421866 35.7154943770521
1974 -77.4498116038 38.5287120002 35.7547437890436
2571 -76.6045492106 39.2663700788 35.7937488767315
4619 -76.6806720134 39.2899987436 35.8346732997411
8426 -77.5313967771 38.9190017075 35.9064061701261
3565 -76.7021771286 39.2970310773 35.9680601696581
1691 -76.655800398 39.2856105457 35.9781367292744
2130 -76.6269948499 39.2771493718 35.9926373514565
3869 -77.4564322771 39.0657016648 36.0103333774845
1836 -76.6481940267 39.2840976651 36.0212543115116
5051 -77.5020763839 38.9962744768 36.0483910155461
2172 -76.6134707758 39.2740205732 36.079103456869
3532 -77.3924364852 38.4587748038 36.0810765526399
2586 -76.6444026123 39.2839534134 36.083968661611
8631 -76.6298149509 38.3138563714 36.1001980705384
1953 -76.6170533171 39.2757470297 36.1116186152249
1920 -76.6401338416 39.2849957499 36.2334882803342
2699 -76.5895091965 39.2681387486 36.2497527775221
2141 -76.610484052 39.2758598787 36.2601960683179
4523 -76.7774114728 39.3142228392 36.2628401017204
2969 -76.6588007403 39.2908542667 36.2652769655154
1574 -76.6903443576 39.2991627096 36.2867318262512
3281 -76.684039604 39.298086468 36.3139849975783
2564 -76.6043941695 39.274959161 36.3371430196752
5593 -77.4929606928 39.0251830729 36.4125019461696
5129 -76.7546972095 39.3133651011 36.4164650184664
4659 -77.55320958 38.7276463414 36.4288403151409
1846 -76.6477797611 39.2909680071 36.4741271439852
1909 -76.6329965252 39.2873008643 36.5217833132981
3045 -76.6796150034 39.3002059804 36.5246569099446
962 -76.7306317865 39.3110773651 36.5300783544388
3289 -76.5070556254 39.2363676516 36.5421616708079
1304 -76.4279213177 38.4061949552 36.5497743847493
6736 -77.2582237416 39.2376153922 36.5554563901527
3509 -76.663967166 39.2967253773 36.5577653868292
3266 -76.7600530005 38.2768821801 36.5616724926138
4186 -76.9643416155 39.3213666697 36.5633144993264
4025 -76.6157584709 39.2829545602 36.5968433430695
1895 -76.6418178866 39.2912147404 36.6025739366879
4397 -77.4784061544 39.0534268138 36.6102465369873
5401 -76.8970082914 39.3260628776 36.6372759308559
7693 -76.4633181282 38.3797727043 36.7082523529549
5571 -77.5391628568 38.9423822563 36.7184958753851
977 -76.6361121411 39.2914521873 36.7277890317347
0 -76.4801698897 39.225409313 36.7481568266771
2347 -76.5212074291 39.2481481242 36.8145289009303
2200 -76.630754666 39.2916894181 36.8482187405723
4130 -77.1202799592 38.2969198601 36.8543392913243
5615 -76.6680818694 39.3023499682 36.8560329820394
4101 -76.701579012 39.3102945259 36.860307745972
838 -76.6250219162 39.2903280352 36.8756767717179
4245 -76.6555838055 39.2993724851 36.8781985769092
2525 -76.6481452058 39.29813153 36.9322420427832
2999 -77.5488220197 38.6692232326 36.9582882081818
5389 -77.4953345099 39.0399009668 36.9768275681724
4245 -77.4140300025 38.4582433849 37.0013514821853
5872 -77.5149355668 39.0089035629 37.0238380636153
1558 -76.644374675 39.2985630312 37.0300906830434
3344 -76.5936531196 39.2826023878 37.0578833230603
4006 -76.6148957944 39.2904073181 37.0891140696735
1697 -76.820797357 39.3306020334 37.0980037101457
2515 -76.6408133998 39.2986929615 37.1053383545007
3270 -76.7179197991 39.31789992 37.1476450865387
2388 -76.636305627 39.2980665451 37.1507124448772
4795 -76.5474364141 39.2658926382 37.1551705220767
2342 -76.6020903091 39.2872885663 37.1652590199802
3956 -77.4890618554 39.0556413125 37.1857784156713
4680 -77.4275521471 38.4667508401 37.2051935085996
2011 -76.6305838736 39.2973818324 37.2176764759153
6532 -76.7684662675 39.3275354109 37.2492045129642
6783 -77.3820059296 38.4243332408 37.2627186931751
2870 -76.5807598928 39.2813770493 37.2781793967096
3412 -76.6687478939 39.309066513 37.2861374960767
1617 -77.4725495157 39.0816800027 37.3244480338885
3433 -76.7369839689 39.3239542506 37.3248682504261
3853 -77.5729090504 38.7452073751 37.3430032474111
1602 -76.6227706211 39.2971327997 37.3570701760651
4767 -77.5373762145 38.9776043927 37.3624118186236
3185 -76.5162080692 39.2550921752 37.3637762611825
3344 -76.6839541254 39.3139635945 37.365671702865
2478 -76.6550529853 39.3070237846 37.3869582994591
1851 -76.5274205268 39.2608498662 37.3900792166557
1839 -76.5033899509 39.2492431842 37.3932700382289
3022 -76.5738495083 39.2806046891 37.3939264739651
3065 -76.5965660587 39.289400159 37.4199733739101
6295 -77.4295472265 39.1323928986 37.4422692192208
2699 -76.6480363939 39.3063400449 37.4679333154417
2087 -76.5920133537 39.288623507 37.4726673781797
7472 -77.5783153246 38.7779778246 37.4788462259194
2282 -76.6935670568 39.3180377573 37.4917567125383
2359 -76.6678884054 39.3127987819 37.5458435034748
5638 -77.2154232947 39.274289036 37.5506287424092
1884 -76.5887469407 39.288766478 37.5553347534645
3145 -76.625682828 39.3011574644 37.5571334891196
3211 -76.6417324012 39.3061488706 37.5712636476591
5781 -77.5773974202 38.8531585972 37.5923801168159
2853 -76.6321680988 39.3037295588 37.595891133618
1724 -76.5858707118 39.2888586467 37.6265465262301
1951 -76.5700386775 39.2829475037 37.6302190958865
3549 -76.60290152 39.2951120769 37.6424152248461
3505 -76.5218937195 39.2626324722 37.648401626592
5746 -77.5193016338 39.0241162001 37.6639066561028
5935 -77.5671108908 38.9122195712 37.677842373647
2208 -76.5803326553 39.2877854191 37.6871006503454
3505 -76.4526494159 39.226839739 37.717885253405
2218 -77.1891893009 39.2877146685 37.7355813561536
5072 -76.6174834475 39.3014962491 37.7435418658515
5208 -77.4533941014 38.4805718172 37.7541551188372
2652 -76.5656317184 39.2833043269 37.7588131250771
3223 -76.6128452815 39.3003333601 37.7644263058413
3724 -76.6527221349 39.3124468036 37.7822429407297
2333 -76.6361650776 39.3077972727 37.7824000980021
5237 -76.6091014385 39.2994972631 37.7891290476799
4223 -76.6777972019 39.3189625748 37.7923571313935
1788 -76.1880153693 38.7300147704 37.8001725084089
3009 -76.5739921844 39.2880725447 37.8534536395518
1371 -76.7709992206 39.3372457167 37.8897132697887
1696 -76.6685003757 39.3183260046 37.8995219871631
1183 -76.5909017587 39.2950775954 37.9031261743043
5072 -76.7319724364 39.3320909572 37.9320122304381
2444 -76.4990193663 39.2564697212 37.9397636455384
2767 -76.6022381301 39.2998253803 37.9553424339957
1800 -76.5854979362 39.2942247423 37.9710336197586
4974 -76.6256538236 39.3077312685 37.9804860203309
2269 -76.6406485075 39.312343254 37.9933621503336
4828 -76.7015268679 39.3273783547 38.0014150012872
6126 -77.2939631061 39.2449839094 38.061062424791
2283 -76.7197618922 39.3321620283 38.0830017962181
3265 -76.5805910181 39.2944121711 38.0946880521783
2126 -76.6047191323 39.3031965547 38.1166299908294
2260 -76.5585958831 39.2864490883 38.1244140206377
3513 -76.5150147563 39.2677411871 38.1417508188743
1465 -76.5388151643 39.2786579011 38.1512151326275
3460 -77.591192542 38.8114669381 38.1562622929043
2647 -76.5659379191 39.2901516665 38.1740779411185
4313 -77.5010486061 39.0684883763 38.1795415718771
2775 -76.6305439644 39.3122912287 38.1798610781827
1241 -76.5928317348 39.3001793553 38.1817334064262
3756 -77.4498359719 38.466085505 38.1912262352652
1543 -76.6587883148 39.3207748068 38.222426232198
3222 -76.5751184434 39.2946387562 38.2353668155593
3939 -76.2036088988 38.9559269372 38.2440739467352
5410 -77.4860950549 39.0905424275 38.2656582332374
3253 -76.570855917 39.2935701242 38.2688120095174
1751 -76.6138833969 39.3086271225 38.2730294356186
1042 -76.5859216785 39.2994712695 38.2906310778281
4100 -77.5922523871 38.7611218115 38.2912466377009
6414 -76.490098546 39.25808083 38.2957505945342
2613 -76.6344032974 39.3152410315 38.2975488788982
2071 -76.5253753506 39.2759053175 38.3424395656408
6681 -77.4264426167 38.4391719404 38.3628726942229
3450 -77.4955744319 39.0812735374 38.3673596329096
1281 -76.5930345418 39.3036655424 38.3973157879819
2581 -77.4451861057 38.4564287601 38.3974520051191
3782 -76.5809919718 39.2996130823 38.410876237342
3593 -76.7389825355 39.3410710617 38.461025228185
2452 -76.6035886489 39.3084199261 38.4726130011922
2957 -76.5753974826 39.2997950731 38.5504029017638
2011 -76.6445232445 39.3224120267 38.5781093599539
6426 -76.7550551218 39.3454348096 38.5929276016114
2115 -76.4854062182 39.2609165556 38.5984204292632
1137 -76.5932493588 39.3069999785 38.6033480454068
6572 -76.672330007 39.3303625418 38.6321027174078
1313 -76.6123456765 39.3138901791 38.6411084284345
5214 -76.6843575161 39.3333442266 38.6453788973716
4875 -76.5421089682 39.288575092 38.6674333263532
7037 -76.6596542676 38.2656220621 38.6721382866593
1564 -76.5861443506 39.3056467276 38.6739400556256
2476 -76.6237329833 39.3181142106 38.6868267053357
2556 -76.4469459151 39.241499182 38.7068197599378
2256 -77.369118955 39.2097680087 38.7069913212155
2973 -76.513814158 39.2771625344 38.7325514452779
3269 -76.6175105918 39.3170996992 38.7434845431424
2084 -76.582008797 39.3056656129 38.7674492585512
4809 -77.6002950209 38.7486493251 38.7915464309209
2469 -76.5934445671 39.3103887642 38.8135248423757
1333 -76.4897766752 39.2669394184 38.8168079198752
6892 -77.5251562987 39.0534542914 38.8298686530443
2890 -77.3638064275 38.3788115351 38.8453080326183
2076 -76.7172783072 39.3433147543 38.8642827344626
4215 -76.6598937583 39.3310088775 38.8760639478807
2937 -76.5764244648 39.3058801618 38.9072063214027
4990 -76.7771438954 39.3529043209 38.9093987974992
3073 -76.6036573316 39.3155192193 38.9233539288116
6045 -76.7000640779 39.3411595755 38.9429378916226
6275 -77.1026598602 39.3337054 38.9765243559016
3552 -76.6124596156 39.319938354 39.0263921284294
1704 -76.5938538198 39.3141337583 39.0419733693089
2705 -76.4861525728 39.2698408558 39.091022856391
3575 -76.5261974736 39.2888537419 39.0970774973163
5768 -77.6078343591 38.7682075371 39.100272865587
1996 -76.5528527708 39.3000522223 39.1017374963048
3586 -76.629821764 39.3265304177 39.1148745529895
1585 -76.5815943604 39.3119528683 39.1718915192617
4177 -76.8265856549 39.3614977049 39.2012097260479
4524 -76.8030341583 39.3598729195 39.208536845571
4546 -76.6661660768 39.3378414365 39.2240281889725
3623 -76.4986001429 39.2787095611 39.2489632805315
4289 -76.5147249832 39.2864207647 39.2582683400095
1955 -76.6384004652 39.3312797458 39.2658749828702
3657 -76.47257064 39.2660071616 39.2752397343306
5743 -77.0030167621 38.2363692753 39.2826144131051
6305 -77.4997746566 39.1012924461 39.282894544303
1586 -76.6064691073 39.3227549759 39.327772534403
2462 -76.7333010706 39.3530931225 39.3371948582412
7234 -76.410376229 38.3645494681 39.3415156777072
2355 -76.4855723809 39.2747758396 39.3938919675034
1431 -76.6503167851 39.3364706318 39.3959638401563
3149 -76.5956025253 39.3208854509 39.433489026719
6224 -76.6194297149 39.3286859094 39.4518895953843
3230 -76.5527766783 39.3062250098 39.4840581665543
2445 -76.4084246954 39.2321400653 39.5009523665654
2993 -76.6770495076 39.3446843616 39.5079016514632
5925 -76.7538208168 39.3592249785 39.5433276260687
2033 -76.6118649173 39.3279702821 39.5538559123427
1964 -76.6011831489 39.3249246873 39.5746077489734
4523 -76.6655602582 39.3431971354 39.587331375102
3076 -76.7214726989 39.3548945533 39.5939649719653
3175 -76.6834700719 39.3477384608 39.6157005096971
2508 -76.5758731592 39.3170319291 39.6189378480507
2124 -77.2182410603 39.307092664 39.628949617223
1977 -76.7419257757 39.3588770307 39.6372838600052
3226 -76.6997515949 39.3515817343 39.6448056894308
2222 -77.6131782101 38.7263501255 39.6491161365395
3798 -76.7682536528 39.3627581161 39.6554553642605
6615 -76.4270264048 38.347402864 39.6852423034693
778 -76.5604624599 39.3125781899 39.6943504645514
3593 -76.4713202782 39.2727141593 39.6965930396763
5192 -76.6316409427 39.3366595421 39.7386450865281
2748 -76.6433488518 39.34023114 39.7624264332741
4073 -76.4947781645 38.308696413 39.7637198648535
6860 -77.6202618059 38.8304574069 39.7733048646462
6770 -77.4882643163 38.4679671363 39.7993379481902
3481 -76.9137189544 39.3718977019 39.8335563310447
3402 -76.5901799203 39.3254795825 39.8401237475454
2045 -76.7804736798 39.367168952 39.8603606833004
6094 -76.564391242 39.3170532709 39.8815375651938
3881 -76.580449345 39.3232975895 39.9120155541359
5261 -77.623732543 38.8147275563 39.9153137989268
2564 -77.6241196366 38.8061111447 39.924231577555
4203 -76.6023712434 39.3312132169 39.9522962714336
4790 -76.6165346722 39.3365193095 40.0131596512358
3548 -76.6964972858 39.3566272935 40.0263456045738
5648 -76.6693154944 39.3515306879 40.0797787634213
4104 -76.1394041662 38.7972731197 40.1222311251005
7589 -77.2655816956 38.2992705347 40.1259484578739
4581 -77.526945369 39.0902811153 40.1351721496697
3084 -76.5110266342 39.2995952152 40.1453404512316
4933 -76.5666446475 39.3221089612 40.145818729929
3773 -76.6821207341 39.3556192778 40.1599663500876
5277 -76.9781065776 39.3733165219 40.220117132567
2443 -76.7350467342 39.3668500516 40.250185856403
985 -76.6535018806 39.3505045201 40.2642907473486
4251 -76.6036985696 39.3369440485 40.292684516339
5966 -76.7674122524 39.372922079 40.3569389992424
4456 -77.5800984695 39.0126945408 40.3631970511965
3730 -76.6336457308 39.3468306366 40.3646048016172
4367 -76.7063826194 39.3636117021 40.3656275494273
4304 -76.7989669773 39.3768172446 40.3976097646291
2648 -76.5412684045 39.3168266861 40.4171627498146
1575 -76.5349743063 39.3148272437 40.4495850739131
3243 -76.587647959 39.3345327483 40.4688559684906
4525 -76.619806429 39.3450777309 40.5042760579436
5937 -76.5576759482 39.3248015973 40.5202268224406
856 -76.6456357117 39.3528048677 40.5468561174816
5817 -76.6854486303 39.3633220005 40.626006938965
2298 -76.6050185687 39.3430190749 40.6564867159641
3239 -76.8124295401 39.3817176215 40.660125565609
2830 -76.543786821 39.3225865633 40.7111969786883
5491 -77.6384739916 38.7792408589 40.7177513941259
3429 -76.7009624019 39.3686566125 40.7737925172925
1698 -76.5684292657 39.3329367536 40.7849320098931
6547 -77.5495876701 39.0785097039 40.797346883362
3050 -76.9323947024 39.3852658398 40.809570343512
4442 -76.7197810321 39.3730680244 40.8404716630103
3441 -76.8605993334 39.3866781231 40.8418975840081
2046 -76.6162946614 39.3498035099 40.8763689940492
3336 -76.7321685456 39.376054311 40.9047768584407
3723 -76.9511072221 39.3858040683 40.9234037024095
3788 -76.689014256 39.3685996392 40.9290420575649
4603 -76.5900782251 39.3426735424 40.9365202460552
5116 -76.5500956501 39.329637339 40.9981438772803
8088 -77.4772917522 38.4274252426 41.0062543351504
4218 -77.6451165783 38.7974139631 41.0531729015519
3987 -76.1810395481 38.5686815413 41.0815565157405
4183 -76.6615353423 39.3649047274 41.085805380537
1914 -76.5744156539 39.3406388305 41.1390356049473
4132 -76.604379174 39.3504071239 41.1443214544541
1662 -76.4166254413 39.2684906124 41.1769583924816
3623 -76.8202191844 39.3899323487 41.1891944238742
2369 -76.4737013456 39.2999213728 41.2008288309265
5959 -77.5413252976 38.4948161219 41.2082537633365
8714 -76.5227031408 38.2716899031 41.2237092257019
4043 -76.5949777078 39.349970369 41.3030191746552
3749 -76.5596861435 39.3384070191 41.3246969332112
2791 -76.6385767924 39.3628829042 41.3278685208482
6017 -76.7756736665 39.3886435625 41.367138136911
4910 -76.1418345128 38.9527501046 41.3834626395199
2130 -76.4471025094 39.289548685 41.3897144896589
7104 -77.5281910437 39.1239564427 41.4125451561663
4958 -76.6977837252 39.377566232 41.4129108981636
4859 -76.5203891844 39.3246066819 41.4130272272634
4047 -76.502108491 39.3170732498 41.4313898796531
8541 -76.7974439286 39.3926231119 41.4931751227364
3173 -77.2774177084 39.3129621491 41.5167797068146
4911 -76.5403997208 39.3349482747 41.5569659473882
4754 -76.5843349388 39.3509454102 41.5830457898113
2078 -77.3660573033 38.3284108977 41.5860017055156
3487 -77.0002415798 39.3914630556 41.6276430826659
1764 -76.5638439599 39.3448632899 41.6372912508376
6103 -76.6203908261 39.3631894808 41.6690084604442
4908 -77.6556230745 38.8354324082 41.695411245004
3148 -76.5722775454 39.3488052156 41.70200648332
1851 -77.6544594769 38.8539662991 41.7299454324776
4952 -76.6033400468 39.3596320891 41.7589218746952
3683 -76.9673103379 39.3977311507 41.8296974449481
5915 -76.4526526253 39.3005186671 41.8504806878656
3443 -76.481443716 39.3147002134 41.8510068709708
5014 -76.7566227252 39.3935565361 41.8580143417892
5133 -76.664261574 39.3777438241 41.8947910660328
5887 -77.5509790064 39.1098586156 41.9347471623588
3721 -76.5235444943 39.334678592 41.9498171818892
6380 -76.8141390556 39.4012837302 41.9994784334049
4135 -76.4595679177 39.3078777152 42.0725352164125
4992 -76.5928375897 39.3614323203 42.0810184048124
5412 -76.54677953 39.3461826808 42.1058854274091
2161 -77.580033129 39.0759029335 42.1610008809656
5733 -76.4454473081 39.3026948898 42.1904896570438
2700 -77.5610492672 39.103963552 42.1937191624452
4763 -76.5353200442 39.3438657593 42.2303091134684
2162 -76.5069860784 39.3325569358 42.2383917609948
2946 -77.1039207038 38.2105055043 42.2542591568334
3229 -76.5540078843 39.3512140118 42.2560839786591
4682 -76.6732062562 39.3856884184 42.2914762171752
2623 -76.2171074144 39.1210894906 42.3010557228248
2804 -76.6045359589 39.3686383309 42.3175123975228
6850 -77.5502049973 39.1220399031 42.3385242838576
3131 -76.6921773269 39.3914912381 42.420094003451
6268 -76.5797819424 39.3627685619 42.4314036684071
4605 -76.5660011005 39.3583232947 42.4398650701928
3486 -76.4674453746 39.3184639343 42.4648661048237
5139 -77.0451002131 39.3974929592 42.4654397573174
4713 -76.4764220401 38.2706568436 42.5285575843574
2120 -76.6142490046 39.375122663 42.5569873832534
4888 -77.6687480096 38.8631589354 42.5579674259253
2877 -77.4288526411 38.3527639217 42.5632965041166
5277 -77.1158251846 39.3852974649 42.5928641350812
4051 -76.5913173329 39.3691920709 42.6096155885714
2253 -76.6222158511 39.3796428479 42.7085555783118
3942 -77.2137663801 38.2344297491 42.7908929829335
3567 -76.5986593951 39.3743678937 42.7999576651246
4361 -76.5441677623 39.3570404947 42.8442158863049
4032 -76.4173244865 39.2996648135 42.8816371590286
5486 -76.5224328285 39.3495763359 42.8929744401272
2333 -76.5627699429 39.364395505 42.8939185367193
3435 -76.5012133099 39.3421713938 42.9700629936065
2570 -76.6131688176 39.3813171725 42.9795673498486
3741 -76.4429596913 39.3161323132 43.0371304621513
5156 -76.9137252298 39.4184555183 43.0516557331897
4397 -77.2885069605 39.3342208721 43.084613112398
4567 -77.6785993295 38.7353434256 43.0851999317546
6819 -76.7425555192 39.4104797852 43.1394316177857
2863 -76.700111476 39.4041234749 43.1689889523456
2583 -76.5663732696 39.3699625725 43.1698770711126
2241 -76.5979561435 39.3799981518 43.1770895155675
3520 -76.6367268356 39.3906550316 43.1829086237687
4150 -76.8186496978 39.4205265516 43.3052553933684
2898 -76.5542821652 39.368647175 43.3471273928917
1864 -76.654780197 39.3975545159 43.3526387056072
5139 -77.1782055103 39.3800823735 43.3547379248577
3371 -76.0797785782 38.7725898559 43.3757891250776
3955 -76.4519394117 39.3268124232 43.3954549935723
6362 -77.2369941789 39.3612004504 43.4257027704652
5200 -76.5745657639 39.3774645867 43.4770582533589
4420 -76.5384714176 39.3652027468 43.4848732228819
6930 -77.5948990269 39.0965990694 43.5326149282618
1014 -76.4199524607 38.2819633106 43.5462831252702
5182 -76.6161197334 39.3911248924 43.5658925268499
1891 -76.2044033187 38.4568935409 43.5797323623129
5311 -76.7942672327 39.4231019879 43.607303509733
3164 -76.510148636 39.3564060443 43.6138182683085
3910 -76.4336197134 39.321340359 43.6139950228014
3947 -76.4678361013 39.3381777607 43.6178410469236
3331 -76.5854235813 39.3833953241 43.639045742193
3799 -77.6274649196 38.5493675764 43.6578024626631
2241 -76.5543805517 39.374532415 43.716690017564
4347 -76.9517020956 39.4267384603 43.7471397991997
4447 -77.5714280064 39.1343992417 43.7573441915955
3110 -76.5637080044 39.3784853295 43.7677628956553
6715 -77.6773202659 38.665273448 43.7805563664192
3345 -76.5982366689 39.3896572367 43.7966663173025
2121 -77.3937137689 39.2912511546 43.8421031314727
5674 -77.5130262732 38.3967962734 43.8448132504696
6696 -76.4817853192 39.3498079319 43.9371794743772
4701 -77.1414473082 39.4003691421 44.0035134193378
2486 -76.5233708825 39.3685900314 44.046766068289
5590 -76.066893009 38.7725642188 44.0701625768151
5297 -77.4761850904 38.3577005396 44.1385802074167
3667 -76.4554459877 39.342389112 44.2104082194492
3790 -76.5659944521 39.3862301356 44.2131577888403
6064 -77.4277701773 38.319474205 44.2183126330935
2497 -76.6130398162 39.4004217022 44.2272629340532
1770 -76.5758823392 39.3902956278 44.2717360307735
2837 -76.4996056986 39.3633278981 44.2997632506753
1927 -76.6255584087 39.4048213471 44.2999612242171
7920 -76.7749011483 39.4314702523 44.307538405691
5894 -77.4505884729 38.3341022059 44.3113192729827
1956 -76.417457116 39.3250472295 44.3119788450323
1738 -76.7091754169 39.4246179973 44.4450857304825
4165 -76.5944598367 39.3987386009 44.4557527953985
4752 -76.0582880392 38.8030778827 44.4957695640364
4451 -76.5310287896 39.378815582 44.5062734523033
3945 -76.5485906804 39.385536387 44.5380052668165
3493 -76.539557204 39.3844522808 44.6678446127644
2445 -76.6458978217 39.4153546508 44.6682530128898
3847 -76.445729231 39.3461675903 44.705800333221
5489 -76.4339671271 39.3406879916 44.7222788726598
1792 -76.5745891178 39.3970019768 44.7278700121688
3853 -77.3425080133 39.3365171062 44.7509686237706
1443 -76.5544294978 39.3909442434 44.7554920909957
1735 -77.3746378641 38.2758348812 44.7559984484351
6984 -76.6129473441 39.4099042475 44.8486225418198
2214 -76.5129072291 39.377653866 44.8567993227142
7638 -76.4676060967 38.2345988351 44.9206128586942
4960 -76.8184396176 39.4440136931 44.9256835592279
2292 -77.6824729293 38.9852554519 44.9479723162848
3786 -77.5824746928 38.4438788607 44.9615767008305
3061 -76.5600607534 39.39640636 44.9850036499176
5777 -76.7935866655 39.4436903576 45.0269315302912
3668 -76.5867767447 39.4070209463 45.1366805930994
3743 -76.8050483772 39.4467241619 45.1740109200229
2979 -76.9748490896 38.1471455784 45.1902637389491
2273 -76.4817842174 39.371453394 45.2458525832409
3144 -77.438979982 38.307096884 45.2627295587415
4294 -76.0632487293 38.6601804506 45.2637332523642
5178 -76.461047801 39.3640134397 45.3415619699807
5855 -77.3532707392 39.341606057 45.3635347184919
5458 -76.6524950328 39.4276175389 45.3834397486609
1831 -76.537075628 39.3949786457 45.3856868460254
3651 -76.9932813779 39.44713778 45.388459663857
2823 -76.610552185 39.4182335278 45.4351301419892
4001 -76.0923269125 38.5718241753 45.4667333775769
11137 -76.5141873431 39.3881522914 45.4780762187798
4702 -76.1000070104 38.5521606337 45.5695254334529
1953 -76.8604309007 39.4552930515 45.5865018491396
2221 -77.7293744027 38.7903652917 45.5998072023182
4211 -77.421257346 38.2878099021 45.6548985237365
6642 -77.5557364697 39.2013929195 45.7147116762548
2908 -77.0935014155 39.4371482812 45.723432170995
2304 -76.6286015678 39.427360039 45.7336187977286
4750 -76.3780674963 39.3286775594 45.7423127107687
3629 -76.3623703044 39.3197521228 45.7589500937849
7280 -76.4251824514 38.2404829498 45.7712441258346
2947 -76.6823378987 39.4396054919 45.7772020199727
6676 -76.8128036059 39.4568445307 45.8346526975547
4180 -76.5453731015 39.4053368829 45.8614533337751
3833 -76.0355406761 38.741512427 45.897482378913
5455 -76.4838321161 39.3843973807 45.982490459089
4748 -77.6477557787 39.0946555982 45.992141501038
5714 -77.7321245064 38.7267407811 46.0203258033171
2094 -76.610618974 39.4272606257 46.0251782146215
3450 -76.4962490479 39.3915198124 46.1138260911432
2759 -76.4168104026 39.357532612 46.1991356531398
4745 -76.753353781 39.4575400497 46.2562031682839
3774 -77.1941969933 39.4217601866 46.3511643893565
3018 -77.4654250408 38.3039099781 46.3868065830588
3600 -76.4599725682 39.3810979312 46.3954157098214
7560 -76.5093099747 38.1908642277 46.5391779223438
4812 -76.826269941 39.4679030457 46.5436377028689
3983 -77.455448997 39.3021588588 46.5507626218907
5944 -76.6495013715 39.4447056871 46.5642782662018
4803 -76.5215545031 39.4082854236 46.5676320040562
4162 -76.5666943737 39.4239766955 46.6176589006777
3784 -76.5078926057 39.404746944 46.657829693172
5209 -77.4837034064 38.310980574 46.7093151910253
3760 -76.6148586709 39.4387803268 46.7101200019571
2647 -77.4746537154 38.3026521036 46.7906670753971
3143 -77.4576150489 38.2874364986 46.95207339361
4554 -76.4887479026 39.4028190777 46.9922777124085
4201 -77.2611877147 39.4104527708 47.0558751378057
3506 -76.5252590867 39.4184544246 47.1256809106539
6477 -76.7981316786 39.4745860796 47.1278383929157
3305 -76.0623597417 38.5656328598 47.1358116331062
6040 -76.4712451948 39.3991420512 47.1989972057488
4495 -76.0120297541 38.8650138203 47.2051318057094
3546 -76.453137521 39.3925989269 47.2678442487926
3498 -76.8003470583 38.1160278019 47.2875909174217
3853 -76.6240702504 39.450150559 47.3105799953325
6169 -76.9517432635 39.4793219373 47.3728439550042
3146 -77.3486620825 39.3788175329 47.3902068839738
8582 -77.5647528047 38.3651560622 47.4016481712561
3494 -76.7162743548 39.4696574506 47.4210377289592
4272 -77.3006986997 39.4017713817 47.4777604124593
6053 -76.0751359506 39.0752303962 47.5824735454555
5282 -76.4913261937 39.4147413585 47.6676613433331
3652 -77.71853762 38.5718222822 47.6866006147813
4424 -77.4762149354 38.2853177585 47.7324361856605
5843 -77.423068168 38.2493171197 47.8018483880061
5845 -77.5046230085 38.3038480263 47.8539990003859
3117 -76.1547646002 39.1958809993 47.942799028488
4470 -77.0588115212 39.4774085445 48.0280022971629
1862 -76.3861787678 39.3743850732 48.0749010387748
3377 -76.6288361597 39.4632835261 48.105831753665
5459 -76.3474036418 39.354334511 48.1458277013906
4677 -76.6833511782 39.4753459559 48.170422683877
5586 -76.5921458004 39.4577153966 48.3375260859583
5966 -76.6190543547 39.4654111077 48.3982381781632
3310 -76.4044793574 39.3911407107 48.5130820758882
2640 -77.4984407868 39.3113921072 48.5709530863229
3613 -77.7838480388 38.756026173 48.6271282471929
4706 -76.6128079896 39.4679272747 48.6636113266904
5795 -77.3389833735 39.4051112787 48.6801695231197
7950 -76.4391336292 39.4101718615 48.6943706780977
4393 -76.4653120267 39.4217265512 48.7285572960961
4981 -77.4696948106 38.259027703 48.8689804162174
773 -76.6534151185 39.4801113805 48.8727250022666
1660 -77.7701870924 38.649290102 48.9173339351914
4168 -77.430852376 39.3659433326 49.1413496329928
6198 -76.927595663 39.5073331181 49.2258275138169
1806 -77.5027489246 38.2737949995 49.2918505912543
5705 -77.6949651581 39.1305241251 49.3768300310498
5326 -77.402718304 39.3864527471 49.4158398525669
3770 -76.5125501717 39.4522383865 49.5367031462868
4096 -77.5218540678 38.2811009135 49.6347006877424
3803 -77.3340544927 39.4235347455 49.655468683723
4844 -77.4576672138 38.2364659717 49.6599010730775
2682 -76.8121979718 39.5128845226 49.7011941514653
2853 -76.6281940836 39.4890868616 49.8284880172458
