"pop" "long" "lat" "miles" "weight" "fact"
14 -86.0678604283 35.3916585339 1.36772600922914 0.534566560906345 7.48393185268884
4290 -85.9501904418 35.3891210438 5.64089546011957 0.0314270703359297 134.822131741138
5536 -86.0714810282 35.4610917526 5.82515430705932 0.0294703389973096 163.147796689106
5257 -86.1246122621 35.3125134927 6.24842172986513 0.025612934087975 134.647194500485
5982 -86.1786774864 35.4121147012 7.64416996815439 0.0171135193382674 102.373072681516
4005 -86.0454409117 35.4928002507 7.88732112699159 0.0160746288278728 64.3788884556304
4093 -86.1948237666 35.3576755017 8.33170566805534 0.014405626859703 58.9622307367644
3654 -86.0068611604 35.2634882167 8.33176015965773 0.014405438428181 52.6374720165734
3932 -86.2003313738 35.3803352979 8.51238989174667 0.0138005687623749 54.2638363736581
6442 -86.168202865 35.4830381937 9.83854049805621 0.0103309115848398 66.5517324295378
6052 -86.2426800761 35.369476509 10.9200790564006 0.00838587597581963 50.7513214056604
3842 -85.9772626029 35.5507044821 12.5652406050449 0.00633371302298102 24.3341254342931
1567 -85.8377533242 35.3196091186 12.6248611371017 0.00627403273213739 9.8314092912593
6046 -86.2246124896 35.2599349776 12.8614273318022 0.00604535297514529 36.5502040877284
7240 -86.1279058119 35.2027576179 12.9603659787415 0.00595340556526852 43.1026562925441
3850 -86.0942395231 35.1714359665 14.5673406379045 0.00471237071615062 18.1426272571799
6780 -86.109195888 35.5856025416 14.694640413295 0.00463107776601667 31.3987072535931
3846 -86.3255927558 35.2552267288 17.7790919937541 0.00316359474745094 12.1671853986963
5291 -85.7424232865 35.299438989 18.1721924759504 0.00302820549895603 16.0222352949763
2763 -86.3231912175 35.5183316863 18.1973130700988 0.0030198506594069 8.34384737194127
1828 -86.200687624 35.6144653108 18.3922440904805 0.0029561778325037 5.40389307781677
3167 -86.2372317001 35.161238924 18.4132578713563 0.0029494343190276 9.34085848836042
2770 -85.7367819632 35.4648446138 18.6003621852766 0.00289039500660217 8.00639416828802
5040 -86.0621690336 35.1101221683 18.6009397505101 0.00289021551397741 14.5666861904462
2951 -86.3787525289 35.4042029673 18.6546266996158 0.00287360370233067 8.4800045255778
6091 -85.8672947118 35.6057754817 18.7526984799105 0.00284362588236497 17.320525249485
2516 -86.4014826926 35.3225758375 20.2411293496072 0.00244079058591502 6.14102911416219
3758 -85.9395806783 35.089360171 20.9627180502478 0.00227564657531233 8.55187983002372
6979 -86.4140005538 35.4702225049 21.5016104811797 0.00216300747350638 15.095629157601
3340 -86.0309441604 35.7131631835 23.1507292462907 0.00186582388523981 6.23185177670096
3672 -86.3608226197 35.6033354698 23.4265925353631 0.00182214004366291 6.6908982403302
2787 -85.7927948536 35.1103597563 23.5591516549859 0.00180169263967096 5.02131738676298
5928 -86.434045259 35.5187335169 23.736992524693 0.00177479670580792 10.5209948720294
4585 -85.8290482779 35.680800836 24.2946276708386 0.00169425784295441 7.76817220994597
2512 -85.9272635552 35.7189301444 24.5101411301308 0.001664594196347 4.18146062122367
3040 -86.2285296717 35.0549160666 24.5862044943728 0.00165431047986543 5.0291038587909
5423 -86.4803157136 35.4494239361 24.7782977756834 0.00162875988457615 8.83276485405648
1806 -85.6827170734 35.5821649742 24.9898774886914 0.00160129646880556 2.89194142266284
4075 -85.6040876384 35.3812580249 25.1164305932416 0.00158520035203627 6.4596914345478
3708 -85.7411349479 35.664652692 26.3087369503951 0.00144477428335906 5.3572230426954
6013 -85.8275825306 35.7152524152 26.4093993940388 0.00143378142906625 8.62132773297538
1740 -86.4735177636 35.2159171392 26.4628321653915 0.00142799719782234 2.48471512421088
5459 -85.6555106321 35.1644453389 26.7351186257755 0.00139905816089028 7.63745850030002
6901 -86.494894734 35.5237648196 27.030724585523 0.00136862549199523 9.44488452025911
6602 -86.0895461585 35.768938527 27.0798577693664 0.00136366358085686 9.00290696081699
5109 -85.7657144131 35.7056101421 27.6759690827101 0.00130555245706778 6.6700675031593
4986 -86.3605946221 35.6923812448 27.8796333096655 0.00128654767797248 6.4147267223708
4372 -86.252541418 35.7743976763 29.6538118940429 0.00113720547876223 4.97186235314846
5003 -86.4038208284 35.0594915029 29.8170607234169 0.0011247871352079 5.62731003744513
6069 -85.5557351736 35.2212043479 29.9272282881551 0.0011165212856999 6.77616768291269
3532 -86.5849846426 35.4554680825 30.6538084093915 0.00106421928016946 3.75882249755854
6436 -85.7913487766 35.7913040395 32.0135291682033 0.000975737268486768 6.27984505998084
5503 -85.688630063 35.019433097 32.154536292973 0.000967198241326192 5.32249192201804
3579 -85.6604113362 35.7193318275 32.1574896033075 0.000967020596526753 3.46096671496925
3692 -86.5277401766 35.1257686432 32.1944603435022 0.000964800901639588 3.56204492885336
3981 -86.3288015915 35.7892100289 32.4484155178581 0.000949758109774421 3.78098703501197
8751 -86.4566660543 35.714730177 32.6385797481196 0.000938723078749519 8.21476566213704
2174 -85.4737058321 35.4362293441 32.7001860292301 0.000935189351964882 2.03310165117165
5123 -86.3679971186 35.7773913935 32.8842499244975 0.000924749530558967 4.73749184505359
2352 -86.6243652604 35.2697202716 33.315242681981 0.000900977691019042 2.11909952927679
6909 -86.5679486258 35.6197653828 33.623106841868 0.000884553934820494 6.11138313567479
3516 -85.7584924241 34.9501541495 33.9103677611128 0.000869630975336117 3.05762250928179
5897 -85.9288387334 34.8858845069 34.7737811775805 0.000826982208256451 4.87671408208829
3859 -86.0535790756 35.8875105704 35.1883527010953 0.000807610817209104 3.11657014360993
8642 -86.3499513595 35.8288610586 35.4234451204432 0.000796926754487308 6.88704101227932
4740 -86.3717141954 35.8202724382 35.5118983988508 0.000792961717539305 3.75863854113631
6492 -86.6113302208 35.137779169 35.8524756233355 0.000777967942683879 5.05056788390374
4898 -86.5319473956 35.0365193442 36.1171443364337 0.000766607723593207 3.75484463015953
7909 -86.4314403822 35.8013724183 36.2787278254352 0.000759794072708309 6.00921132105002
8037 -85.4067273552 35.3535840202 36.2949889877776 0.000759113407559429 6.10099445655513
4024 -86.3781745956 35.8365447915 36.6652782732389 0.000743857984600782 2.99328453003355
2119 -86.2182008683 34.8670135608 36.6689483459841 0.000743709091522589 1.57591956493637
4453 -86.4033834361 35.8277687761 36.8883191577749 0.000734889879426487 3.27246463308614
2966 -86.3622486909 35.8484762446 36.9448693623398 0.000732641861343415 2.17301576074457
2823 -86.3113200393 35.8719135486 37.1518811842294 0.000724499986510257 2.04526346191846
3778 -85.4574520638 35.1396837308 37.3040662498469 0.000718600727501132 2.71487354849928
7429 -86.3506517688 35.8631309413 37.5398949625303 0.000709600468825276 5.27162188290298
5673 -86.3833407131 35.8521015456 37.7412742276193 0.000702048122739664 3.98271900030211
4623 -86.4338074215 35.8283434839 37.8718001970183 0.000697217214283568 3.22323518163293
9355 -86.3984270028 34.9065549962 38.1701252234667 0.000686361367016337 6.42091058843784
6514 -86.3720570942 35.8660905271 38.2781160392443 0.000682494083234795 4.44576645819146
3749 -86.529491389 35.7717074528 38.3163664894755 0.000681132123427199 2.55356433072857
4641 -85.5169558699 35.03509697 38.3535062557149 0.00067981360827465 3.15501495600265
10129 -86.4539139788 35.8277494131 38.4954173432928 0.000674810661224414 6.83515718754209
4378 -85.7642902306 35.8891928431 38.7726632672903 0.000665194627834245 2.91222208065833
4455 -86.3687780868 35.8786636043 38.9601500269822 0.000658807840120087 2.93498892773499
4691 -86.4019727265 35.8650914988 39.0439272117692 0.000655983644104387 3.07721927449368
3868 -86.5034829503 34.9435761234 39.5706436726887 0.000638636550541301 2.47024617749375
6609 -86.2568259951 35.9294378366 39.832022807338 0.000630282539412282 4.16553730297577
8542 -86.4686313867 35.8456969912 39.9845774737477 0.000625482232824273 5.34286923278494
4508 -86.7571324605 35.3444140448 39.9946739752183 0.000625166471522369 2.81825045362284
2367 -85.4360540681 35.6709519883 40.0086914633598 0.000624728480269602 1.47873231279815
4036 -86.6226031367 35.0380978637 40.0624072059328 0.00062305432939268 2.51464727342886
5707 -86.4031278281 35.8824677889 40.1151735319627 0.000621416312516143 3.54642289552963
5460 -86.7404836489 35.5184636453 40.1225919606969 0.000621186541395742 3.39167851602075
7490 -86.3547754988 35.9071910786 40.3792917420037 0.000613313615112943 4.59371897719594
2439 -86.6185668138 35.7351970515 40.4173034213992 0.000612160538792306 1.49305955411443
3901 -85.3374319985 35.3008499316 40.5353696208282 0.00060859968753588 2.37414738107747
3181 -85.4873040998 35.7488711708 40.689954906649 0.000603984207078756 1.92127376271752
2722 -86.4413608361 35.8817441395 41.180860394227 0.000589670182691336 1.60508223728582
5128 -86.4032407576 35.9003696762 41.1971848980051 0.00058920295824533 3.02143276988205
6749 -85.7005051443 34.8522951125 41.4281866972838 0.000582650536280284 3.93230846935563
6313 -86.5448261677 35.8344996467 42.069459621883 0.000565023007976655 3.56699024935663
4272 -85.5570205594 34.9221170349 42.1143247794892 0.000563819790610117 2.40863814548642
6763 -85.8160127592 35.9581884457 42.1683126848549 0.000562377002800254 3.80335566993812
3337 -85.554358541 35.840008216 42.3417509478734 0.000557779274849584 1.86130944017306
1816 -86.7582972951 35.1760365302 42.4176665989888 0.000555784526521429 1.00930470016292
3934 -86.7984404253 35.4391027346 42.4345930397834 0.000555341228873359 2.1847123943878
6801 -86.7293676234 35.6456078843 42.5013254390436 0.00055359868751041 3.7650246737583
8125 -86.589342743 34.9455626847 42.7842602865174 0.000546300935971451 4.43869510476804
4215 -86.8020486957 35.4603404862 42.8001406204652 0.000545895618057587 2.30095003011273
5951 -86.0486473067 34.759035862 42.8728050734627 0.00054404672616702 3.23762206741993
6444 -85.3452686771 35.1300673349 43.3371630165011 0.000532450261502382 3.43110948512135
1007 -85.353000493 35.1129864058 43.4274299487235 0.000530239092158853 0.533950765803965
6819 -85.309296941 35.1977243656 43.6263632846766 0.000525414406921447 3.58280084079735
6500 -86.4246784562 35.9432633742 44.3762980887493 0.000507806037041486 3.30073924076966
4957 -86.5476392373 35.8825495385 44.7078134570216 0.000500303037525276 2.48000215701279
5725 -85.3831322319 35.0292660102 44.753618189453 0.000499279454608036 2.85837487763101
5447 -85.9253444504 36.0226897047 45.080337512436 0.000492068633498927 2.68029784666866
3332 -86.7423099456 35.0550524118 45.1098520817788 0.000491424940735515 1.63742790253073
7358 -86.4751197498 35.932907435 45.1831647244757 0.000489831496243847 3.60418014936223
6108 -85.3089471531 35.1248968547 45.366015313756 0.000485890860221323 2.96782137423184
4992 -85.4643428263 34.9293929247 45.40264931367 0.000485107075802846 2.42165452240781
5699 -86.8522517927 35.4397682235 45.4587471344515 0.000483910533429939 2.75780613001722
4166 -85.5959783574 35.9236663693 45.4972873918952 0.000483091049962453 2.01255731414358
8311 -86.4969661977 35.9276715749 45.5433227989219 0.000482114922093059 4.00685711751542
4120 -85.3078721711 35.1026598762 46.0439135227814 0.000471688774550018 1.94335775114607
5516 -86.4015775888 34.7785032469 46.06349023768 0.000471287929785988 2.59962422069951
1457 -85.3329133693 35.0556382778 46.2526188115493 0.000467441584204723 0.681062388186281
1897 -85.2616646862 35.1926115029 46.3074765697844 0.000466334738807272 0.884636999517394
7848 -86.5799719802 34.8672920545 46.4017219392965 0.000464442341060688 3.64494349264428
5662 -86.1414955997 36.0462081278 46.4540079430252 0.00046339742938154 2.62375624515828
2834 -85.2832857684 35.1318110973 46.5264144488711 0.00046195623169893 1.30918396063477
2747 -85.3014055332 35.0955901604 46.5818099915853 0.000460858159295002 1.26597736358337
6027 -86.696477249 34.9607095685 46.6392230058324 0.000459724222292964 2.77075788775969
5817 -85.264873845 35.1611719287 46.7954243659321 0.000456660260335883 2.65639273437383
2135 -85.7431621159 36.0079794336 46.798081840443 0.000456608398015994 0.974858929764147
1348 -85.3130991951 35.0684030382 46.8216417901862 0.000456148996596102 0.614888847411545
2481 -85.3221985287 35.0419951669 47.2448636295356 0.000448013190207539 1.1115207249049
7199 -86.5360417946 34.8227355092 47.308678094698 0.000446805359382622 3.2165517821955
4360 -85.2705396728 35.6353347047 47.3115365111394 0.000446751371822774 1.9478359811473
6608 -86.5757566815 35.9152519493 47.4579190497142 0.000443999639581083 2.93394961835179
3071 -85.2820788701 35.0955656848 47.575372492475 0.000441810064984198 1.35679870956647
1832 -85.3510350747 34.9943357341 47.6043440370072 0.000441272465936152 0.80841115759503
1708 -85.3098232713 35.0487610584 47.6269088819533 0.000440854429736986 0.752979365990772
3003 -85.298693154 35.0641678353 47.680509920299 0.000439863795492053 1.32091097786264
3810 -85.2902855698 35.0752677419 47.7585752330423 0.000438426983762799 1.67040680813626
6255 -85.2655969415 35.1146661753 47.9012783812733 0.000435818630954408 2.72604553661982
5598 -86.5324757498 35.9519029593 48.0463387498565 0.000433190977039315 2.42500308946609
5583 -86.7495468567 35.7783237477 48.116451114429 0.00043192945775176 2.41146216262808
2037 -86.5119757639 35.9642556747 48.1206630895038 0.000431853847966974 0.879686288308726
1211 -85.3121990079 35.0289119827 48.1883948285579 0.000430640707095108 0.521505896292176
2741 -85.3342170846 34.9989102959 48.2216819105683 0.000430046375899226 1.17875711633978
5092 -85.2985649381 35.0447116724 48.3205352138316 0.000428288613077242 2.18084561778932
1781 -85.193280554 35.3464823667 48.3470600378716 0.000427818794901106 0.761945273718869
5095 -85.2494046336 35.1234202373 48.5220853847701 0.000424737967558013 2.16403994470808
6944 -85.2269451492 35.1593660787 48.8675838406939 0.000418753323125281 2.90782307578195
4438 -85.8079158178 34.6993559407 48.950648947763 0.000417333351059744 1.85212541200314
3959 -85.3148163766 35.0034416304 48.977014902053 0.000416884143188094 1.65044432288167
3523 -86.3261964828 36.0522686432 49.1096286075211 0.00041463570806719 1.46076159952071
6630 -85.212040742 35.1864764155 49.1200554561502 0.00041445969503707 2.74786777809578
2084 -86.5262356796 35.9739946859 49.1205338577364 0.000414451621948512 0.863717180140698
5668 -85.1912946533 35.2595666915 49.1308376412254 0.000414277801505579 2.34812657893362
3143 -85.2766738955 35.0490672269 49.2693343391294 0.000411951995166849 1.2947651208094
1774 -85.2805887025 35.039678904 49.3807541090842 0.000410095084926669 0.727508680659911
6989 -86.4350935905 36.0206103425 49.3989557162911 0.000409792932203987 2.86404280317367
2066 -85.2849065215 35.0323373612 49.4121905800983 0.00040957343870474 0.846178724363992
7353 -86.4790747195 36.0023256534 49.4251469109852 0.000409358735308079 3.0100147807203
2840 -86.548353893 35.9681771966 49.4778161585489 0.000408487672573999 1.16010499011016
4059 -86.0358354822 34.6633396036 49.4983876427861 0.000408148208929347 1.65667358004422
9826 -86.4976729171 34.7633954327 49.561384309262 0.000407111287305306 4.00027550906194
4609 -85.2539267037 35.0755363918 49.604107540746 0.000406410312308502 1.87314512942988
5613 -85.9822505507 34.6618832305 49.738877993816 0.000404210910151004 2.26883583867758
6736 -86.7196071725 34.9124780382 49.7755239753837 0.000403615948947637 2.71875703211128
2734 -85.2841237575 35.0224157076 49.7894298957545 0.000403390524898134 1.1028696950715
1492 -85.2979365674 35.0022894284 49.8305245355922 0.00040272545652953 0.600866381142059
3518 -86.256492117 34.6776052752 49.9036915189944 0.000401545399313112 1.41263671478353
2908 -85.2575933901 35.0589001177 49.9199727901123 0.000401283516021718 1.16693246459116
