"pop" "long" "lat" "miles"
4522 -104.762846385 39.689352232 0.948830114340876
5059 -104.78159844 39.703863445 1.26307837609608
3499 -104.785084127 39.6915309695 1.63360584721389
5030 -104.780020946 39.6851740771 1.68085889163891
6739 -104.762819212 39.6749100422 1.92867030083459
6750 -104.800809518 39.7020348964 2.28243598358248
5274 -104.781564753 39.6733108074 2.38120787047066
5627 -104.800422933 39.6911426726 2.39516432707857
3797 -104.800349259 39.7164817704 2.45490752094725
4958 -104.716349783 39.6840689551 2.55531175585419
3245 -104.734670703 39.667544897 2.71873750704752
3636 -104.802806213 39.6813641674 2.8020129557786
6685 -104.762726393 39.6604148739 2.9248705208761
4265 -104.799178913 39.6735374062 2.97415932673032
4399 -104.780202325 39.6621735226 3.03341543801395
6332 -104.800597592 39.7328956731 3.09270759418117
3119 -104.814851473 39.6899405271 3.1525506323373
5376 -104.819605521 39.7033260141 3.28292221998164
5450 -104.817883515 39.7177330384 3.35920214422345
2310 -104.795757991 39.6607695763 3.52181022128497
2708 -104.785080344 39.656095922 3.52270189950483
4462 -104.824121813 39.6894092031 3.63831813325047
3456 -104.765413894 39.6488555837 3.73461651578185
4171 -104.819437748 39.6754594641 3.77207461226618
5421 -104.817696901 39.7329799579 3.81424108088506
4435 -104.781817873 39.6486432283 3.93898564336323
3143 -104.757940097 39.6441479782 4.03892867848034
8692 -104.73481647 39.6457253476 4.1179565483755
3254 -104.790866959 39.7572009701 4.16761993372115
4859 -104.812653662 39.6589069136 4.19480839023928
3977 -104.837145695 39.706638499 4.22538705485413
4168 -104.83647133 39.7183119887 4.31971337335681
2661 -104.839048069 39.6993838252 4.32282161955337
2327 -104.794433898 39.6462032438 4.35459429729641
3548 -104.778367475 39.6415024143 4.35993749602611
5545 -104.838085126 39.6892980934 4.36355195271736
3256 -104.833654195 39.729294536 4.43416871933036
3730 -104.838113432 39.6784816319 4.5810977108164
3039 -104.827403258 39.6624729333 4.62164264632491
4665 -104.803766984 39.6455678265 4.63525447817878
1706 -104.770242417 39.6345255095 4.75002230257312
3059 -104.838195388 39.6712768841 4.78879430906975
2548 -104.836243634 39.7382116023 4.84281219423841
2458 -104.840122455 39.7332477346 4.86208831496572
5557 -104.817570695 39.7573044244 4.94166805281729
2842 -104.814729753 39.6457636512 4.95668002452883
3248 -104.73774544 39.6323829726 4.97032066029639
7020 -104.744449075 39.7756600663 5.10875936946944
4797 -104.852568612 39.7150063047 5.10965977484418
7703 -104.762845067 39.7768083601 5.14428563694034
3444 -104.765848061 39.6280157935 5.17206929035506
4611 -104.784129246 39.630116997 5.20015163825072
854 -104.837017288 39.747023761 5.2130040066913
3437 -104.856441047 39.7073844747 5.25340256854972
2853 -104.824289054 39.6461037937 5.26515012155505
5196 -104.802897601 39.6342630809 5.29503575789791
3103 -104.658194515 39.7026134865 5.30780237027444
5086 -104.856577567 39.6893098148 5.32975931921093
4277 -104.858111507 39.7001919808 5.33433057500352
4075 -104.857870459 39.7203152395 5.45860201370356
5701 -104.856430026 39.6749305602 5.58024229221402
4500 -104.850214248 39.6639978127 5.58953300548329
4992 -104.856562095 39.7310583597 5.60682179852499
4320 -104.765096902 39.6198988112 5.72905840661659
5814 -104.747100801 39.6191716242 5.79537749376382
3661 -104.836216471 39.643970623 5.81264315396332
5484 -104.837323396 39.760414232 5.81962783261748
2782 -104.801524549 39.6243120134 5.88803490349548
3758 -104.856425598 39.7420023126 5.90899057331024
3763 -104.870956285 39.7037537851 6.01590901107532
4550 -104.870599417 39.6910743953 6.04906554322283
6962 -104.791398705 39.7861504555 6.05163167651246
3589 -104.869472137 39.7217701744 6.0828428478504
7516 -104.752589042 39.7903957123 6.08414403422063
5316 -104.783098102 39.6164773848 6.1020344025809
7684 -104.724545778 39.6178645364 6.12087276428771
5742 -104.856402462 39.7493070751 6.15748114403294
2505 -104.870079406 39.6799098118 6.1714551456398
4927 -104.8654038 39.7383799318 6.23276690603457
3203 -104.765170795 39.6119071162 6.28099164215665
6825 -104.830450142 39.7770197535 6.43633757375798
3871 -104.871334331 39.6680933411 6.49013717291008
4784 -104.734510896 39.6102875517 6.50188441422506
6044 -104.684771745 39.7782176961 6.52289288971895
3066 -104.804412817 39.6152734014 6.52416580830718
5961 -104.820186401 39.7840760568 6.54059174015221
4464 -104.863660257 39.6540518216 6.55244528283479
2823 -104.879997434 39.6856676999 6.60128523658393
3915 -104.87690604 39.731506326 6.6402858234237
4356 -104.822203021 39.6202222288 6.64352374273502
4725 -104.882936134 39.7052639304 6.65548301290418
3732 -104.875235797 39.7420015981 6.81225980567776
4511 -104.814841747 39.7919839684 6.88813155120146
6698 -104.777316001 39.6033333984 6.93946225736933
5555 -104.87383318 39.7489763672 6.95298919889362
6106 -104.888278658 39.6932688762 6.96729036282195
2809 -104.752165279 39.6008585622 7.04009464073076
4703 -104.877862991 39.659385178 7.04820815944862
7316 -104.888921591 39.7197916854 7.07206729316923
3768 -104.889098927 39.6799872595 7.1541742805202
5451 -104.838413615 39.7857312838 7.17246500534579
2383 -104.858159194 39.632918588 7.18850279647912
4168 -104.893305306 39.7024381322 7.20479514736926
1805 -104.802377626 39.602731114 7.29847081179009
7087 -104.889067844 39.6706216349 7.32164420941071
3963 -104.828682112 39.7943963485 7.38491302149228
2284 -104.726503343 39.5983409762 7.39932236076536
3096 -104.897293625 39.6847290537 7.51957996021171
5978 -104.894058966 39.7365068508 7.61475149229559
3637 -104.841557662 39.7938648227 7.72617688355342
0 -104.856598395 39.7866372641 7.83489742123739
4213 -104.894828176 39.7443923997 7.83798445066886
5865 -104.894740773 39.6597961121 7.86061732857221
10138 -104.870650908 39.7772329245 7.91507207487831
5207 -104.888837752 39.6463469904 7.98036739701685
6612 -104.907828087 39.6996059229 7.98043310775857
3696 -104.790540412 39.5881766226 8.09912874952661
5475 -104.862033194 39.6169095747 8.11283951671674
5097 -104.843174414 39.6042133719 8.17742437411607
1980 -104.7648779 39.5825369832 8.3090177415244
4807 -104.913001789 39.718554479 8.32612993341253
3052 -104.914804584 39.6854280081 8.43346081887091
2586 -104.917117538 39.7025113162 8.47207448743062
5456 -104.912949381 39.7328633011 8.51101578642798
4632 -104.747367289 39.5795696151 8.52460984564744
5808 -104.914700134 39.673777102 8.57900266826837
3108 -104.910938971 39.6601608701 8.65710867799145
4109 -104.912876528 39.7455944098 8.76534844903362
6979 -104.904634589 39.6444486722 8.78392345630885
2184 -104.894932558 39.6305806435 8.83145155151367
3810 -104.894047746 39.7759839733 8.84514277403218
4430 -104.678897018 39.5891690149 8.90037531456609
4075 -104.724915385 39.5763826737 8.90190251871892
3832 -104.926330398 39.704049343 8.96289343801533
2158 -104.88085298 39.6132411454 9.00042506105994
2521 -104.92169725 39.6677651954 9.0437124600462
4289 -104.912840507 39.7565122282 9.0475484806225
3368 -104.926979628 39.687554076 9.05739825546505
3611 -104.695833655 39.5787568542 9.17891117385511
1883 -104.930778238 39.6982125817 9.20424379131922
2467 -104.926425528 39.7329448078 9.20891293655899
4067 -104.931543712 39.7183946619 9.30366693900626
4143 -104.888650712 39.6110668387 9.4073995427767
2301 -104.935869595 39.7044008989 9.47080652306822
7648 -104.835936672 39.5793960089 9.4775385185309
3313 -104.935622399 39.6933201615 9.47899519387355
2018 -104.909408151 39.6300988581 9.49568978624238
1808 -104.921819574 39.6476006126 9.51735612035694
3111 -104.935651329 39.684749077 9.53934329122115
4173 -104.91273064 39.7730408828 9.57029464679113
4469 -104.935556644 39.732899657 9.68188047228584
4057 -104.873048337 39.5941722838 9.68422543675191
4121 -104.931205677 39.6599061141 9.68456680551987
1206 -104.936042026 39.6739057878 9.68583716200956
4481 -104.931433979 39.7455915611 9.69966271685438
5093 -104.931426703 39.7565232179 9.9568469259401
1219 -104.905452389 39.6121304874 10.0414876699745
0 -104.842222509 39.8334408799 10.1035702720365
2779 -104.945063947 39.7361111538 10.2242278084777
4172 -104.950426687 39.704990598 10.2460082035432
3892 -104.949798122 39.6904429209 10.2464330537596
5589 -104.949307032 39.7193794807 10.25038135462
3002 -104.950464057 39.6814282873 10.3518322757601
1209 -104.900203681 39.5990836866 10.4226045838753
3099 -104.950856976 39.7291000063 10.4288589615857
4489 -104.950047137 39.6729581608 10.4294378497036
6242 -104.823366563 39.5589518998 10.5263078120246
3648 -104.931836166 39.775726499 10.5453015416859
3133 -104.949612421 39.6605354224 10.6100879189532
4239 -104.938551782 39.6372079942 10.6261319725662
2907 -104.950167701 39.7456280283 10.6533126393611
4357 -104.954368744 39.7365148332 10.7130186199868
4530 -104.892435518 39.5873386163 10.7158051501077
7656 -104.918098645 39.7985313345 10.8007257263788
3869 -104.913533013 39.6022946374 10.8055909252253
3106 -104.950249532 39.7565357374 10.8918785588839
4485 -104.966056303 39.6969940886 11.0836687457773
3001 -104.962327548 39.7345747921 11.0991285624645
2420 -104.966849266 39.7117964717 11.1364830888157
3001 -104.966014247 39.7222778206 11.1566569571396
4337 -104.950099407 39.7674242846 11.1645550387436
6540 -104.715202492 39.5444141336 11.1722319302581
3138 -104.967235754 39.6827363109 11.2248341763334
6237 -104.966021518 39.6703307655 11.2991189306398
4382 -104.802536784 39.5425982906 11.3158945935195
4882 -104.889115697 39.5730922885 11.3583798054754
1165 -104.688256654 39.8582458125 11.3899261282802
3091 -104.963912392 39.6567068097 11.4151718050185
1825 -104.941364221 39.6168890726 11.4247164966415
4970 -104.96887432 39.7345900382 11.4408663947538
3389 -104.966516161 39.743320716 11.4507573636967
4720 -104.913563995 39.5877965672 11.476775357227
5466 -104.783768811 39.5378129558 11.477366337882
1455 -104.96647195 39.748711771 11.5456144285033
5436 -104.907832087 39.8235788384 11.5603054865206
4789 -104.932752916 39.6026689051 11.5937897023411
3791 -104.976727227 39.7015979472 11.6447573144258
4158 -104.977061455 39.7154234521 11.6952185540722
4831 -104.966576992 39.7563659999 11.7078712800041
2410 -104.839468642 39.5452825366 11.7132882090719
2583 -104.978234926 39.7239459906 11.8160930907808
4785 -104.976458108 39.7360155012 11.8557372003026
4921 -104.921761413 39.8197908963 11.9030179284735
5393 -104.981068306 39.6866091089 11.9278913738273
3742 -104.767143983 39.5301075968 11.9375876468979
4651 -104.966218406 39.7671994519 11.948814387764
6401 -104.957501671 39.7825641504 11.9718948181954
5323 -104.980185262 39.7296542079 11.9740520307324
2736 -104.977169006 39.7433387818 12.0011671677169
2553 -104.980544 39.6731447717 12.0232939241945
1687 -104.975469155 39.7498871795 12.0281237858824
2602 -104.983937092 39.7038131154 12.0284185872311
2391 -104.978676073 39.6639054965 12.0514991800531
1748 -104.968908466 39.6383291793 12.0797426619077
4213 -104.984186438 39.7177340558 12.085957295505
4979 -104.913647213 39.5733082384 12.1949825247795
5609 -104.932199163 39.5878119602 12.2123472324046
4032 -104.979435351 39.6558762662 12.2263347881935
4600 -104.983648781 39.7360447323 12.231570148305
3517 -104.893579955 39.5586306204 12.3011962166962
3338 -104.980167301 39.7533851789 12.3353307687947
4440 -104.877261446 39.5496538234 12.3394809549433
3087 -104.983723308 39.7437146156 12.3463153435154
4294 -104.563848354 39.6038001716 12.3889694087269
3146 -104.950646893 39.6022103999 12.3899465459805
2316 -104.944284248 39.8107126881 12.4178905761022
4752 -104.903964439 39.8435809269 12.4687995508049
6637 -104.809912841 39.526526855 12.4863390976282
5305 -104.787196323 39.8823014413 12.5318690152099
2218 -104.993192354 39.6812635806 12.6088608366876
1577 -104.991188171 39.7354086101 12.6177311429639
2672 -104.98308383 39.6449196584 12.6329655527951
4879 -104.99619676 39.7152139354 12.7097887366539
7685 -104.985305872 39.7619855899 12.7757660291986
3209 -104.995834274 39.7309759749 12.8107129968059
1585 -104.517656686 39.6884487981 12.8255986585557
3648 -104.993166921 39.745121956 12.8575520438401
2902 -104.915037614 39.5613901848 12.8601183652052
2215 -104.93235115 39.5732994777 12.8938330071551
8437 -104.826302936 39.8817692886 12.9197884277841
3616 -104.973957616 39.6168868985 12.9402061835511
2621 -104.983241999 39.6313109417 12.9696553187745
4271 -104.950865389 39.5878753024 12.9814569040689
3593 -104.995906998 39.660224742 13.0028126088926
3926 -105.003430549 39.7030912471 13.0656499160349
3733 -104.756652648 39.5131548413 13.100336682608
4249 -104.894913893 39.5436964573 13.190796870559
3687 -104.986638986 39.7806787464 13.3119360104314
4075 -104.913885548 39.8534245914 13.3296772966246
2930 -104.907608915 39.5474396412 13.3679524488763
4350 -105.000455274 39.7534404492 13.3743908770373
3587 -104.780749869 39.5098149544 13.3865608263777
4747 -104.973619409 39.6022769472 13.4186155680284
5750 -105.009866134 39.6932435976 13.4244495157318
2693 -105.00052702 39.6473803212 13.4679996027514
2910 -105.008614417 39.7331892347 13.5060453971307
4070 -105.012869427 39.6859131667 13.6182502110357
5322 -104.951060904 39.5733319906 13.6280950695198
705 -105.008282647 39.7457763643 13.6513995501206
3210 -104.967512262 39.5880788525 13.6859461592261
3834 -104.919128488 39.5482603357 13.6986307913057
3941 -105.015213722 39.7171762075 13.7286932526329
6498 -105.013323343 39.6724351184 13.7536339285747
2864 -105.002368292 39.6374855817 13.7711502329312
2495 -104.965102051 39.8224926828 13.7916592204602
6263 -104.737158664 39.5034750098 13.8141667274654
3115 -105.005607045 39.7634819429 13.8336847830565
4052 -104.933290782 39.5548716722 13.8427935384938
4972 -105.018188408 39.7041019583 13.8513243736703
5205 -104.795014137 39.5034280256 13.9141039093318
3224 -105.014569146 39.6626302656 13.9384698381068
2975 -105.00198812 39.6283764802 13.9716875204562
2601 -105.00468562 39.7729150929 13.9994851401951
5610 -104.997392067 39.6186324141 14.0106939884722
1448 -105.021068629 39.7357839129 14.1885995244034
5531 -104.904236063 39.5305591034 14.2232762161896
3028 -104.966520566 39.5735220024 14.2517821242852
2443 -104.798426502 39.9069269341 14.3012287787238
5406 -104.94961068 39.5577301033 14.3045770706512
2899 -104.981500943 39.5876400824 14.3170576030205
2552 -105.019187517 39.7521743322 14.3170606468799
3761 -104.997492825 39.6077582459 14.3443112207626
5314 -105.017728915 39.763080321 14.4411450893604
3916 -105.012048008 39.7800166581 14.5404677274058
3450 -105.032057519 39.7004193268 14.590129948977
4596 -104.757992913 39.4915641086 14.5936637651509
2414 -105.023032987 39.6480527681 14.6089627557382
4357 -105.032424728 39.7076033373 14.6123815889008
7037 -105.032052123 39.689552991 14.6178719953708
1692 -104.848169356 39.5029317493 14.6210241230802
6047 -104.845882604 39.9028153965 14.6212107130263
6111 -105.032369703 39.7183790069 14.6451678042756
3210 -104.996627601 39.5969413484 14.6622596195172
2959 -104.995448228 39.8106265679 14.6780388636534
3209 -105.018246923 39.7729355261 14.6784367609643
5327 -105.031804415 39.6749313048 14.70314201722
3631 -105.031985056 39.7304617474 14.709748342772
3298 -104.880872596 39.8932270795 14.7203456634925
3874 -105.011794175 39.7874939301 14.7259073499589
5574 -105.032215847 39.7405416283 14.828479041385
3189 -104.980483912 39.5732449139 14.8505826202531
3462 -104.922871476 39.8759865068 14.8599912184783
5200 -104.940705889 39.8657057308 14.8927706406941
8411 -104.935119384 39.5356014211 14.9159632865535
3594 -105.024293419 39.6333621206 14.9684939020127
3171 -105.011239773 39.6087483433 14.969317915042
9203 -104.971631262 39.8434429387 14.9696602226043
5535 -105.034458258 39.6614640632 14.9929681321444
5424 -105.032187807 39.7525225849 14.994919876266
3718 -104.97260804 39.5607348116 15.0671594072607
2259 -104.955983263 39.5466423315 15.0877948925578
2106 -104.997823692 39.5864597563 15.0913264536859
6586 -104.689257395 39.4899916652 15.1512055639928
3061 -105.015668501 39.7972981552 15.1942059500515
4504 -105.032319002 39.7639737046 15.2026693024544
1678 -105.018557915 39.6123303386 15.2178898561454
2579 -104.886059873 39.5054254758 15.2493416057163
2539 -105.024226888 39.6196045139 15.2973335946727
3974 -105.045885713 39.7005677358 15.3259300384789
5415 -105.046097778 39.6894803212 15.3644098613558
4645 -104.970804345 39.8528288723 15.3673115689672
4112 -104.958372938 39.8626394734 15.3683954226847
3705 -105.04682901 39.7077750894 15.378994698278
5376 -105.046459412 39.7185370149 15.3936994128337
5127 -105.046690771 39.7304513361 15.4857027819495
4087 -104.995455021 39.8329096907 15.5186365565074
4166 -105.046138876 39.7394202142 15.5452799212765
6198 -105.04812631 39.6756268333 15.5591096582995
4429 -104.949657165 39.8732246542 15.5970243619311
4894 -104.9745505 39.5503816658 15.6198393326352
1856 -105.042832246 39.6459392485 15.6658974781161
1814 -105.045818211 39.7509297848 15.6776920822448
3002 -105.003518739 39.5775596606 15.6805624216468
3774 -104.988807693 39.8443576982 15.7134007664589
2858 -105.048041315 39.6605959395 15.7146392844988
5003 -105.039209398 39.7730351741 15.7368092980638
3633 -105.015513403 39.8151125657 15.7563615238446
5726 -104.955231519 39.5326510609 15.768014957018
4644 -105.040713853 39.6332669408 15.8014252470724
9410 -104.92295609 39.5126054494 15.8101534502594
3109 -105.039521985 39.7802646511 15.9137995102947
4036 -105.04626554 39.7639474726 15.9158642926032
4242 -104.971082553 39.8644581431 15.9323822272883
3547 -105.018793342 39.5892498473 15.9521247305982
2021 -104.949523673 39.881375346 16.0231727045346
571 -104.89899096 39.9081562492 16.077864618415
4283 -104.931112957 39.8932769965 16.087324774385
3692 -104.999115202 39.8431011159 16.0925304947808
4574 -105.042527191 39.6191877434 16.215130486281
3934 -105.043857345 39.7875434399 16.3050098692637
2822 -105.059695482 39.743993971 16.3093394963631
4829 -105.064513448 39.7032420221 16.3164621508452
3626 -105.039089654 39.7976106258 16.335447963467
3156 -105.016800508 39.8306016141 16.3687173896314
6346 -104.977860349 39.536643464 16.4016940890639
7586 -104.724593738 39.9386346022 16.4274345173364
6695 -105.061559902 39.6594894573 16.4363037053514
5897 -104.950405188 39.516857985 16.4372294149524
2794 -105.029826015 39.815668939 16.4405460555346
5276 -105.067333052 39.6930577294 16.480710519843
5827 -105.010589398 39.8406017929 16.4821369695603
4006 -105.067398311 39.7148162292 16.4904308715384
6500 -104.96824686 39.8779904344 16.5005595643235
3915 -105.067314259 39.6858517878 16.5079163294954
4021 -105.067369489 39.7220276485 16.5212511946476
2959 -105.017254497 39.5713990616 16.5265233095992
5060 -105.059437479 39.761777914 16.5546539012564
3115 -105.062632229 39.7512177162 16.5566975805207
6198 -105.067486671 39.7329289294 16.6047062593266
3103 -105.068340676 39.6749213074 16.6335139832186
7987 -104.923694772 39.9073413052 16.6824194018838
4222 -104.982705887 39.8708691469 16.6835849179285
2032 -105.062578151 39.6439684067 16.7186503842713
7650 -104.952643405 39.892486986 16.7253528642904
1283 -104.997118456 39.5454948241 16.7457731307025
5664 -105.001262759 39.8562809506 16.7463181732873
6306 -104.729693859 39.4614079414 16.7474465923131
2326 -105.038907182 39.5886744633 16.9120337850717
3613 -105.019955067 39.8419572269 16.9435087387986
4628 -105.076713557 39.7059299492 16.9669677705463
3906 -104.912321258 39.917811351 17.0016261329472
4931 -105.041359442 39.8177225858 17.0481514771636
2899 -105.048372131 39.5983213025 17.0663774358451
2194 -105.075018744 39.6651490319 17.0771017308635
3839 -105.074875933 39.7467197979 17.13729695717
3740 -104.992759459 39.5331617039 17.1419367767535
3137 -105.067355522 39.772983595 17.1655405274735
2849 -105.048874986 39.811964558 17.2243196965792
2030 -105.074614769 39.649936615 17.2486132632457
2672 -105.015473417 39.8543945694 17.2569180284414
5400 -104.994746861 39.8733073427 17.2625788542111
5220 -104.909285949 39.4816113489 17.2811559191583
3905 -105.073463275 39.7623189259 17.2874006192311
2310 -105.067819926 39.7804329536 17.3415069039706
4569 -105.037978589 39.8315474283 17.3597819892669
4315 -104.513120562 39.8692161612 17.3859352938434
5342 -104.949429118 39.906616078 17.4025530645334
4611 -105.004652041 39.5373822954 17.4166615619563
1499 -104.912636423 39.9250082804 17.4470031325279
7440 -104.830105939 39.4563609546 17.4581706466625
4995 -105.070829163 39.6260850735 17.4809362133402
3525 -104.931118298 39.9174117446 17.4819734670265
6655 -104.97624838 39.8921326162 17.5109437446946
2428 -105.065529342 39.7941766224 17.5448565812403
2605 -105.015396937 39.8615950326 17.5608241600005
5751 -105.009960275 39.8677424024 17.6090081690494
6687 -104.539756035 39.5109250521 17.6315203160477
3752 -105.063189639 39.6024986051 17.6692182803604
3283 -105.026127483 39.5512450821 17.7116997486904
3942 -105.072878242 39.6194346293 17.7295066386003
5382 -105.090936919 39.6893806397 17.7477627869613
4786 -105.060410658 39.811490103 17.7634926705981
3871 -105.088344918 39.6605684214 17.8280775508363
6408 -104.890942659 39.9396887737 17.8620191107195
7591 -105.021770886 39.5431239015 17.8667777999538
4903 -105.035397748 39.8485970381 17.879625847022
2912 -104.930970898 39.9246217549 17.9036684724346
2566 -105.092460905 39.6706164562 17.944313808869
4376 -105.095759339 39.7037206591 17.9794077542495
4567 -105.095558332 39.7182239275 17.9993758398149
6099 -104.968184808 39.9068640137 18.0170000406665
6135 -105.095563865 39.7328437393 18.0869356774975
5921 -105.046073916 39.8416440861 18.091010060376
3425 -105.06332511 39.5879841644 18.0940565914569
4246 -105.010543066 39.878429745 18.1196960846867
3641 -105.097147469 39.677206072 18.1413802139549
2514 -105.079560533 39.7921865248 18.1955358548102
5500 -105.095476821 39.7475034536 18.225872951465
4481 -105.073395514 39.8109928401 18.3770876540797
3728 -104.992647466 39.8984401631 18.4184343987432
5456 -105.020887746 39.5296262574 18.4228784659684
5100 -105.094350938 39.7666803816 18.4379374911448
5227 -105.038808091 39.8599603352 18.4804572848357
3782 -105.020294089 39.8780322625 18.4889933479921
5383 -104.98391179 39.9070292891 18.5555861676353
3794 -105.063499001 39.5736111417 18.5606107430717
3618 -105.102523974 39.6606769781 18.5720600021328
6152 -105.062588736 39.8343728113 18.5892086709712
2418 -105.082029973 39.6025124373 18.5962665849172
4124 -105.006186602 39.8924987604 18.6212881586747
7446 -104.964204093 39.921200473 18.6794447453133
3937 -105.109012846 39.6886286202 18.711356690878
6137 -105.097001215 39.6310582472 18.7195893967154
4259 -105.038120633 39.866832831 18.7348536534748
6572 -104.89685317 39.4526374401 18.806406303026
5707 -105.072176579 39.828669407 18.8498498525164
1128 -105.103232304 39.6416926154 18.8607714998676
2959 -105.029773586 39.8780002055 18.870502645057
2501 -105.057987282 39.8491072335 18.901495962378
3411 -105.105346784 39.6461698809 18.903646063269
5326 -105.08154635 39.5882523611 18.9635666435942
7814 -104.931114429 39.942904935 19.0030631454875
2412 -104.965001674 39.4782891763 19.0385081602245
3641 -105.090614519 39.8061172513 19.0880555403654
6769 -104.951793019 39.9352023282 19.1080312501344
3093 -105.085597246 39.8172924664 19.1470516321817
2554 -105.020385643 39.8924440947 19.1607919637331
4150 -105.101132507 39.616991085 19.2107297408219
0 -105.120321119 39.7181654925 19.3146463425749
4074 -105.121109748 39.7048496318 19.3288593175671
2310 -105.119111828 39.7326899 19.330850542902
3679 -104.805269779 39.979619597 19.3309924979443
3362 -105.121477992 39.691803679 19.3638611432857
3706 -105.077946581 39.5695937478 19.3699359757026
2207 -105.09995268 39.6057252987 19.4073092543502
3316 -105.044065639 39.8774036533 19.4326448639386
5931 -104.827842076 39.978694333 19.4603302886467
5063 -105.0108433 39.9069044237 19.5060957074242
5555 -105.072143275 39.849000198 19.5369857615228
5080 -105.10800334 39.788337791 19.5424776908081
3742 -104.797679095 39.4215825461 19.549793045952
5253 -105.115611768 39.6324939121 19.6521916854771
6935 -104.784241524 39.9861736279 19.6698348985763
4053 -105.101471363 39.597108787 19.6971224928811
5279 -105.11471412 39.7793491618 19.7073653012088
2190 -105.068594583 39.8600263169 19.7843119330081
7036 -104.751535937 39.9887628358 19.8021394096147
3523 -105.126275378 39.7436910425 19.8032741492216
5754 -105.128574051 39.6735150581 19.8317854363478
3245 -105.091184001 39.5738201978 19.8601116340753
2497 -105.126363745 39.7511335178 19.8874003497308
3386 -105.099535825 39.5864678987 19.8882735561401
5248 -105.03896569 39.8924838586 19.8929877445018
3460 -105.098840706 39.8222654971 19.9299398346372
4181 -104.949804557 39.9501343289 19.9309642559345
2819 -105.10641693 39.8105564366 19.981709460527
2835 -105.12648617 39.7583211778 19.9828406594807
3681 -105.007502821 39.9204627541 20.0775881506359
4462 -105.126052133 39.7683010988 20.1036775274654
4277 -104.881418726 39.9773193213 20.1075055106974
5426 -105.115880438 39.7966306502 20.11914957192
3851 -105.119318096 39.6169712006 20.134692504397
3942 -105.094854378 39.8356218263 20.1409374681805
4017 -105.136306258 39.6969736108 20.141764885418
6742 -104.974529415 39.9437648407 20.2696864770924
1530 -105.138474559 39.7153078343 20.2700600965348
6169 -104.711080984 39.4113515866 20.2965912261381
4923 -104.805314023 39.9942179885 20.3329145107693
2055 -104.82046586 39.99253068 20.3329510092867
3087 -104.881895845 39.424538791 20.33462546253
4579 -105.11608225 39.8065963713 20.3613721825863
4307 -105.089472657 39.8506434147 20.3870313175488
3336 -105.102363013 39.5722722068 20.4413198625101
3110 -105.142307908 39.7060578754 20.4576123277077
4331 -105.142039208 39.721111999 20.4799804313612
5909 -105.119467879 39.6015344185 20.4835613003424
3482 -105.062151607 39.8862188609 20.5641187109312
4260 -105.038928345 39.9069527565 20.5652038791211
4061 -105.143674914 39.6855798392 20.5654345656373
6180 -105.072732296 39.8758235594 20.5832735278299
5705 -105.098596642 39.5597954896 20.6611505584615
4793 -105.145228688 39.7319943389 20.7082256101273
5312 -105.136802095 39.6313057926 20.7670608969056
2046 -105.092554177 39.8583954596 20.8007746045782
3575 -105.101609053 39.8476890018 20.8485120172257
2988 -105.024823724 39.9248186509 20.9172026313216
5333 -105.119785974 39.8217980489 20.9353675745289
4227 -105.147229366 39.6520180179 21.0187159128474
6170 -105.0010191 39.9427795493 21.046660233471
1776 -105.152013872 39.6770544005 21.0510331445573
3188 -105.061432334 39.5075429343 21.0612219780563
1611 -105.150948274 39.7431589989 21.0983265250251
3412 -104.634787546 39.4125463717 21.107241487176
2750 -105.130784748 39.807256569 21.1101070537918
2326 -105.117639469 39.835243414 21.2143643590547
5344 -105.093316349 39.8688091534 21.2159999611035
2686 -105.158016415 39.717296287 21.3148775597874
4687 -105.060878391 39.9056115726 21.3661978099127
5518 -105.131444142 39.5868725597 21.4436693644545
5420 -105.043704628 39.9214597666 21.4455075317857
6166 -105.0249138 39.9359119183 21.4899793155489
5124 -105.145699664 39.6163351487 21.4937390773417
3730 -105.139767231 39.6001855394 21.5336942047364
2201 -105.133175319 39.8199149436 21.5423645611893
7765 -104.904881549 39.4112488358 21.6198883380358
4747 -104.969014933 39.9697795472 21.6205874458114
4988 -105.12609869 39.5684189789 21.6965639991106
3541 -105.159627849 39.7606858609 21.7447088840442
3160 -105.156206449 39.6318013381 21.7643609406406
5592 -104.846336023 39.3929450005 21.9285090862605
3528 -105.156608997 39.7870209558 21.9953656612249
4841 -105.021027846 39.9493347075 22.0636952344784
1672 -105.075425478 39.9087817089 22.0952245503196
3685 -105.145042054 39.8195394376 22.118649281416
5177 -105.174428135 39.7012414628 22.1665065013422
3707 -105.062073464 39.9219792296 22.1718717389276
4340 -105.174585858 39.669340779 22.2983910922147
4360 -105.175529211 39.7391339121 22.3625763890705
4956 -105.13148623 39.8514026116 22.3703098685781
3908 -105.156651513 39.8064245144 22.3887178717343
1294 -104.95014334 39.9907626192 22.3990005288131
5028 -105.106117808 39.8858904568 22.435132417105
5911 -105.043686208 39.9431416756 22.5273565690873
6739 -104.802559559 39.3786105476 22.5331713745985
1857 -105.123487122 39.8681149842 22.5560373607048
3796 -105.148018007 39.8361154896 22.7056357259461
3378 -105.0806163 39.9189031228 22.7597642462153
2484 -105.158438145 39.8201306621 22.7975471899144
3789 -105.062854003 39.936388906 22.8939613560125
7382 -104.916053115 39.3932863379 22.9945190422379
4659 -105.121898273 39.8848445937 23.0923567257074
2183 -105.082226674 39.9263091015 23.1627689179096
2942 -105.183246857 39.7915750955 23.444327270692
1648 -105.029314633 39.9710489484 23.511325764637
2451 -105.195330004 39.7554418033 23.5556027455306
4647 -104.842279118 39.3681819852 23.5621249608765
5938 -105.071690148 39.9438748059 23.5914334969469
3711 -104.53479562 39.4070177016 23.6536784222572
2775 -104.786259777 40.0444573176 23.6995781697378
4360 -105.181259062 39.8196610124 23.9241288446395
3459 -105.192320388 39.6064122703 24.0710185284553
1845 -105.014426443 39.4138863974 24.2033093684329
4535 -105.210549715 39.7407878746 24.2267487512223
5294 -105.177399765 39.5669046025 24.2358311788637
5718 -105.213886976 39.7248864095 24.3113864525694
6272 -105.082863543 39.4525929014 24.4756149801479
2606 -105.130199474 39.9116201895 24.5053871454089
2583 -104.998566721 40.0053900579 24.5391432331971
339 -104.913689469 40.0379351301 24.6303256790193
3059 -105.10981101 39.9346247314 24.6428039384314
0 -105.073973129 39.9654813136 24.7519876873125
7375 -105.211350563 39.7880113293 24.8303835516767
4101 -104.839660232 39.3465015368 25.0112504899461
6107 -105.080873313 39.9684968139 25.1539292684795
3000 -104.851002082 40.060141374 25.2252683771071
4621 -105.022889335 40.0075401923 25.3593176111234
0 -105.102196518 39.9579529438 25.4284876657233
4022 -104.771379637 39.3345077299 25.4678940928898
2750 -105.202792614 39.8416430266 25.5342528638494
4040 -105.17692059 39.8870600427 25.6676076686414
0 -105.115855162 39.954134066 25.7765000241008
561 -104.957318049 40.0426442982 25.7980528099943
3990 -105.156115252 39.9216948975 26.0283441070269
4010 -105.248628487 39.6835568085 26.1516125950143
3707 -105.163509075 39.4875433349 26.2398962078023
2952 -105.242684103 39.6315366945 26.2750357357385
4139 -105.105981345 39.9749813228 26.3993801948378
3417 -105.156735316 39.9351575278 26.6060994937153
3091 -105.134988974 39.9579321596 26.7077888985742
4322 -104.796800406 40.0875389296 26.7116854420492
7743 -104.695239565 40.0869528253 26.7986722216674
2481 -105.095970479 39.9942472982 27.0086531382464
2922 -105.079230662 40.0075047879 27.1317687692064
5110 -105.046351091 40.0328978701 27.5083790650708
5156 -105.114771487 39.9934585481 27.6427085973592
5304 -105.146186566 39.9710292374 27.753174873856
1332 -105.012569783 40.0536639906 27.7967587385111
3729 -104.942086731 40.080238053 27.8952453346908
3084 -105.138373356 39.980856005 27.9096146013907
1148 -104.903296814 40.0925826555 28.0620363716709
2860 -105.236929748 39.5310142913 28.1469451074074
2195 -105.116992512 40.007435914 28.4320024697244
5325 -105.197549197 39.9415167859 28.6143108348188
3414 -105.156200883 39.9815665527 28.6356168488328
1455 -104.932724738 40.095072261 28.6937647495935
2553 -105.299963348 39.7234179789 28.8788549899505
3208 -104.583551146 39.3047418729 29.0481083498648
2574 -105.276218404 39.5651686612 29.2001250549693
3368 -105.298478006 39.6138797618 29.4324930936163
5452 -105.153329028 40.0007877596 29.4370351550734
10822 -105.093832221 40.0432143115 29.5524423229395
1502 -104.816423546 40.1284068062 29.6218936241463
3023 -104.914115516 40.1166368022 29.8194115436266
334 -104.99451326 40.0949174072 29.9054385490749
2760 -104.951431755 40.1093776287 29.9571508910146
4786 -105.321686858 39.6717094926 30.0855585882333
892 -104.970805026 40.1095726318 30.3373878397219
3685 -105.192467007 39.990135551 30.4690601760084
5714 -105.316048265 39.8262356482 30.8854108140627
600 -104.989685338 40.1205380025 31.4206631341318
3269 -105.347525183 39.6674073236 31.4802131593289
2833 -105.233750155 39.9757884049 31.559428049018
5076 -104.910016206 39.2614026346 31.5765658131878
2451 -105.221463781 39.9904035965 31.6630612283126
893 -104.96077274 40.1350167479 31.792783860937
2254 -104.710565102 39.2430538479 31.8844012084048
622 -104.908655242 40.1511567634 32.0460274221976
2194 -105.182112514 40.0333527661 32.1068124362191
3247 -105.250928884 39.9768368183 32.337070170203
3435 -104.822729508 39.2358340287 32.4682873986664
1707 -104.3411552 39.3599894267 32.4942223372967
4316 -105.281472188 39.9456472874 32.5024630812044
1811 -105.153977923 40.0616227648 32.5413563841525
1964 -105.021144558 40.1276530006 32.5542285793947
6265 -105.240523265 39.9950028597 32.6517768336478
2519 -105.372771457 39.6757607733 32.7806137695398
3384 -105.231906426 40.0082840107 32.8752932268981
4202 -105.250625681 39.9919061188 32.9444402430098
3739 -105.351234504 39.5649427246 33.0090966142997
4990 -104.932807387 40.160642806 33.0184975927819
3719 -105.367308037 39.6126776348 33.042156779209
2239 -105.241868008 40.0036113154 33.0782360676706
5612 -105.09115633 40.1101295716 33.280323613196
3413 -104.960293796 40.1588239176 33.3382598265989
4258 -105.253526678 40.003880948 33.5730335502456
1529 -105.249393929 40.0111042397 33.714294999466
5123 -105.19073104 40.0655580829 34.0343760803514
6081 -105.243075551 40.0258651986 34.1136710323451
6196 -105.266469817 40.0077914562 34.2798418472101
4102 -105.287899272 39.986386941 34.3187022097445
5078 -105.154532998 40.0961426932 34.4134036098677
5699 -105.275412035 40.0041142638 34.5013374816296
3507 -105.209878822 40.0616970359 34.5363448151298
5847 -105.264602402 40.0179502703 34.6384835072214
4222 -104.749006139 40.2052652451 34.7786401759215
3331 -105.360512369 39.5082531675 34.8131531144362
2323 -104.999135996 39.23272918 34.9576612244992
3556 -105.279154666 40.0176188244 35.227849241193
2351 -104.53710977 39.2220736475 35.265361976943
6466 -105.270614574 40.0299144211 35.4086443083199
3388 -105.302252738 40.0076858918 35.791553017629
3804 -105.265967124 40.0450763844 35.9004261693309
7573 -105.069865072 40.1646767706 35.9956956300701
4770 -105.289556687 40.0297011296 36.1782862408515
5032 -105.117788866 40.1490158306 36.3078546003471
3275 -105.092217554 40.1629169281 36.4495243863247
5589 -105.277095264 40.0499439578 36.5659860384524
5107 -104.071519985 39.6522505088 36.70899671026
5656 -104.386277142 40.1508055621 36.7448074198687
5448 -105.239348809 40.0854445075 36.8015641219546
2538 -105.288983941 40.0518807507 37.1307354404494
4345 -105.142470036 40.1530209764 37.2441414725832
5132 -105.114964406 40.1664754848 37.2629855687728
3397 -105.081229181 40.181360447 37.2967151474189
6575 -105.064695551 40.1889253115 37.3718292715801
730 -105.148981375 39.2529741928 37.4568302211787
7271 -105.167422587 40.1449595318 37.5298537381153
5478 -105.095356528 40.181249009 37.6402591447905
3465 -105.109511321 40.1813106182 38.0066084662753
4058 -105.083618078 40.1959542049 38.2522373087888
3604 -105.123765529 40.1812768848 38.3811249302508
3831 -105.097738599 40.1959103514 38.5934209319126
4589 -105.109548517 40.1959144569 38.89002318242
4352 -104.059580827 39.8708148936 38.9028427750222
5755 -105.142816725 40.181376971 38.9075289675635
3660 -105.306468725 39.3305116179 38.975374601675
4859 -105.123837541 40.1959005032 39.2581123453722
1375 -105.226878895 40.1499294141 39.7062369636357
8009 -104.991223462 40.2499312905 39.8333606020042
4276 -105.154477706 40.1959759658 40.0905190301505
8095 -104.819585114 39.1126932822 40.9342790185545
1531 -105.112235258 40.2312030016 41.111560780135
1610 -105.530892387 39.7576027967 41.2966535560648
4959 -105.534488306 39.6751646098 41.3799364294828
4653 -104.727684318 40.3043514124 41.6603748602894
5441 -105.5226095 39.857611961 42.0419622689873
5952 -105.494454167 39.9781335607 43.5172902112019
9227 -104.806968177 39.0734424743 43.5954348728969
7717 -104.706014865 39.0700611828 43.8383674328945
9989 -104.92469025 40.328669445 44.2035404526911
3831 -105.261371523 40.2140851703 44.3246180192971
6334 -105.443774241 40.0683507543 44.3343921625261
5192 -105.078631173 40.307468793 45.1637590333245
7319 -104.852884643 40.3528820364 45.2668575250986
9317 -104.814952441 39.0433714322 45.6984885948366
2613 -104.775748302 40.3647490647 45.8171721572489
6459 -104.721631543 40.3724623618 46.3808548370557
3484 -104.653181944 39.0341833475 46.5703027609759
5587 -105.593590337 39.5034649209 46.6180235833294
4431 -104.705725721 40.3773018437 46.7575640002422
3781 -104.760938018 40.3815799911 46.971971604603
4433 -104.687195191 40.380039822 47.0146177454276
6317 -105.158837033 40.309343292 47.0436821631534
9493 -104.573451922 39.0326102921 47.3794413007915
7513 -104.945767345 39.0330845172 47.3851549256246
5306 -104.783653387 40.3876576931 47.4116909227808
4718 -104.706460344 40.3883584265 47.5188081101901
661 -104.66894045 40.3870324212 47.5827716284059
6559 -104.799860353 39.0100375474 47.954933942974
2806 -104.706799586 40.3963862693 48.0721930802902
3647 -105.548809546 39.3665861472 48.1691066507582
2046 -104.768360728 40.3988529335 48.1696958076924
3267 -104.745704062 40.3995143032 48.2166215395643
4503 -104.725374399 40.3993580196 48.2322760128516
3401 -104.690020939 40.3991298721 48.3196517232033
1933 -104.794433653 40.4007695082 48.3377667288077
1869 -104.701584285 40.4027816574 48.53007264987
6796 -104.662580717 40.4007077696 48.5579896031931
1541 -104.625108034 40.3973515465 48.5744883512112
4486 -104.851569565 39.003992013 48.5795408417637
3166 -104.707483788 40.4085921404 48.9131920984025
4346 -104.543026929 40.3908057628 48.9509441625718
2785 -104.725637982 40.4105322595 49.0042556190133
3207 -104.690182121 40.4098039724 49.0553529553092
2433 -104.76573314 40.4141215339 49.2244426889906
3005 -104.745536756 40.4143833312 49.2451872875787
2309 -104.794320954 40.4141124875 49.2597794300109
3498 -105.085019311 40.370995135 49.3778743545537
5231 -105.111030415 40.3654543049 49.5230143048943
3802 -104.72542492 40.4187831717 49.5750419366202
3362 -104.706128197 40.4182634007 49.5851079523923
2468 -104.691943501 40.4222812676 49.9095417250936
2152 -104.76534842 40.4253267989 49.9993568679585
