"pop" "long" "lat" "miles"
1737 -121.391855209 39.1229948819 1.89115342383621
2783 -121.402689197 39.1454582505 3.28528440718768
4233 -121.432480061 39.0391527792 6.34403723486249
2700 -121.199077534 39.0919890391 8.73691722090786
3366 -121.538047729 39.1329172588 9.67532464126362
6555 -121.542338287 39.1207383073 9.81317950258913
6130 -121.546891518 39.0841425739 10.2161951226745
4111 -121.553565791 39.1003704301 10.4249299120243
6926 -121.214530578 39.2126002658 10.47276389799
5307 -121.287749861 38.9675211562 10.6871979376525
2143 -121.569457859 39.1262100779 11.2933319006835
7357 -121.441083546 39.2675738896 11.640626100372
5538 -121.580555419 39.0992142195 11.875734474089
7767 -121.573249622 39.1576658203 11.8853368084514
10879 -121.553404034 39.0173548534 12.2656700525499
4615 -121.59626915 39.1507802113 12.9718055636787
3585 -121.603124829 39.0928538363 13.1209051271651
5744 -121.180163482 39.2419881639 13.2038479803147
6071 -121.612250222 39.1232345786 13.5685446903631
4037 -121.612774696 39.1353342836 13.6709869779024
3161 -121.165458727 38.9780354895 13.9405287269707
4479 -121.345256516 38.9100218884 13.9593389816659
2792 -121.102682366 39.0709613783 14.0904965182107
3970 -121.621619725 39.083684541 14.1822110678699
4783 -121.624791932 39.1071216165 14.2222100952894
2353 -121.107862931 39.1760517221 14.23854797881
4559 -121.624627102 39.1466010782 14.4121071497451
6438 -121.622085787 39.1581776353 14.4343324954428
2403 -121.629232 39.1196036391 14.4668708259105
3249 -121.628635233 39.1341798103 14.5075427932448
4178 -121.639605318 39.1562310072 15.3244192387475
2569 -121.286005737 38.8965024348 15.3934256536993
3100 -121.327851741 38.8889666978 15.4896429005893
7000 -121.303037514 38.8902986228 15.6036496776963
4528 -121.64370643 39.1714054267 15.7809550571794
3190 -121.064011383 39.1531293781 16.1345133992973
6966 -121.66188084 39.1198947611 16.2186298022099
7163 -121.661905787 39.0906985453 16.2766881469941
4664 -121.081682659 39.2116749362 16.4515260505144
4365 -121.317858022 38.8758817743 16.4546148127236
6182 -121.6664289 39.1342924293 16.5260052823649
6677 -121.050945259 39.1248364712 16.6055584715163
3347 -121.282867792 38.8721369591 17.0676691517219
3257 -121.256178778 38.876774931 17.1675113561393
4549 -121.110687386 38.952211886 17.3408987211332
7893 -121.042187236 39.0641918168 17.368415271696
2461 -121.667048028 39.0291736821 17.4515674957947
6029 -121.679595267 39.1627417571 17.5160799204572
6034 -121.067195673 39.2334808112 17.8198323268211
4960 -121.326289595 38.85454691 17.8661167550515
4522 -121.069965321 38.9814986528 17.9847697125665
4565 -121.26387735 38.856872785 18.354543732171
8762 -121.405630927 38.8460603896 18.5256934215344
5979 -121.11870091 38.919035715 18.581716001387
5159 -121.270215732 38.8517815512 18.6015807455445
6237 -121.034941904 39.2143732641 18.8244385355227
2879 -121.150364066 38.8908395258 18.9696349142869
2482 -121.19155951 38.8663794031 19.2200723380496
3968 -121.004274125 39.1594351038 19.3659083520063
4454 -121.022871927 39.0083454652 19.4572386104082
2551 -121.527983501 38.8612919243 19.5259268372874
4358 -121.653277537 39.2829699219 19.6991889398535
5676 -121.059741531 38.9473873172 19.7229518932602
6528 -121.039116845 39.2548877232 19.8537834369684
9552 -121.279809081 38.8276991156 20.0984906070408
6205 -121.693589092 39.2456170982 20.1558752750758
3463 -121.242062054 38.8290523044 20.5398996440117
4852 -121.504498628 39.3888528421 20.690130038733
7397 -121.234567344 38.8278100756 20.7490683857468
3554 -121.056769924 38.9222825611 20.8976025355183
4520 -121.074847182 38.9053058291 20.9326613750436
3191 -121.296030976 38.8062493499 21.3929626139417
2641 -121.268786761 38.8098557109 21.43357437412
2129 -121.077063604 38.8923277625 21.4708586318341
6536 -121.200651191 38.8261488976 21.5165474659131
6491 -121.331290448 38.8007159976 21.5531808775713
3060 -120.984159395 38.9984106633 21.6453940921668
5142 -121.261840423 38.8037251207 21.9335068744719
5175 -121.277455215 38.8000613099 21.9950475272322
6481 -120.952241311 39.0657329411 22.1141462386842
3396 -121.063663116 38.8832386141 22.425709253711
4103 -121.097629382 38.8571013536 22.5505681006843
2230 -121.250872281 38.7965168902 22.5639685048877
1771 -121.352036494 38.7846656188 22.6124384646323
5719 -121.335352507 38.7832673544 22.7435360243112
4320 -121.277122471 38.7890702665 22.7438076764294
2956 -121.659037504 39.3449628331 22.7541870287832
3355 -121.319506622 38.7823028085 22.8752984865266
3901 -121.299042833 38.783719462 22.9089525050065
3797 -121.22797695 38.7956579956 22.9714283068221
2686 -121.261006247 38.7870537243 23.06500983006
3493 -121.347248338 38.7755968043 23.2457579774407
4840 -121.286285809 38.7796362908 23.2953329722972
1561 -121.759191205 38.9716794537 23.5328871498869
6970 -121.164468472 38.8051076867 23.6577291551697
3204 -121.253705666 38.7786151447 23.7249450084345
2668 -121.237146865 38.7818532482 23.7397668559195
4234 -121.529236101 39.4302021127 23.8379878963634
2135 -121.319752606 38.7668153288 23.9408189905247
5012 -121.219090805 38.7815363561 24.0488741061444
4754 -121.305417661 38.7653708302 24.1218401926152
7431 -121.345028954 38.7598679106 24.3369642668142
6210 -121.275683654 38.7645918549 24.4209367836752
7632 -121.322629675 38.7573674695 24.5786703941992
2962 -121.298808488 38.7556143908 24.8364345381299
4396 -121.238957816 38.7649922618 24.8366980900922
4941 -121.179725696 39.4494311703 25.2876576189223
3118 -121.245539959 38.7523490781 25.5944545603682
3494 -121.27624931 38.7454095786 25.7207497713249
3879 -121.364041987 38.7391828122 25.7556705808843
6706 -121.316485362 38.7393718656 25.8473336047632
4888 -120.944957849 39.3040142353 25.9216853368663
3460 -121.825118896 39.2202691715 26.0610020011819
2605 -121.293206914 38.7382426909 26.0678432721999
5044 -121.028685714 38.8338048242 26.1961305556758
5589 -121.193434267 38.7547490003 26.252890912351
3560 -121.262520181 38.7386679184 26.3171397156118
4372 -121.240054438 38.7389407954 26.5659321604589
3222 -121.270477669 38.7331454132 26.6108989573669
6911 -121.133593966 38.7693763306 26.614139028171
3902 -121.293336077 38.7289220216 26.7056942535573
2324 -121.458108236 39.4900516296 26.7080685733979
5040 -121.354855823 38.7226924693 26.8967491615712
3355 -121.38762231 38.7222186891 26.9695216082756
7805 -121.372679229 38.7215143658 26.9856747318854
3660 -121.274973955 38.7246604112 27.1466382335392
7436 -120.880005482 39.2383461836 27.1878208903733
4396 -121.509071531 39.489561651 27.3436694939485
2462 -121.304505055 38.7183945778 27.3555376296763
3222 -121.737022638 39.3792537895 27.4084479079585
4387 -121.237917746 38.7266869719 27.4164274422833
9003 -121.334695843 38.7155926574 27.420034376593
3059 -121.254334139 38.7236991194 27.4206084629906
4131 -121.451239165 38.7198581001 27.5340490467679
3012 -121.394895329 38.7138714988 27.5700525728266
3531 -121.562499432 39.4782023536 27.5875387151034
5826 -121.195640624 38.7330850507 27.6285064980833
7656 -121.355751008 38.7118013123 27.6496605599832
6840 -121.375284811 38.7113399411 27.6930952294967
4792 -121.317662543 38.7122504183 27.7110294948706
4758 -121.792168042 39.3325365137 27.7563759493769
3752 -121.297038191 38.712833494 27.7840295165106
4248 -121.281244417 38.7142160061 27.8057531814909
2234 -121.380185022 38.7094057018 27.8359408232634
4478 -121.261618368 38.7139635305 28.0031798088513
4303 -121.207552515 38.7216213081 28.1880778429008
4212 -121.429788708 38.706467922 28.26925008194
3140 -121.540379161 39.495654302 28.2747872451048
3358 -121.32052295 38.7026145021 28.3634819852356
3451 -121.34658696 38.6995066814 28.5082106485492
3353 -121.282736322 38.7029181777 28.5666680172912
4889 -121.357667701 38.6982643371 28.5854128824895
5265 -121.255216953 38.7059020411 28.6168690018688
7626 -121.383904756 38.6977728164 28.6483666246596
6153 -121.300234062 38.6991876393 28.7014521777679
3761 -121.331940257 38.6951622805 28.8389932036597
3710 -121.315046017 38.6952070909 28.8976084830845
2692 -121.340913497 38.6917994618 29.0503115412443
2894 -121.279081641 38.6948685689 29.1464267292383
4317 -121.35828263 38.688138099 29.2857566258597
4760 -121.233795846 38.6994819376 29.2979151118134
6180 -121.379155371 38.6869577993 29.3856000217753
2871 -121.208606064 38.7030483303 29.4042074419744
3455 -121.466853995 39.5287235118 29.4227120200542
3695 -121.447856584 38.6910514769 29.4671672543193
4275 -121.562346259 39.5076494333 29.4674683771471
4873 -121.26701833 38.6894357634 29.6207603318952
7345 -121.248710502 38.69167176 29.6514061721153
2339 -121.295436388 38.6855748973 29.6664952640102
5478 -121.526724677 39.5213237206 29.721488349916
3866 -121.353835149 38.6810674209 29.7765116521366
4922 -121.326228018 38.6817514846 29.7825712261749
4000 -121.307862618 38.6826564337 29.7967073220161
4065 -121.424697088 38.6830623388 29.8414481064177
6799 -121.281327481 38.6841478578 29.862601291208
5472 -121.175876047 38.7035675792 29.9060854823886
4537 -121.37744248 38.6793814791 29.9063028597841
3039 -121.346734949 38.6790227432 29.9245405227979
2541 -121.256516679 38.684554786 30.0531608298193
253 -121.556210128 38.7042984605 30.0849242760746
4495 -121.466174796 38.6838876509 30.1280686582455
6205 -121.082445141 38.7330886278 30.1350252588016
5313 -121.362763061 38.6718290306 30.4141785689603
4647 -121.31797959 38.6727195925 30.4359019698583
4598 -121.212730699 38.6853318964 30.5255603640537
5668 -121.300830449 38.6709852182 30.6375573997235
6067 -121.344300116 38.6686396534 30.6458867610311
2432 -121.28851224 38.6709428821 30.7163693508355
4085 -121.185719683 38.6883924717 30.7330688474856
3568 -121.278181715 38.6711652147 30.7756697604955
2652 -121.331597113 38.6657804777 30.8697673370583
3360 -121.266954944 38.6711151163 30.8712795788573
6747 -121.156471682 38.6941292378 30.8778869541936
3508 -121.366814533 38.6646833746 30.9103259425175
6725 -121.500227698 38.678073069 30.9193010841046
3060 -121.597958495 39.5190873206 30.9391960548693
2084 -121.318881465 38.6652670785 30.9465295565236
3384 -121.253263371 38.6713960989 30.9801791260402
4644 -121.398071791 38.6627328446 31.1110266109479
4495 -121.234972362 38.6713478948 31.1809272715692
6228 -121.130760535 38.6970065559 31.2123471885142
5638 -121.214674259 38.6723221185 31.3694672571643
4965 -121.446292588 38.6623219735 31.4178337408418
4912 -121.350976099 38.657263454 31.4249906578716
7161 -121.489804317 38.6678295203 31.4775495310084
7195 -121.527777982 38.6752309042 31.5031465280219
7689 -121.518168644 38.6726687443 31.5292596040696
4576 -121.317594187 38.6559066452 31.5973356304855
3151 -121.282199288 38.6582703224 31.6294729840878
4797 -121.300253406 38.656318798 31.6499501688811
3275 -121.175288977 38.6762398703 31.7064207064103
4610 -121.258235297 38.6584915346 31.8107449539205
5505 -121.150155046 38.6804916111 31.8809072532214
2648 -121.095135915 38.6989423044 31.8986770195169
6416 -121.335270655 38.6483800574 32.0632255667466
4212 -121.197926806 38.6652754931 32.0751669894417
2054 -121.361340191 38.6476365655 32.0873524068489
4505 -121.643495667 39.522912741 32.2529433679497
3850 -121.51884451 38.661466684 32.2857857438299
4011 -121.007985969 38.7323379114 32.3505741283206
5932 -121.389288462 38.6435364811 32.4095843085929
3020 -120.935222744 38.7789284682 32.4221737114419
3404 -121.774696291 39.4531680701 32.4323814225103
8370 -121.460427733 38.6484561594 32.4849387440522
3525 -121.319732717 38.6426200977 32.5062407123502
5246 -121.165306662 38.666276562 32.5309041243764
4225 -121.301803871 38.6429666836 32.5608345188844
4711 -121.123006376 38.6779153449 32.5913744988616
6637 -121.438578735 38.644166397 32.6038920895639
2520 -121.141860318 38.6709936216 32.6542876846591
5347 -121.420246743 38.641648706 32.6636189612252
5718 -121.234980593 38.6488484358 32.7025094937855
4407 -121.258002272 38.6445353742 32.7643522897464
4715 -121.213037993 38.6503743093 32.8633209949309
6781 -120.809179184 38.9050186186 32.8668423518154
5892 -121.357070109 38.6362346054 32.8763163460124
7702 -121.601112539 38.6746036987 32.8943226018236
4890 -121.282036853 38.6390148668 32.9513930114703
1203 -121.493949527 38.6458433542 33.0104364397854
4461 -121.375173735 38.6342054326 33.0266023187859
2186 -121.145506138 38.6632570903 33.0854666369048
4806 -121.045954598 38.698451454 33.1953582844002
4619 -121.337080669 38.6317823596 33.2066551808746
4320 -121.180696066 38.6513811773 33.2585678815845
3372 -121.578767689 38.6615982225 33.278327280347
5481 -121.31088297 38.6313686938 33.3172224182217
5083 -121.517288446 38.6442379447 33.41531587627
4744 -121.120236198 38.6654646749 33.4433460057623
7560 -121.45923666 38.6328003335 33.5430459420078
3819 -121.102478989 38.6698831253 33.544973198933
4608 -121.391481538 38.6259039455 33.6336604044743
4997 -121.552528836 38.6484980989 33.6657997023064
2319 -121.37373096 38.6249306411 33.6661649225268
4989 -121.061746655 38.6825351721 33.7358707827075
6020 -121.086295377 38.6722318275 33.7678591905089
3082 -121.245598127 38.6309258851 33.8081381064004
7533 -121.489793144 38.632814445 33.8436041228813
6166 -121.440932004 38.6251685045 33.9234674670629
4825 -121.356414633 38.620613684 33.9570322729812
4592 -121.429312529 38.6228775044 34.0061491190683
3100 -121.27514702 38.6230963878 34.0916125603015
6290 -121.407996696 38.6191402989 34.156887109176
6126 -121.337309836 38.6172546759 34.2104800043422
3687 -121.129333657 38.6506004565 34.2139578972107
4912 -121.241103822 38.6253571296 34.2314318149166
3842 -121.472538167 38.6235574002 34.2939027044729
4624 -121.373787437 38.6158331444 34.2953847723633
5537 -121.540344896 38.6360159033 34.2968512414032
4808 -121.317239066 38.6155634498 34.382656677615
2779 -121.491294831 38.6248861042 34.3970034665641
3599 -121.422377176 38.6164004338 34.4129829489056
2277 -121.350616445 38.6137536633 34.4346654240626
3114 -121.392265107 38.6142450093 34.4412573455606
4930 -121.541304979 39.5897173924 34.4736869600059
7455 -121.456519133 38.6174354885 34.5704387681792
4193 -121.877077131 38.8143559891 34.5878993050772
4145 -121.298944472 38.6136068445 34.597241464215
2793 -121.103693659 38.6509339805 34.7175696921558
4835 -121.281704299 38.612060361 34.8038420406157
3345 -121.501691438 38.620311253 34.8253033073099
6798 -121.048373355 38.6670737075 35.0202135847966
2565 -121.964949126 39.3027307485 35.025438896533
7342 -121.490590827 38.6150113485 35.0582031857798
2934 -120.722460791 39.2252823368 35.0788360326849
5788 -121.50819856 38.6170919592 35.1206980733235
3060 -121.373792446 38.6030240414 35.1812342731124
6825 -121.126202547 38.6365116723 35.1842776489012
5050 -121.355249433 38.602780971 35.19095159794
4822 -121.392272509 38.6032396594 35.2016047081504
4835 -121.277127081 38.6064020336 35.2227752596583
4550 -121.4084151 38.6034282036 35.2423945819585
5477 -121.427036583 38.6046096839 35.2496649506367
4306 -121.337044592 38.6020434795 35.2625443850987
5356 -121.484999593 38.6104277448 35.3101958550779
6897 -121.008646787 38.6775594279 35.4769626217675
2770 -121.545385333 38.6190612664 35.4989131486284
3437 -120.991032357 38.6833971695 35.6548222090593
4451 -121.296738063 38.5983678679 35.657931409061
3626 -121.516239102 38.6104592993 35.6674826801277
4763 -121.457526708 38.6008955105 35.7099793186167
5183 -122.011851753 39.0017577621 35.8337039147258
3486 -121.311161934 38.5938528484 35.9037037954387
3124 -121.392291996 38.5922629898 35.9600414149533
4034 -121.533028998 38.6093571269 35.9654249820761
3066 -121.410762023 38.5926313604 35.996653358695
2358 -121.324989802 38.5899362173 36.1275103648053
3986 -121.012165484 38.662661876 36.2558709986749
2641 -121.431655156 38.5897537347 36.2977254847355
2295 -121.317152076 38.587771669 36.3013650840278
4866 -121.280631193 38.5901426991 36.3161113251142
2585 -121.339477592 38.586508299 36.3323328902637
4795 -121.374393109 38.5863313958 36.3363501780305
4928 -121.298507131 38.5874674613 36.3998256175012
4291 -121.406108195 38.5851612388 36.4939529412175
1910 -121.413014876 38.5852352327 36.5161274539057
5121 -122.033414472 39.1897755148 36.5337732667744
3545 -121.357860301 38.5832551309 36.5408967890938
7241 -120.957426106 38.6856861572 36.5653156704265
3881 -121.760700064 38.6846143052 36.5731254582481
1823 -121.483662341 38.5915048871 36.5829092978527
4687 -120.898190289 38.7224464709 36.6295084953817
8123 -121.737824359 38.6699421228 36.7017528902955
4029 -121.392217789 38.5813717933 36.712367872585
6645 -121.51690165 38.5922089068 36.9038396528524
3106 -121.408422902 38.577968696 36.9989546203887
2447 -120.984219671 38.6628127735 37.046524360126
1122 -121.491684215 38.5854907927 37.0724226851648
3159 -121.482312565 38.5834558401 37.117577056845
3118 -121.751650063 38.6699765473 37.117666350184
3558 -121.431367413 38.577629028 37.1301903501745
2818 -121.303733554 38.5763662983 37.1406508004637
6061 -120.845447668 38.7518703008 37.2172437514885
3667 -121.469385506 38.5801194844 37.2280467941766
5311 -121.788532412 38.688437132 37.2682847135025
3103 -121.454269636 38.5777710565 37.2686441794112
4940 -121.319035184 38.573511131 37.2797689465919
4397 -121.211778025 38.5848495437 37.2939191115244
7329 -121.751184635 38.6662283194 37.317460502421
3213 -121.344599094 38.5710493647 37.3941138337288
4884 -121.760919743 38.6701038367 37.3963342061789
3497 -121.440791053 38.5740543354 37.4318726497242
3964 -121.271973256 38.5746792468 37.4347679757523
2806 -121.502639584 38.5818621842 37.4356269383648
5611 -121.390982048 38.569874897 37.503742394737
2047 -121.49047534 38.5772181511 37.6220775084828
6189 -121.788602112 38.6811922476 37.6661107757659
2466 -121.472144955 38.5739998667 37.6696963576364
3070 -121.770171788 38.6701718527 37.6823232954937
3878 -121.326037185 38.5669336376 37.7138557539795
4143 -121.363571369 38.5661625573 37.7236088341889
1425 -121.504836595 38.5765588953 37.8190457293557
2224 -121.415036006 38.5662828639 37.8316583768009
3323 -121.487082353 38.5716526416 37.9669663714505
4329 -121.459395004 38.5674649889 38.0130218078484
2709 -121.371277032 38.5619433157 38.0199023808318
3005 -121.474543328 38.568485447 38.06704170331
4922 -121.532485416 38.5777590126 38.073964813012
6464 -121.789740742 38.6731902056 38.1430006360299
4672 -121.765939949 38.6593181564 38.1630745970444
3154 -121.394911482 38.5601472825 38.1858584270124
5421 -121.439681812 38.5616513042 38.2774076651604
2377 -121.505865166 38.5693878678 38.3159526544441
2538 -121.5227217 38.5723026259 38.316307648918
1482 -121.371414556 38.5576332037 38.3181283682179
3040 -121.42099291 38.5594303536 38.330472180476
2376 -121.490321521 38.5652910851 38.4314573690309
3093 -121.787211999 38.6661842266 38.4484019933158
4842 -121.360715394 38.5555480387 38.4573527659043
3495 -121.340826996 38.5548263854 38.5209307153419
2771 -121.477405594 38.5618913077 38.5422878019641
5157 -121.361537245 39.6722181513 38.7865673883458
3693 -121.354882282 38.5506007103 38.800484729366
4220 -121.385386363 38.5497822171 38.88046587473
5397 -121.560236832 38.5712864583 38.8965347260118
4686 -121.463766218 38.5542218571 38.9533674770225
4794 -121.441828479 38.5519311668 38.9585730475054
3156 -121.493847645 38.5571818761 39.0178489190569
2561 -121.793550313 38.6594239693 39.0279404185359
4436 -121.278689306 38.549989352 39.0874620197016
2505 -121.481696222 38.5543033505 39.0983374991457
4004 -121.510001645 38.5579647251 39.1352243792533
3231 -121.233321532 38.5533370015 39.2079022955771
5539 -121.363902383 38.5419364479 39.3994815053952
3383 -121.471113784 38.5476141477 39.4639845921727
4499 -121.434847103 38.542905193 39.538792534574
3630 -121.345783925 38.5389797909 39.610693229899
3291 -121.458260843 38.5429517122 39.684368195605
1587 -121.481256945 38.545565287 39.6904880658887
2109 -121.395547096 38.5374995829 39.7522913484522
6377 -120.937537377 38.6387088969 39.8358860061433
4387 -121.497350578 38.5448273469 39.8927476719108
6563 -121.429617421 38.5358714464 39.9953791696612
3165 -121.302902264 38.5329467126 40.1383668700038
7270 -121.533656837 38.54696396 40.1581571410442
5462 -120.766796712 38.7559696606 40.2895738766126
4219 -121.469351739 38.5336328202 40.4062791872729
4252 -121.460269285 38.5323685774 40.4243903281958
4122 -121.450732614 38.5311862925 40.440005162545
3568 -121.41862923 38.5285904478 40.446186523464
2933 -121.435944474 38.5287335698 40.5200648404602
2826 -121.477904327 38.5327387398 40.5372290821536
5130 -121.552230293 38.5443866752 40.5756510718105
2629 -121.488327577 38.5331674886 40.599927530275
5485 -121.570093083 38.5462231659 40.7100791773709
6031 -120.820670567 38.6940981994 40.9413861961246
5456 -121.418348435 38.520576494 40.9977079571332
4073 -121.503939132 38.5289918599 41.0354386627167
3374 -121.518418569 38.5306639817 41.0770411780891
5331 -121.592029848 39.6786550685 41.1476388803392
2916 -121.4885663 38.5245169191 41.1919155279509
5052 -121.433521804 38.5184654473 41.2140130750523
5193 -120.782863768 38.7191426404 41.2444889606206
4807 -121.735271804 38.5914251437 41.2696251868296
5961 -121.002604888 38.5821971148 41.3648645352418
7614 -121.447188003 38.5172076754 41.3778997284982
5067 -121.460035215 38.517682311 41.4297989879157
3529 -121.471168179 38.5180237627 41.4888706720515
3200 -121.418201045 38.5133193215 41.4976532236353
5899 -121.42220661 38.5067270842 41.9691055791938
2293 -121.335582253 38.5048367034 41.9856332100915
4945 -121.446819325 38.5069627841 42.0798725335741
4085 -121.508378744 38.5136433634 42.123414951271
6146 -120.575643607 39.0867306701 42.1344776375406
5015 -121.478544809 38.5066366691 42.326757472347
5083 -121.49315857 38.5073301432 42.4056498857529
5297 -121.834526503 39.6026729084 42.4125060962573
4485 -121.419081154 38.4995525401 42.4508349706603
4795 -121.46294768 38.5025626054 42.4872976173087
3303 -121.439657225 38.5002157067 42.5029489219677
3559 -121.703535707 38.5582399246 42.5153484058919
5156 -121.673853431 39.6774073876 42.591759729185
4843 -121.524087021 38.5075567716 42.7043355048717
4185 -121.534656627 38.5080620725 42.7919385147268
5267 -121.758878325 38.5764435621 42.8014847135475
4481 -121.383060027 38.4891710938 43.0669715783855
7902 -121.721978096 38.5558316889 43.1060891565775
5755 -121.513120231 38.4997729738 43.1141637513448
3832 -121.564617326 38.5087119131 43.1327392076281
8107 -121.417391932 38.4893083296 43.1508675559765
4454 -121.401384826 38.4884408182 43.157392343478
6086 -121.548366944 38.5034579854 43.2702664629239
3471 -121.751016692 38.5645120732 43.3103595929639
5675 -121.446475743 38.4880661786 43.3771968299912
6740 -121.462181003 38.4886350608 43.4374254662273
6284 -121.426537233 38.4848896038 43.4937034676167
6784 -121.123787154 38.5099235172 43.515627728938
5112 -121.474404614 38.4881975873 43.5559533913592
4095 -121.702575263 38.5403733617 43.6102196934552
5538 -121.486287593 38.4884269607 43.6356869589391
5290 -121.498998087 38.4887495366 43.7259419638273
4605 -121.381036613 38.4780946887 43.8298749349695
2620 -121.399309962 38.4778848377 43.8810664201913
5615 -121.735951665 38.5482324605 43.9182600880773
3408 -120.687302398 38.7517596082 43.920806509982
5882 -121.721138978 38.5422614462 43.9259427580649
5129 -121.533871386 38.4908513657 43.9452219104651
4625 -121.745814206 38.5512244226 43.9833210371839
5131 -121.520701129 38.4876831186 44.0140619535077
6649 -121.439153323 38.4777525733 44.0465272986581
5337 -120.784125532 38.658772506 44.0661764141563
2267 -121.755587916 38.5536477031 44.0877995600792
2810 -120.875034152 38.5976547821 44.1083511836681
3596 -121.545433765 38.4901291038 44.1311327542175
2797 -121.458301952 38.4780446944 44.1385885800453
6407 -121.352936624 38.4728982418 44.1760750626934
3818 -121.316199789 38.4732851203 44.2104970928703
5854 -121.763362851 38.553627706 44.293139353409
4864 -121.403666388 38.4699149031 44.4435967624496
3135 -121.779733112 38.5577988362 44.4837103656801
9553 -121.487408893 38.4761381762 44.4849045175897
3086 -121.527728016 38.4803889944 44.584275078845
4913 -121.440889626 38.4697883708 44.6039624351877
3406 -121.773112386 38.5524832102 44.6220336607067
1564 -122.028054433 39.500296133 44.7471955461233
5700 -121.378472372 38.4645831354 44.7608973518062
7159 -121.423835882 38.4663044792 44.7636114433478
3267 -121.522237314 38.4764386371 44.7931458813968
4804 -121.291430931 38.4655777262 44.8330378944393
4348 -120.599213528 39.3875300097 44.9986965221533
3309 -121.438475503 38.4632311112 45.0429790381346
2817 -121.783716087 38.5500116301 45.0573778045026
5573 -121.388914026 38.46011804 45.0857224802873
4336 -121.403327266 38.4605218321 45.091497188394
6535 -121.362983011 38.4586643039 45.1594069935119
2453 -121.795717469 38.5534344251 45.185864663002
2300 -121.344347536 38.458161356 45.2016485686613
6621 -121.475759632 38.4633003058 45.2716220981965
6072 -121.437542695 38.4555238346 45.5691514634712
2407 -120.708079362 38.6910308926 45.5755664682596
5922 -121.784923793 38.536968234 45.8709212140398
7597 -121.41619384 38.4477354658 46.015384782189
13206 -121.389670092 38.4461567325 46.0523118069985
5215 -121.433331111 38.4460006015 46.2051608975423
5184 -121.585310944 39.7592404726 46.3964576242445
5922 -121.362477246 38.4380680659 46.5840180717747
1425 -121.339301926 38.4381601449 46.5906577575337
4642 -121.464194526 38.4419518371 46.6555089662749
6658 -121.432005201 38.4372367082 46.8032100747269
2742 -121.312174569 38.4344400074 46.9053840801355
5321 -121.385169579 38.4310582022 47.0884572224521
4599 -121.633678083 39.7593047643 47.1375346540149
2142 -121.762716599 39.7181256201 47.1619970234611
3554 -121.408084614 38.429927942 47.2185037866055
3556 -121.814242635 39.6982330317 47.2966394350796
4701 -120.597798372 38.7690603681 47.3528744008988
2426 -120.625757903 38.733030025 47.39491174264
7864 -121.434081646 38.4284567243 47.4178157666056
5325 -122.137708159 38.7863546644 47.5058440093102
3373 -121.575347276 39.7854710432 48.0201247912505
836 -121.288541786 38.4187479371 48.0744687241764
6032 -121.382009216 38.4166613614 48.0793962037753
5241 -121.362390177 38.4162731736 48.0916234243332
7049 -121.343953809 38.4163368614 48.0947002599745
7824 -121.471845394 38.4215065641 48.1099057768335
5814 -121.425882133 38.4168785031 48.1812451733707
3165 -121.398873834 38.4154833153 48.1919820717165
5073 -121.41215218 38.4158717693 48.2017189657598
5640 -121.611740158 39.7820105908 48.2928883734062
3545 -121.440757694 38.4150905111 48.3703394765908
6117 -121.798186035 39.72620474 48.5449103386826
4169 -121.813005532 39.720009628 48.5605194925328
7222 -121.467274754 38.4114015655 48.7736128179695
4532 -121.616584096 38.4333277405 48.9117560168031
4572 -121.851429741 39.7116981659 49.1304112912719
2282 -121.377421568 38.400851385 49.167314072351
6811 -121.425590485 38.4014367099 49.2454421336825
5245 -121.345273256 38.399407507 49.2643896790552
7672 -121.443472074 38.4013366182 49.3311443016305
6055 -122.283165182 39.1068642448 49.5578373271595
7000 -121.36201938 38.3944800347 49.5990711861312
4801 -121.834471527 39.7293680087 49.6973273000044
6071 -121.796735988 39.7480991972 49.8387687033402
