"pop" "long" "lat" "miles"
3012 -77.0230394508 38.8406927835 0.555353570504464
4365 -76.9995153306 38.8490002761 0.847929054152284
2758 -77.0040900096 38.8358898166 0.84863412812603
2473 -76.9978390821 38.8396658159 0.971510145935921
3072 -77.0117456496 38.8291956357 1.11188326307879
1575 -76.9964205915 38.8338168931 1.24745103246198
2507 -77.0045756802 38.827198641 1.34971880658214
1693 -76.9965537781 38.8307226123 1.38676893210668
3063 -76.9895489803 38.8555434761 1.52258096511042
3177 -76.9897486177 38.8340520671 1.535761868146
4 -77.0414332183 38.8523676491 1.5374428243983
4365 -76.998457455 38.8266499317 1.54169197767886
3546 -76.9851941867 38.840874616 1.60346248201868
2139 -77.0115274095 38.8686921891 1.6373975060488
2414 -76.9967531168 38.8645392923 1.64656333315569
3715 -77.0180730762 38.8688095714 1.64951977627976
3310 -76.9819206109 38.850322662 1.7888741720698
2587 -76.9850934676 38.8574912083 1.79777385482746
2813 -76.9964248519 38.8203665107 1.9692258755478
2425 -76.9869672339 38.8639797914 1.97273533599911
5231 -77.0496827216 38.8570126497 2.06833610383351
3499 -76.9743256391 38.8452803383 2.16172146003543
5606 -77.0448109584 38.8245380424 2.16920975480127
2859 -76.9743554738 38.8484760392 2.17239959105351
2451 -76.9794021167 38.8610033319 2.18403419620805
2794 -77.0008719482 38.8751170494 2.19940010541358
1210 -77.0537077294 38.8541761532 2.20550990888796
5467 -76.9807373251 38.8234451308 2.3558576043632
4109 -77.0534166462 38.8607195675 2.35988816224683
2844 -77.0559925198 38.8341095356 2.36457312819382
4685 -76.9718409624 38.8367119824 2.36841191456263
3211 -77.0248223344 38.8116017867 2.38572372142093
3038 -76.9706771477 38.8526070613 2.4141793995707
2458 -77.0594046666 38.8536784621 2.49294023485312
3410 -77.0133644932 38.8818299603 2.53926923896526
4541 -76.9695500326 38.856639039 2.5464195020421
3447 -76.9752464901 38.8660444022 2.55976940858594
4355 -76.9799519484 38.8715120138 2.60445545850227
3105 -77.0544033176 38.8235659614 2.61914278651313
2324 -77.0236879301 38.8824057367 2.62599614340646
7165 -77.0631336376 38.8407741088 2.64019106645496
3350 -77.0589558918 38.8615902965 2.65411030739997
2911 -76.9871077749 38.8771300775 2.65865783335995
2416 -77.0637650291 38.850381507 2.68148339888818
33 -77.0354401841 38.8804700447 2.69331079633467
2812 -76.995925777 38.8813208959 2.69488300334788
6175 -76.9848426661 38.8130954749 2.73058707955063
2531 -77.0033902316 38.8837916987 2.73983380948433
2506 -77.0106968525 38.80514139 2.77359135693062
3049 -77.0634948982 38.8327355594 2.77817113576455
3689 -76.9625237335 38.8327083101 2.92676528180524
1992 -77.0428625385 38.807969548 2.992031422992
4199 -77.0616797675 38.8219563045 3.00774596252214
3456 -77.0656583927 38.862742927 3.01557988113492
2179 -76.9873472973 38.883613956 3.03597540320717
2022 -76.9580126094 38.8408494117 3.05504835682077
1909 -76.998316516 38.8877088876 3.07076435678096
4893 -77.0516746169 38.8114844292 3.07260254831718
3644 -76.9637868172 38.86609012 3.09028231420451
2763 -76.9558348975 38.8463670036 3.15902219535671
4044 -76.958541125 38.8591084737 3.16319031321795
4333 -77.0731093712 38.8474735132 3.16439859088104
2084 -76.9814570351 38.8831716446 3.17522996523896
2871 -77.0724663859 38.8364375748 3.18316627599375
3775 -76.9899517041 38.8875975519 3.22027914051109
1522 -76.9602777119 38.8231581709 3.29099555040363
2918 -77.000606602 38.8918301903 3.31526667947687
3425 -76.9647771833 38.8159117103 3.35407010206269
2007 -76.9678493908 38.8773478314 3.35659742733908
2237 -77.0730593244 38.8628009167 3.38555450647344
1679 -77.0509329466 38.8050393339 3.3994895215132
2 -77.0635351478 38.8773498069 3.45791691379737
1949 -76.9800916448 38.8877345316 3.47985128477367
3602 -77.0648725456 38.8136720455 3.48113645934046
2167 -77.0440680004 38.800372376 3.48333647057881
2998 -77.0149370546 38.8960161459 3.51999984436889
3855 -76.9504487063 38.8348471529 3.52093329559962
2910 -76.9925164533 38.8931984845 3.52859446426386
4693 -77.0753604734 38.826027466 3.53805976713284
4245 -76.989621112 38.79726152 3.57143118623302
3031 -76.9827603696 38.8915445901 3.63603827242495
2797 -77.0814763105 38.8380634958 3.64418974620978
2279 -77.000786472 38.8970341219 3.66495010832812
2206 -76.9966341841 38.8963125896 3.66811692276859
2830 -77.0249962661 38.8978503005 3.69074303522073
5198 -77.0829697055 38.8511631225 3.71487914091498
1966 -76.9479018647 38.8291462288 3.75230151391629
3670 -76.9712732032 38.8878783659 3.76184513884455
3363 -76.9439942387 38.8445688279 3.79602470371131
2249 -76.9553270902 38.8753391853 3.808933232465
4173 -77.0801151667 38.8661582632 3.82459855356562
2784 -76.986642834 38.8961991139 3.83688457034279
5306 -77.0833532224 38.8598076601 3.84814438792528
3737 -76.9586466456 38.8103658922 3.8504579283769
1802 -77.0135879253 38.9008622485 3.85540250380963
2149 -76.9910569771 38.8986044964 3.9076021765326
2769 -77.0542795485 38.7975368783 3.93020644481197
3167 -76.9448055369 38.8623275714 3.93572047983837
6408 -77.0446118853 38.8973519355 3.96073049948179
2486 -76.9616719007 38.8855092703 3.98521063080644
2292 -77.0444134755 38.7922669197 3.99748974602875
3822 -76.9804334932 38.8965158987 3.99879977802655
3933 -77.0033229861 38.903309906 4.06880092582126
3986 -77.0136570452 38.9041376177 4.08191455734332
2553 -77.0808718059 38.8166037198 4.08715072879073
2621 -77.0318139096 38.9026896063 4.08986616600948
1489 -76.9911057293 38.901543738 4.09977282887155
3093 -77.0893582862 38.8336562579 4.11334753156893
3910 -77.0668140482 38.8012357153 4.14527460021103
646 -77.0789116923 38.8780224087 4.15115203789787
1774 -76.9743253127 38.8963874163 4.15220627893933
3411 -76.9633253532 38.7998534062 4.17140507205344
2909 -77.0763422426 38.8087281215 4.17914059392804
2905 -76.944543118 38.8718018814 4.19320574619697
2922 -77.0188887003 38.9062216048 4.23260324870149
2690 -77.0243899862 38.9058871095 4.23666310416174
4461 -77.0928834472 38.8405186045 4.23779588455243
4240 -76.9365823431 38.8553727743 4.25423194922043
3179 -77.0937097922 38.8554099422 4.32864069310527
1838 -77.041980301 38.9040003718 4.33369254358874
4119 -76.9866483396 38.9039305495 4.33417367233164
2752 -76.9840042394 38.7869846452 4.3440201099308
6756 -77.0539088385 38.9001708354 4.36019574588379
6021 -77.0293230996 38.9072759262 4.37275907390721
3519 -77.0891275459 38.8706279493 4.39223043221013
3309 -76.9748839379 38.9009358594 4.40925169753211
4812 -77.0218755105 38.7816288475 4.41084503889623
3528 -76.9349338985 38.8291255696 4.42515779660355
2324 -77.0748687238 38.8893277165 4.46494263675065
3028 -77.0133051289 38.9097438803 4.46992020823285
2740 -77.0974135821 38.8411911702 4.47811792834349
1962 -76.9583478363 38.893423253 4.5042838632887
2958 -77.0682208108 38.7952541029 4.50572514197534
1764 -77.0982291956 38.8510401622 4.53192007712184
2633 -76.9776712278 38.9041319849 4.53651058162428
5187 -76.9475502154 38.8861860567 4.58782554116372
4965 -77.0740132209 38.8927909437 4.59996283329957
2087 -77.0244793962 38.9113284809 4.61084877195477
2143 -77.0195321653 38.911749512 4.61635139930397
6077 -77.0341219389 38.9102141365 4.62498203821557
3882 -77.0886449749 38.8789558037 4.63090175201981
653 -77.0825153142 38.8041740187 4.63482019606079
4195 -76.9437209553 38.8066624615 4.64853577022765
2037 -76.9913488761 38.9104331342 4.68533673105376
1955 -77.0295047257 38.9119175556 4.6904488795328
3571 -77.0986701113 38.8272423746 4.70364357902904
6671 -77.0492669974 38.9076061774 4.71082847637655
5051 -77.0389490536 38.9107719174 4.7283884016897
4166 -77.0813698576 38.8898565829 4.74994872623191
1700 -77.0693028336 38.7912533753 4.75706143324269
2134 -77.0111885595 38.9138911596 4.75961722348571
1234 -77.1031239866 38.8465598761 4.77831794939617
3383 -77.1020786583 38.8558744249 4.77880909941399
2407 -77.0062655088 38.9140986297 4.79104101556742
3526 -77.0748844612 38.8961902012 4.8029259689795
3373 -76.9479201496 38.8918289944 4.82424890870903
3867 -76.9353506749 38.8779381034 4.82721218250744
2836 -76.9388103242 38.8827614933 4.83460432889271
2406 -76.9302412012 38.8693386226 4.8352066063663
2412 -76.9812269312 38.910218186 4.84474150689067
1572 -77.0975172164 38.8171055196 4.87792983426357
1599 -77.001424539 38.9149484603 4.88017961679786
6072 -77.0868414597 38.8878633388 4.89279024019821
4890 -77.06079788 38.9060811836 4.89954321984257
3913 -77.1030416499 38.8615808575 4.90613809259767
1578 -77.0698054463 38.7887044451 4.91285811441169
5766 -77.105430833 38.8367559357 4.93602828856763
2771 -77.0430610172 38.9134001957 4.96738818809785
4572 -77.0275966611 38.9170166532 5.02271750255605
2506 -77.0749468066 38.7896071244 5.03812838930895
2755 -77.0979777817 38.8779152647 5.03829471424062
1580 -77.0838099558 38.8940386828 5.03979163221469
2662 -77.0926128182 38.8853433005 5.04582723543978
3255 -77.0341477072 38.916804728 5.07011038423322
2440 -76.9210923517 38.8553511752 5.0787404962234
3342 -77.0388481669 38.9162108143 5.08933796545245
3280 -76.9534210319 38.9013416457 5.0912435452691
2768 -76.9774687323 38.777395637 5.09185205355343
1464 -77.105412627 38.8663834799 5.11569835385845
5702 -76.9195054567 38.8401574875 5.12688398080367
3107 -77.0514848234 38.7766341846 5.14149446050547
1296 -76.9359224706 38.8878792584 5.1606211772779
5425 -77.0696123168 38.9061857706 5.16346941482338
1313 -77.0805614418 38.8994752559 5.17764663784233
6308 -76.9494142885 38.7895962538 5.20033377164086
3198 -77.011472185 38.9204223073 5.21062493652258
6390 -77.1111867491 38.8511945148 5.22835634955511
2243 -76.9311259484 38.8851475109 5.27284519416769
4127 -76.9889614109 38.9187461343 5.27392843066624
3293 -76.9413604125 38.8959610973 5.27800958653007
2708 -77.0520242018 38.915652085 5.28114958895624
3398 -77.0053460755 38.7690568914 5.28512418493273
4347 -77.0177231812 38.9214998129 5.28563186736017
1783 -76.919735476 38.8650977854 5.28568541477108
2797 -77.0437383838 38.918105207 5.2885119684406
3280 -76.9241681217 38.8755556983 5.29878683729096
4370 -77.1066112836 38.8719187127 5.29884576631599
4490 -77.1008566184 38.8076555457 5.32937002241019
2582 -77.0055446752 38.9219628321 5.336308034051
4909 -76.9269313695 38.8083601437 5.35846171331579
3747 -76.9149767313 38.8478794833 5.36240389048882
3740 -77.0243465142 38.9223827835 5.37027565317244
3176 -77.113831638 38.8382548989 5.37556314811989
3777 -77.113302366 38.8327209721 5.39490538367774
1334 -77.1050364228 38.8786058914 5.4008110267482
4334 -77.0822145753 38.7871252604 5.42579256498081
4272 -77.1077815297 38.8154543743 5.43213832756088
7101 -77.0961933776 38.8914240115 5.44395028988795
4614 -77.0391675577 38.9216420984 5.45732287272752
2936 -77.1157028651 38.8427671612 5.45757398511775
3411 -77.0704034232 38.7791894602 5.46827128895828
2557 -76.9986851013 38.9234069343 5.48074890435799
5763 -77.034323961 38.922867262 5.48273417411449
4208 -77.0296210588 38.9236742411 5.49417489396223
3916 -77.0748412671 38.9093332379 5.50451326043019
3745 -77.0465325581 38.9207484285 5.50861268080018
2795 -76.9250476649 38.884328438 5.52614735230032
4255 -77.1050993446 38.8829114642 5.53790602736743
4859 -76.9665073955 38.9161181092 5.54770226334027
2248 -77.1106104817 38.8753957959 5.58666881201394
3103 -77.1164196538 38.8261144319 5.64965713177845
7575 -77.1183679386 38.857823973 5.66655272611017
3446 -76.9313459219 38.8954097203 5.66812869579643
1189 -76.990757749 38.9251344864 5.67924533108344
5609 -77.1105081598 38.8806135099 5.72654563574957
3695 -76.9089934542 38.8594534322 5.76665825443111
4474 -77.0439455736 38.9254780401 5.7803446130218
4222 -77.1168077953 38.8200779283 5.7813821524202
4696 -76.9094931804 38.825729805 5.81238950804117
1851 -76.9211898333 38.8882903796 5.84315254611435
1976 -76.9989499075 38.9287579183 5.84465129613393
3398 -77.029956419 38.9288706104 5.85241837404325
2445 -76.9444427847 38.91025996 5.87444059276765
5814 -77.1036564157 38.7962801338 5.8764404514085
2922 -76.9322074239 38.901537041 5.9026024281202
4277 -77.0346423669 38.9294299397 5.93173690308052
3963 -77.1224503021 38.8284740623 5.93220640678949
2885 -77.0254142701 38.930600358 5.94160898265694
2712 -77.1124099568 38.8857316812 5.97704556597054
3376 -77.0517233102 38.9265649356 5.97991064171565
6233 -77.0756579559 38.917554156 5.99673197575603
2869 -77.0876899495 38.9106216492 6.00650284216802
2754 -76.9143660969 38.8840007393 6.02391491011497
3560 -76.9026433179 38.8426816155 6.02608720214787
4913 -77.021160295 38.9322629658 6.03803513659263
5185 -77.1266364391 38.840673422 6.05213129131508
5226 -77.0418155775 38.9301855498 6.06521262024257
2347 -76.9327993149 38.9056157906 6.06956171488405
2266 -77.1246718159 38.8636303199 6.07379987478969
3076 -77.1085859158 38.8936083399 6.07853493513342
3646 -76.9194485028 38.8927730015 6.08599562563551
4429 -77.1264469261 38.8333990292 6.08869471636982
4288 -77.1270247594 38.8534353083 6.09179413565546
3143 -76.9864152494 38.9307395399 6.11118600581402
1455 -77.0658894425 38.9238880201 6.11156760534865
1225 -77.1180893455 38.8816829992 6.12809855549008
2036 -77.0108652868 38.9339116011 6.14428875466429
6091 -77.1228443736 38.8738144283 6.16653204309933
3763 -77.0699339656 38.7668139461 6.18821392118009
3962 -77.0298927339 38.9338409554 6.19244583303745
5101 -76.9054976226 38.8739289798 6.19751529922309
3468 -77.119411056 38.808072769 6.2100530724473
3519 -77.0229521733 38.7555261894 6.21518082102165
2139 -76.9210155391 38.8985815369 6.24423692540847
3189 -77.0595678951 38.9283588977 6.24871903725965
5569 -76.9682014877 38.7617522278 6.28335284853454
3405 -76.9055956404 38.8124152605 6.28729552789315
2732 -76.9540373303 38.9229644024 6.29040541471849
3773 -77.0345062379 38.9349447025 6.30586978097513
3825 -76.9392944511 38.7747852264 6.33159512553175
5233 -77.0416636165 38.9344591227 6.35047684494758
4720 -77.1259662486 38.8154055755 6.35128390318601
4095 -77.1052319722 38.7857659513 6.38780671540866
5539 -77.1339554717 38.8440097834 6.43891474557539
3364 -77.0778057164 38.9241062478 6.4406537193376
3091 -76.9151904768 38.7929831732 6.45214050592933
4508 -76.8940357304 38.8403943577 6.49582129643979
5149 -77.1205759465 38.8907121071 6.52771874857697
3661 -77.099348964 38.7774812543 6.54516796411033
5973 -77.0301274933 38.9390566904 6.5517601108414
1364 -77.1236435266 38.8027844514 6.57334444832436
7158 -77.08760422 38.7686814195 6.59663443306734
4305 -77.1138592635 38.9018017495 6.63536257331199
3079 -76.8907978601 38.8483952332 6.66545119878638
4163 -76.9742315252 38.9367711942 6.69869969546625
3618 -77.0223906255 38.9417776877 6.69903624645869
6047 -77.138949575 38.8502336177 6.7164961979543
7151 -77.1356940964 38.8225572371 6.71711897191295
5797 -77.0029118291 38.9418668546 6.72031946447342
3674 -76.8906489652 38.8571730814 6.72105540154505
3025 -76.9930401937 38.9408876585 6.72335949845385
4620 -77.0766673083 38.9295464371 6.73200751590694
2974 -77.0165580299 38.942587995 6.74238747009458
3502 -77.1061751489 38.9115734255 6.74696361418582
4540 -76.890991823 38.8641276198 6.77902097045099
6744 -77.1311106004 38.8077504054 6.79776516443569
2945 -76.9110847923 38.9025830945 6.83963392538541
6709 -77.0908469507 38.9244294214 6.8564460577855
3962 -76.9033567923 38.8937167659 6.86243316895135
1966 -76.8882312115 38.8301613568 6.87915319908893
4539 -77.0664861806 38.9362888339 6.90008774173624
2627 -76.9166655161 38.9101597439 6.92548966044042
2640 -77.0497457629 38.7488458331 6.92685158020471
3537 -77.1382870316 38.8729348984 6.94219400613855
2554 -77.0317380757 38.9446449676 6.94635926493843
4482 -77.1359986411 38.8116744129 6.9468432456942
4092 -77.1323312787 38.8867480754 6.97120693580339
2709 -76.9468038588 38.9313453423 6.98799312697692
2910 -76.984496592 38.9434700338 6.99098056454968
5135 -77.0780318752 38.7570085075 6.99330899063824
6857 -77.0560977315 38.9411540083 7.0105018384637
1525 -77.128130486 38.8946402746 7.01520247193027
3395 -77.1446927726 38.8333270318 7.06479638973463
6037 -77.1436804914 38.8639351513 7.08189581781477
2166 -77.0425049465 38.9452900277 7.09106838684782
2691 -77.0692025775 38.751793443 7.09920807462706
3583 -76.9626275111 38.939844242 7.12098942764265
2803 -77.1471317438 38.85256912 7.16639264096807
3087 -77.0138655961 38.948846606 7.17442994165407
3452 -76.9301563669 38.9258102326 7.19348665180836
2637 -77.1293056898 38.7918389483 7.20472415285486
3442 -77.0232841817 38.9491325847 7.20984717400655
3140 -76.9772761087 38.744834626 7.22150088887666
3948 -77.1416165888 38.8099157489 7.27290968574954
2940 -76.9948912153 38.9491976174 7.27524222058891
2376 -76.9695609508 38.9444865268 7.28527978265894
4103 -76.9218392381 38.7684109272 7.28595246955655
2005 -76.8791651328 38.8374150593 7.30840435500351
3442 -77.0788748957 38.9384239862 7.32651022816477
3218 -77.1465679414 38.8704457844 7.32890352586438
3188 -76.9034796207 38.7838961592 7.3291097285985
3668 -77.013665486 38.7382819326 7.39122010305086
3078 -77.1411573521 38.8882368671 7.44731672203473
3813 -77.0310745765 38.9524877405 7.47996661296504
3002 -76.9552527859 38.9436012822 7.52024712399864
3094 -76.9188277192 38.9251864992 7.56148204732907
3290 -76.9984959357 38.953807963 7.56645687353099
2723 -76.8954373076 38.9032828063 7.56696139535159
3879 -76.9774002701 38.9509076175 7.58391281066877
2092 -77.1073810628 38.9278252713 7.59993694017431
3085 -77.1283068485 38.7801154681 7.60836850449545
5008 -77.0705200129 38.9462172299 7.61623195932539
4895 -76.8876874546 38.8939780029 7.61742048035957
1941 -77.1400729386 38.793647126 7.64993682117005
4648 -77.0142264732 38.9557758796 7.6536913920203
5130 -77.1511488197 38.8145098174 7.66476663578934
5309 -77.0241182694 38.9559146745 7.68093802217917
5466 -76.8789817107 38.8807350916 7.70099412812488
2397 -77.1559043317 38.8614659647 7.70334488974785
6215 -77.1560999712 38.8261875606 7.74412133965017
7001 -77.0888616697 38.7492749471 7.74978968038481
4655 -76.8703352246 38.852090108 7.77873750158918
2677 -76.9638402845 38.9505335656 7.78349462073026
3955 -77.0545900483 38.9538445787 7.8244011781104
2695 -77.1227573839 38.769755548 7.8275051665202
6213 -77.1277556456 38.9168317173 7.86290930440458
1489 -76.997768165 38.9584961598 7.89310317729997
5806 -77.0696502295 38.7392913772 7.90306757288562
2307 -77.1612534212 38.8419508077 7.91231557224586
7175 -77.1004860385 38.9381031578 7.92575201751796
5159 -77.1525033427 38.8853298766 7.9385083346262
1699 -77.162259994 38.8509043474 7.97299504307228
3992 -76.9318883247 38.9408588921 7.97538685894813
2340 -77.0359236909 38.9593550466 7.98537908656108
6019 -77.1421500725 38.9038658331 7.98753916686638
3690 -77.1103467913 38.7566534027 8.01146005738476
2973 -76.8744279174 38.805378245 8.03124631371923
2630 -77.0052020493 38.9619151639 8.09368069642426
3238 -76.9061275636 38.9268235986 8.12106836316929
6116 -77.1545583284 38.8017620108 8.12481356520841
5223 -76.9835912906 38.960663651 8.16260254904562
3672 -77.1476364197 38.7876536159 8.20588599657295
7436 -77.0884664934 38.9489604664 8.21357400261233
1969 -77.0155860239 38.9639605254 8.22006872574588
3027 -76.8980521476 38.9221777666 8.22719510930462
3997 -77.1619403359 38.8788881289 8.2802802557205
4016 -77.0236172258 38.9646847852 8.28465101592088
4337 -76.8914925302 38.9172325469 8.28931972405531
3664 -76.9734449063 38.9611936718 8.32636525419742
4380 -76.9545007655 38.95664354 8.36159231346473
2998 -77.0630893626 38.9606121378 8.40638987337181
4012 -76.9470742502 38.9549803751 8.41992717759972
2108 -76.9366025482 38.9507551708 8.42300804625074
3295 -76.8771595627 38.9042690829 8.44972786586094
4270 -76.9954334015 38.9663978921 8.45066831212784
2631 -77.1700678145 38.8621141045 8.46487368038091
6376 -76.8611176361 38.8721467108 8.46801810766836
4779 -77.0776645991 38.9572431326 8.46896412824197
4480 -77.0304207496 38.9670988232 8.48061516204643
4672 -77.1580911908 38.8957271066 8.49084529682827
3514 -77.0397324779 38.9670573948 8.54315887605155
3425 -76.9138352157 38.7494790369 8.55579357400707
5572 -77.1438579737 38.773374559 8.561186589142
3636 -76.893389552 38.7646593683 8.57742807944926
6342 -77.0986777975 38.739422968 8.60755856050952
5071 -76.9617651571 38.9626507856 8.60974806386688
4805 -77.1356879041 38.7633689991 8.6429136203988
1872 -76.8527912386 38.8432496793 8.71048083592913
2831 -77.1756197554 38.8322860831 8.72919115102097
3593 -76.9219665659 38.9492521863 8.75581599559917
2644 -77.0161049431 38.9717897639 8.76186865062353
3253 -77.1383725279 38.9275393643 8.77596442043617
3821 -77.0523115168 38.7212973399 8.80591114393067
4806 -77.1743634612 38.8739375718 8.84112531140033
5974 -76.9009439569 38.9375303895 8.84300982377981
3078 -77.0706080733 38.965306687 8.84554800349291
3873 -77.1713256716 38.8065430477 8.86539825532794
5137 -76.913679201 38.9466206619 8.87232839851642
3820 -76.9888309139 38.9718500194 8.87339170211454
3825 -76.862411071 38.8959279776 8.91029664136887
4752 -77.0687649485 38.7233721204 8.91713937790288
3580 -77.0004773315 38.7161573301 8.95329077118254
3757 -76.9806060743 38.7181833953 8.96901112405402
3925 -77.0903144659 38.9609116356 8.99006831750949
2835 -77.100214069 38.9569187375 9.00618278593731
2810 -76.9983815768 38.975078044 9.03038982160149
2711 -77.1821791476 38.8424973029 9.03846190526257
4158 -77.1647183078 38.7869788839 9.04299760267263
4631 -76.8733212115 38.9159906376 9.04316563086265
5151 -76.9314670956 38.9589478321 9.05212272757456
2475 -77.1450956279 38.7625723028 9.06712986001308
4864 -77.1797695972 38.8204729212 9.07001172898489
4457 -77.1126582673 38.9518751709 9.08152210478177
3016 -77.1814043389 38.8637610188 9.08539964952429
3187 -77.0271803853 38.9761722719 9.0904312975841
3400 -77.0072473197 38.9766459416 9.10559020874302
2609 -76.9052549018 38.9457595087 9.1111200460313
5911 -77.0540578083 38.9735518917 9.13555826275873
4546 -77.1078747863 38.7343122536 9.17258725658296
4054 -77.1156410696 38.7385307834 9.17277279561281
1926 -77.1319749158 38.7490493507 9.18245628411464
1688 -77.1846889274 38.8518930543 9.18315847273884
4175 -76.9744203218 38.9742192738 9.18574744454407
7263 -77.1658435911 38.9071988034 9.21423234937639
3995 -76.861144307 38.7860836109 9.21720722533695
2909 -77.1759827173 38.889778702 9.23182402383002
2493 -77.0913662599 38.9644277523 9.2326155421704
2663 -77.1573081248 38.7708779546 9.25635629612435
2123 -76.9553007016 38.9710364321 9.27301945681101
1895 -77.0794643041 38.969681993 9.29924853915099
2404 -76.8634297531 38.9104921195 9.3048003306047
1323 -76.8725129622 38.921965812 9.30913831051361
3079 -76.8820340912 38.9322852893 9.33683516174789
4636 -76.9138887249 38.957021323 9.4451502720204
3408 -77.0313269934 38.7090983391 9.45373762972422
3628 -76.9818253797 38.9796965772 9.47253806029134
4947 -77.0128500833 38.9829618541 9.53461517380176
5426 -77.1844486315 38.8848352962 9.55921788815234
4401 -76.9678110348 38.9784825385 9.55985487377458
3160 -77.0873818604 38.7184640279 9.60408466820568
2545 -76.8881781162 38.9434157171 9.61446155395606
4261 -76.9605513671 38.9776592588 9.61550945626204
5522 -77.1038749293 38.7239316787 9.67150661890606
3321 -77.1942222155 38.8411595177 9.6894469214498
4608 -77.1914558618 38.8712355813 9.70398339442676
4361 -76.9037798991 38.7343275676 9.71348500437495
3411 -76.9459987139 38.9751177552 9.71722384153639
3154 -76.9911837743 38.9844986133 9.72151689153536
3957 -77.0379201724 38.9846397245 9.73261803905261
3296 -77.1562315707 38.7567434977 9.78780648715494
3644 -76.8884630011 38.7424610223 9.82731826138539
5003 -76.8973886728 38.954438093 9.84297443812789
4639 -77.1958071636 38.8630238657 9.8475346897256
3993 -77.1018518993 38.9704335278 9.86210400521717
4843 -77.1570127928 38.9353244865 9.89151297729573
5721 -76.9492281782 38.7109392869 9.92646599124556
2613 -76.9270230497 38.9716402327 9.93615486094649
4938 -76.8617221222 38.9258718631 9.94085712665575
5392 -77.1707741967 38.9219941046 9.95604880942292
2824 -77.0836351902 38.9786284541 9.95704347851543
4614 -77.1156827689 38.9658079307 9.96885388327138
3270 -77.0652399935 38.9838680349 9.97865669976454
2417 -77.0025612261 38.9895459393 10.0101400317386
3149 -77.1974679371 38.8181485235 10.0370817237343
2106 -77.1869518648 38.9010548648 10.0631890994283
4578 -76.9106461902 38.9665202664 10.0861328672701
7048 -77.1872374801 38.7876229692 10.1267803486058
4918 -76.9807342886 38.9893521259 10.1399480948895
4432 -76.8690216149 38.7514466465 10.1717217162673
6239 -76.8300073304 38.8768609391 10.1742339517359
6201 -76.9845096511 38.9904930849 10.1834833771941
3326 -77.0964198189 38.9779253902 10.1904659313673
4399 -77.2033651557 38.8370820577 10.1936513642723
4987 -77.0271362605 38.9921968246 10.1959271882171
2516 -77.0122013266 38.9927643741 10.2130163126918
4506 -77.0178028501 38.992987732 10.2293416638059
3647 -77.1975821018 38.8848724221 10.2394679560987
4947 -77.1749163369 38.7656841772 10.2481211044638
3053 -77.0000018938 38.9931241998 10.2666778494995
7093 -77.1981655428 38.8051071517 10.280328297572
3931 -77.0337718962 38.9930205266 10.2827362283172
4381 -76.8393324729 38.9052376778 10.3063820627724
2386 -76.8519456626 38.7666195912 10.3067077445239
5862 -77.126513597 38.7239058158 10.3358773187624
6143 -76.9783466422 38.9924324144 10.3729466928612
1866 -76.8671973001 38.9418547066 10.3738433501912
4023 -77.2071093598 38.8570673238 10.4115003396963
3144 -76.8761285719 38.9505988533 10.4248064707182
5400 -76.9932974832 38.9951655488 10.4406432688818
5074 -76.8856083954 38.9583169574 10.4597409695877
4 -77.1501418604 38.9535232125 10.4679965326791
1508 -77.0936066439 38.9834044497 10.4707969971379
4482 -77.043026123 38.9954895973 10.5139009233108
4470 -76.8264503074 38.8866347865 10.5247051930461
5442 -77.2077642339 38.8715380947 10.5719341839106
6767 -77.2091587445 38.8220454127 10.6125249158953
2988 -77.1858505015 38.9208796122 10.6130113731531
1865 -77.0933793323 38.9865064144 10.6622446129533
3366 -76.9684532292 38.9957738438 10.7104684272896
5394 -76.8158724608 38.8373715023 10.7124393325822
2779 -77.213279985 38.8432814032 10.712926153582
5683 -77.1730891928 38.7515469966 10.7260914808247
3720 -77.0041534165 39.0002049318 10.7412897184602
1803 -77.2052053979 38.890967311 10.751827245802
3495 -77.2093915414 38.8803843945 10.7793920133525
6003 -77.1444813501 38.96366618 10.7808352289709
15934 -76.9454957594 38.9922239081 10.8305541148096
3659 -77.2152998345 38.8297309542 10.8743170606923
3858 -77.1073691504 38.9850337911 10.8934013190428
3283 -76.8800378715 38.9629869582 10.9002392721678
1690 -77.2071162235 38.7968780222 10.9067584774732
6848 -77.0548783009 38.9997012887 10.9112707227258
5090 -77.0706758058 38.9967532314 10.916007221276
5261 -77.1662762243 38.7406935778 10.9176725279491
6477 -77.198777953 38.9121190789 10.9543789492128
2729 -77.2031255779 38.7862009867 10.9557592278208
2732 -77.1611883196 38.9550549505 10.9644614980936
4655 -76.8375284936 38.9245046762 10.9953436019687
3084 -76.8201096689 38.8946220556 11.0121419788934
2780 -77.0982003531 38.9904194297 11.014608713673
3734 -77.1156046743 38.7061789262 11.0518683003804
8219 -77.194100758 38.767897665 11.059914056232
3887 -77.2091111692 38.8962941169 11.0649196898532
4882 -77.2178011237 38.8220081299 11.0735049924008
4547 -77.1223847869 38.9817783197 11.0948884637736
6763 -76.8834276987 38.9692778907 11.1125255391503
5192 -77.0277756266 39.0056362993 11.1258285870345
3491 -76.8471934085 38.9398237385 11.1353020107885
3600 -76.97853834 39.0048981809 11.2193332952671
2216 -77.1552946642 38.7257424177 11.2195303959184
4620 -77.0431313683 39.0060072429 11.2348811454826
3550 -76.8216038072 38.7828879622 11.250619500282
4465 -77.0911996911 38.9977772874 11.3381905879014
3985 -77.2109753076 38.9044081176 11.3500043356693
5720 -76.9942381072 39.0086456972 11.3630377830565
3914 -76.9137123597 38.9895221091 11.3646738349483
4338 -77.0065909403 39.0093705161 11.3688701219793
4026 -77.0186889586 39.0098028266 11.3931899243519
2820 -76.9745772794 39.0069127938 11.3948376875021
5403 -77.1827407449 38.9450959799 11.3976232863092
3755 -76.8956472517 38.9835999796 11.5165933290365
3482 -76.8071450963 38.886789229 11.5311843355815
4164 -77.1422881956 38.9789587884 11.534466498803
3719 -76.8336100409 38.7559509063 11.5367157242454
2233 -77.2270336825 38.8669995859 11.5507307505192
2676 -77.1945214051 38.9360394716 11.5560123126355
2665 -77.2289366712 38.8436830639 11.5560818268933
4906 -76.9273712906 38.9978599226 11.5575165962705
3625 -76.8156004952 38.9129215621 11.6897257193479
4593 -77.2051397125 38.9261142619 11.696367694699
6162 -76.9846462974 39.0128061525 11.7090100480909
2734 -77.0394264904 38.6769384155 11.7121753796322
3727 -76.8089244678 38.9036558009 11.785312483355
3916 -77.22965417 38.8788187945 11.8233578858867
5776 -76.8471507679 38.9560930593 11.8333217735445
3164 -77.2136825427 38.9173666917 11.8348395095915
2840 -76.8017185713 38.8024744548 11.8380126741342
5079 -77.1177958363 38.9970081663 11.8872659198423
3676 -76.9630121001 39.0122981519 11.8901844600064
10 -77.2003362549 38.7518106486 11.9203925675415
1938 -76.9761681818 39.0149071616 11.9232863338436
4197 -77.2248001469 38.7892613491 11.977733071068
3888 -76.8230124721 38.7571652645 11.9804092180545
1755 -77.021554662 39.0184410398 11.9945342384093
5815 -77.2374283103 38.8546601874 12.0302870024489
6708 -77.2266015057 38.9003468217 12.046803736018
6799 -77.2320122733 38.8028632371 12.0837652153956
4452 -77.2240535333 38.782786345 12.0925380020231
5325 -77.2174829649 38.7691210558 12.1417743190636
5500 -76.858742769 38.9724043101 12.1554224792518
3289 -76.9428917903 39.0118181998 12.156312412575
4141 -76.8552026261 38.7206459455 12.1608445047444
2957 -77.038105505 39.0203241468 12.185365905349
3849 -77.2345273954 38.8881874828 12.2216060364245
4661 -77.0740983016 39.0156461801 12.2240305721804
5874 -77.2407415362 38.8287921706 12.2451886971833
3197 -77.0036080937 39.0223835522 12.2750268042783
4305 -76.8181411336 38.9361776095 12.3035406660575
6799 -77.0519589054 39.0214232756 12.3606236449955
5164 -77.1019699661 39.0104266843 12.3660360945418
3698 -76.902684473 39.0014707692 12.3746430274699
3623 -76.9101566514 39.0053487422 12.4229000888371
4226 -77.1414197646 38.9955460768 12.4479755857585
5332 -76.8727115015 38.9878722586 12.4775005819301
2241 -77.2004501511 38.7377534116 12.4795128263224
3931 -77.1190969814 39.0065434516 12.5052298582683
2971 -77.2232994124 38.9247337599 12.5212677974039
4372 -77.0220648593 39.0264182563 12.5469426703309
5151 -77.2454312551 38.822075306 12.5479585682031
4134 -76.9194927997 39.0128666251 12.6781634710385
2599 -77.2346209973 38.9109330089 12.6999975990484
6771 -76.9914184139 39.0287471541 12.7616576066468
3405 -76.8365502159 38.9672210047 12.7682043712472
5146 -76.8580055349 38.9842415461 12.7866087350463
1928 -76.9593808399 39.024982631 12.788941230044
1510 -77.1049755042 39.0165643993 12.8201281167214
3439 -77.1937559924 38.7222221196 12.8749370091512
5882 -76.7757004838 38.8538913423 12.8761501653048
4283 -77.2321531951 38.7684635325 12.8778410330787
4592 -77.2150660949 38.9470767753 12.898858752831
6143 -76.9895262538 38.6596532464 12.9003627762959
2213 -77.0737399116 39.0264571592 12.9422834749965
3282 -77.0147676114 39.0322468251 12.9434433749489
3210 -77.2195011444 38.7476729956 12.9481700072864
3835 -77.0898970288 39.0228988925 12.9496006878764
4232 -76.8801252016 39.0011083189 12.9872525916568
6594 -77.2539727807 38.8689472809 13.006950605622
4446 -76.8152534166 38.9515962351 13.0090275792304
7185 -77.039821897 39.0322152336 13.0130488583832
2901 -77.2532214501 38.8143795249 13.0413086505874
7135 -77.2571389074 38.8525969392 13.0844416717281
5280 -77.1567347999 38.6918761403 13.0871185784753
2677 -77.1363048454 39.0090716885 13.0997138235871
2919 -77.0628324952 39.0308136888 13.1054467096004
4203 -77.2445374579 38.7836222735 13.1109571554014
6269 -76.9767110127 39.0331112427 13.1608060261762
3528 -77.2535308779 38.8845519187 13.1625400400568
2054 -77.2354819076 38.9275731104 13.1970346958108
4325 -77.2139821281 38.7320929853 13.2997286582658
3034 -77.250423869 38.9020582007 13.3041973841586
3272 -76.8433144959 38.9839207621 13.3045961558775
4817 -76.7828593077 38.7781124892 13.3159051957999
3086 -77.1142120362 39.0225124229 13.392911844059
2943 -77.0540820603 39.037062079 13.4466619109799
6237 -77.2614308765 38.8750233376 13.4631042151178
9339 -76.7703577576 38.8888138603 13.4892725612039
3187 -77.2581078374 38.7994354743 13.5064271715757
2793 -77.0983811517 39.0295568591 13.5330702061175
4234 -77.2450320293 38.7665205293 13.566952500858
3592 -77.1341411463 39.0177802574 13.5687017599538
4783 -77.2334113022 38.7483010982 13.5725023566275
4708 -76.7632954473 38.8279126095 13.5849478736282
5440 -77.0896062888 38.6576495429 13.5877000037035
5526 -77.0386291456 39.0421764927 13.6922358857757
3399 -77.2592211778 38.7907791077 13.7174371315067
3053 -76.8579848479 39.0016834863 13.7176659450857
4393 -77.1130112491 39.0286933175 13.760564951085
2192 -77.2543989987 38.7768956564 13.7678871400777
2714 -77.1592486169 39.0096336843 13.7913797569622
4294 -77.2632150272 38.8926724613 13.7955095195855
3764 -76.9464274454 39.0375934492 13.8071399499029
5387 -76.7722171208 38.9122391532 13.8455694258073
2929 -77.0802723761 39.0389777758 13.8687951201018
5858 -76.9286816364 39.034493827 13.8879431107793
4640 -77.0693864874 39.041539284 13.9039997655144
3216 -77.2686431419 38.808248868 13.9338280507024
2387 -77.2583627317 38.9127766498 13.9432332552829
4882 -77.2521478258 38.925399431 13.9513095707903
4213 -76.7808085115 38.7580800051 13.9605883473937
3714 -76.8288901035 38.9861620961 13.9611903602558
3687 -76.9777519984 39.0449779804 13.9643604951985
5301 -77.0187813124 39.047404826 13.9939018667812
6674 -77.2112313094 38.7105404072 14.1168288744297
4942 -77.2757428192 38.8294967591 14.1202427782675
5602 -77.1911477 38.9961335001 14.125736111589
2726 -77.099562828 39.0383673941 14.1294428238391
3607 -76.8605271645 38.6792140864 14.1650861703573
6808 -76.8093045196 38.9741883642 14.1995687839617
4603 -77.2311684654 38.7277592673 14.2290627435469
3330 -77.2401862639 38.738537612 14.2300127374194
5282 -76.9351879877 38.6486356141 14.2490048363931
4040 -77.056324743 39.0485783825 14.2523100667658
5417 -77.2527987564 38.7554148622 14.2693966135813
5458 -77.1148900267 39.036973869 14.3285187706385
1347 -76.9632739687 39.0484530161 14.331405069636
4914 -77.2681743451 38.782568445 14.3438896762322
3953 -76.9460809876 39.0460894161 14.3793578389969
3178 -76.7718348092 38.9324947948 14.3930676902726
5470 -77.281986826 38.8515679914 14.4198423373759
4977 -76.9084089705 39.0374530365 14.4753075839434
3555 -76.7455697962 38.8516313262 14.4922867409286
4986 -77.0059621782 39.0545946739 14.4964998001499
4061 -77.2782514964 38.8005965336 14.5467547752837
2444 -77.2746906915 38.90210192 14.5584508022958
4811 -76.945521954 38.6412571995 14.5847028242986
5646 -77.036902447 39.055263419 14.5856642298032
6380 -77.2812369467 38.8817430113 14.5909912929662
4175 -77.0623793697 39.0532721788 14.6268827682744
3130 -77.1498106054 39.0285838962 14.6315461276241
3708 -77.2844356864 38.8701122695 14.6453023650163
4932 -77.266789982 38.7639294129 14.716730318647
4672 -76.7825246775 38.957851859 14.7199049172375
5048 -77.2856244385 38.8168657516 14.7427211960291
6012 -77.0966591593 39.0492975373 14.799190171565
3240 -77.0700748194 39.0548030134 14.8091941414764
2830 -77.272458487 38.9201417534 14.8302733297133
5049 -76.7444995951 38.8001582375 14.8771146138605
6640 -77.0881621529 39.0533212205 14.9371972478984
3026 -77.1662041109 39.0262041932 14.9519257551469
6949 -76.9902493516 39.0611670105 15.000533698263
6370 -77.1359238311 39.0403993647 15.0053680812317
1370 -77.2905037711 38.874470342 15.0072657585442
4535 -77.2853717455 38.7925865558 15.0469515205984
3394 -77.2391215613 38.7150817277 15.0899670398871
4157 -77.1144822291 39.0490651712 15.0984452308427
6676 -76.9011437829 38.6445728536 15.1603441353444
4775 -77.2951998508 38.8605152598 15.1612309522469
5729 -76.8842618778 39.039555746 15.1636486087549
3683 -77.0624231688 39.0615909785 15.1940233751028
4579 -77.1883708448 39.0184599893 15.2097851701726
3539 -77.2785640695 38.7671798718 15.2239086978653
3476 -77.298400136 38.8401565664 15.3022919048838
6907 -76.9503847649 39.0609947817 15.3245596073415
6101 -77.2182256344 38.6905275066 15.3349050286076
4176 -77.2959113748 38.8080411475 15.3832133417546
5569 -77.0798302574 39.0616329766 15.3835975814913
5330 -77.2237942045 38.9966127202 15.3860963688661
4979 -76.9576634386 38.6269206778 15.4021818906519
6844 -77.2669959509 38.7406120631 15.41642553556
6635 -76.9917967772 38.6229271653 15.4190991742695
7336 -77.2928358407 38.8986786191 15.4432548286677
2691 -77.3000126141 38.818354958 15.4987255268918
7105 -77.2588334854 38.9637632445 15.5048983199749
4997 -77.2898308842 38.7801393222 15.5088850440524
2737 -77.119672728 39.0556688557 15.6249832127707
4286 -77.2734062288 38.947591017 15.6394387758753
4900 -76.9382857799 38.6268048804 15.6515089966404
7906 -77.3049745572 38.8317713499 15.6808100596696
2536 -77.2990064737 38.7914548653 15.7793899288415
3805 -77.0691575186 39.0695117193 15.7976695544471
3973 -77.2880357845 38.9276870854 15.7991377256131
2939 -77.3029508734 38.803235918 15.8154170909052
3121 -77.1091219002 39.0618695179 15.8338743089525
5167 -77.3066805466 38.8727676895 15.8566021176906
3442 -77.0547545498 39.0724936184 15.876154420607
1775 -77.3080908785 38.8670085667 15.8897759459732
4714 -76.8596772046 38.6491355752 15.9226325178432
3922 -77.131041763 39.0573088982 15.9610293427306
7465 -76.9664649449 39.0728931531 15.9650920801033
5290 -77.1762776862 39.0386735122 15.9700864384665
4065 -77.2641740315 38.7208147914 15.9772887389882
5111 -76.7294796126 38.9113127028 16.0140043222228
5416 -76.7559402115 38.9599716931 16.0237689725004
3307 -76.9467797355 39.0710179877 16.0437251690533
1934 -76.7172679444 38.8250846611 16.072921426799
6260 -76.9239750947 39.0666607275 16.0782088045352
3843 -76.7414910737 38.9402072501 16.1003855705373
6362 -76.7738203812 38.983875329 16.1197608108377
5518 -77.2402279561 38.692193775 16.130586256522
4765 -77.093560766 39.0701167817 16.134306340874
7692 -77.0363677265 39.0779988469 16.1513335549963
4273 -77.0816638487 39.0731240357 16.1801317992304
6366 -77.1654015968 39.0479908232 16.2129797817673
3518 -77.3082438279 38.789460562 16.295947782638
4252 -76.8137246358 39.0217094861 16.3048827126694
2005 -77.1884466817 38.6518457804 16.3362843301005
1738 -76.7109507457 38.8507364174 16.3550316096247
5129 -77.3178037683 38.857979504 16.3659373726254
4949 -77.0142236991 39.082004636 16.3853501842768
4569 -77.3162148655 38.8114788984 16.4272711459216
3715 -77.3207303651 38.8463334018 16.5010032151608
5596 -76.9383833274 39.0770452145 16.5558003388496
4424 -77.3162400586 38.8918336292 16.5716237247081
2578 -77.1298369046 39.0674115723 16.5813806822572
4191 -76.7247493904 38.9266431118 16.5865186071592
7499 -76.9839329345 39.0845978032 16.6458413360798
3074 -77.0542609589 39.0845571858 16.6997547943705
3430 -77.3186664947 38.7945497878 16.7647423702147
6306 -77.1242742615 39.0723675496 16.7921051784173
6713 -77.0668760495 39.0849491332 16.8269583882019
3566 -76.7297096649 38.9456824544 16.8337461672905
2570 -76.9438075563 39.0829658011 16.8848727218604
5421 -77.1468300966 39.066840538 16.9089309952971
7356 -77.0939766433 39.0826647964 16.978631147081
7641 -76.8565934879 39.0578922541 16.9915537800291
8465 -76.9528284464 38.6041091276 17.0006962218806
1918 -76.7221261514 38.9393838147 17.0355476933735
2943 -76.7055072931 38.8995687111 17.0587884778572
2846 -77.3315815246 38.8397064483 17.0903119922955
5830 -76.9050166571 38.6130365186 17.106362934596
5739 -77.036877264 38.5984164397 17.1089291624507
3675 -77.1663147197 39.0630700607 17.1466863253691
3989 -76.8310699388 39.0479271984 17.1498105171102
2676 -76.7307122153 38.9581071719 17.1574131073471
4636 -77.1194234485 39.0801748468 17.2112265541109
5887 -77.0759970146 39.0895098516 17.2255481005664
2378 -77.3103755705 38.9403323893 17.239738084587
4614 -76.9373633214 39.0890535368 17.3748315043878
3539 -76.742260212 38.7097059383 17.4127969814679
4660 -77.3374299547 38.8623734616 17.4393519352882
4921 -76.743797681 38.9838200682 17.4424951489458
2634 -76.8638398054 39.0688953911 17.4704630077874
7166 -77.2129197696 39.0458938532 17.5177056210584
6634 -76.7685201485 39.013663888 17.6363836657557
4975 -77.0556454744 39.0982650527 17.6497323537549
3948 -77.1842478391 39.063607896 17.6585120014752
3392 -77.3347155554 38.9018261308 17.687765479235
3596 -77.0702919486 39.0972117943 17.6939983574241
3683 -76.7507667837 38.9982466668 17.7075012059357
2583 -77.0865076275 38.5952015394 17.7204456573959
4199 -76.8801771273 39.0793114927 17.7360397723988
2761 -77.3036878713 38.7222437121 17.7623310292751
4118 -76.8566307738 38.6186448616 17.8317509585679
2050 -77.2506245974 38.6643112744 17.8537909426622
2690 -76.8513182421 39.0699767541 17.8578817586223
5584 -77.094562521 39.0960851618 17.8860168918742
5567 -77.3126631799 38.9594687921 17.8959659165552
4361 -76.9514673837 39.099269172 17.9029210374171
3418 -77.2756225571 38.6852176469 17.910672519135
5674 -77.0148081546 39.1042939855 17.9271846108503
5678 -76.9253210414 38.595260308 17.9412453089545
6313 -77.3307907556 38.7604597782 18.0308476255831
4239 -77.2730894126 39.0116285818 18.0652921580457
4425 -76.8842700293 38.6029162557 18.1680765420797
2882 -76.855278945 39.0769012546 18.1750518510875
6449 -77.348633652 38.8081872346 18.1893137240428
4660 -76.7177979479 38.9712566918 18.196005382775
4873 -76.9000709216 38.5976777973 18.1961929545524
5143 -77.0438101401 39.1077666097 18.2358652774106
1920 -77.1277690994 39.0937405882 18.2451133385004
3430 -77.3337329576 38.934279817 18.2632803478828
4058 -77.1521969915 39.0865426807 18.2688712938376
3257 -77.0651527178 39.1062897033 18.2698307560516
3337 -77.1636031053 39.0828607467 18.2969834511675
3759 -77.1442574361 39.0896686641 18.2995454668656
4548 -77.3540450672 38.8554152217 18.3082720814202
4749 -77.1452453047 38.6002798099 18.3492043034256
4136 -77.3537985728 38.8714684799 18.3696700497441
1899 -77.0725964478 39.1069951827 18.3819287593881
7656 -77.2725688151 38.6698398218 18.4630930202566
6265 -77.2948027709 38.6913775065 18.4862760002086
3764 -77.266617111 38.6624362005 18.5674456098609
2289 -77.3468832406 38.9171765908 18.581631867903
3709 -77.1020694524 39.1051751634 18.5950144773046
6298 -77.3431547428 38.9281554164 18.6071830913683
4355 -76.8613358288 39.0867047308 18.6294151499196
2604 -77.3047410076 38.6991294875 18.6304440410789
2532 -76.7266096736 38.9955757244 18.6620693465577
2940 -76.8406058377 39.0786209403 18.6626743179995
5549 -77.1827864597 39.0811379037 18.6680225949498
3973 -77.2066773804 39.0704148092 18.7019439783063
4526 -77.3095103285 38.9888081492 18.7340006901515
2651 -76.879789684 39.0950874566 18.7457458719802
4273 -77.2626435751 38.6546878991 18.783449883528
3107 -77.2373817575 38.63497669 18.8680719939305
4252 -76.8992275387 39.1029083117 18.877256763935
4001 -76.8499231672 39.0865323141 18.8982307451437
7568 -76.9194208903 39.1082913935 18.9073667373151
4969 -77.3662168338 38.8516151783 18.9559674762703
4609 -77.3457526381 38.9427773809 19.0728440800685
6967 -77.3684165109 38.8657268211 19.1204223798635
6078 -77.3639102929 38.8953717135 19.1387863314804
3559 -76.8603909678 39.0957114946 19.2118778076984
6312 -77.3711405431 38.8378339476 19.2244021812845
7386 -77.2578642373 38.6416140314 19.252450294697
3818 -76.8657092115 39.0989570007 19.2942708742375
6301 -76.9727949098 39.1221750341 19.2945085847776
5055 -77.1664481437 39.0980410282 19.3101616543815
3240 -77.3379292879 38.96733927 19.3561165695103
4585 -77.354799295 38.9367942362 19.3905678927494
2114 -77.3428078969 38.9604107136 19.3915123657741
5080 -77.316219846 38.6925640498 19.3975251393209
3500 -77.3459316311 38.9568881631 19.4471774016151
4801 -77.3312845881 38.982000071 19.505012618405
4212 -77.3064110391 38.6773485641 19.5627173891124
3465 -76.8753125061 39.1066316082 19.5752735983143
3023 -77.0615100551 39.1258967288 19.5856508649508
3588 -77.3784218994 38.8607654268 19.6367226472918
6179 -77.2981473623 38.667057987 19.6449339821331
6651 -77.15256215 39.108275385 19.6594716884366
4553 -77.2058756377 39.0873097607 19.6631073774794
3158 -77.1851315388 39.0978785693 19.7465404937893
2178 -76.8401151959 39.0966905002 19.7662711639779
5485 -76.6526606358 38.7962637743 19.7890019392407
5968 -77.259827812 39.0586695112 19.8097290531603
7251 -77.2760123684 38.6440786393 19.8129972103782
3587 -77.3434927481 38.9763911774 19.9026774948745
2763 -76.8569718588 39.1061023482 19.9399281046971
3209 -76.6771804939 38.7228339337 20.057389031639
2714 -77.1298698274 39.1221890032 20.1448408790432
3327 -77.3889710471 38.8482943767 20.178148130182
3076 -77.3277477543 38.6855734555 20.1830801766841
6971 -77.3861135131 38.8850971715 20.2078370374261
4169 -76.6907432599 38.9956748317 20.2964177253335
3960 -77.3622298254 38.9592354495 20.3174952227211
3052 -77.3416930086 38.6994848053 20.3215448524619
6438 -77.3707112836 38.9426250824 20.3315768084946
7906 -76.6408594624 38.889571455 20.3544456729952
3136 -77.3570678157 38.9731239692 20.4571557281032
8001 -77.2258200305 39.0911719416 20.4668343300831
3769 -77.079144854 39.1367513802 20.4700432103524
2861 -77.3944938961 38.8643287281 20.5152173524711
4743 -77.0515287123 38.5498551523 20.5230644123772
2349 -77.3959673992 38.8573833283 20.5700373158888
5615 -76.8561593949 39.1160081393 20.580122050096
6809 -76.8003524276 39.0922654406 20.6113050607838
7355 -77.2571736545 38.6149423386 20.6178124863184
5367 -76.8993242592 38.5609304499 20.6180316854873
4525 -77.3227455324 38.6687311985 20.6264690779572
5936 -77.3283182173 39.016712293 20.642632601309
5355 -77.3841663513 38.9243974854 20.648761862761
2047 -77.3535085161 38.9848211169 20.6492818969386
9644 -76.71596325 39.0332341594 20.6692999540515
5322 -76.6922315132 39.0083734724 20.6923361343027
6798 -77.3975838982 38.8743970545 20.7362393146657
5197 -77.1995648249 39.1082913078 20.7477346227836
5108 -77.3007269103 38.644309004 20.7730889540643
4329 -77.1823088788 39.1162987762 20.8163072310693
3064 -77.0951396552 39.1401924363 20.8663243096704
4102 -77.3426775777 38.6853576707 20.8698290122587
5416 -77.3940165905 38.9064324087 20.8756358326434
1730 -76.7626522439 39.0748634394 20.8798268153341
2854 -77.0616831987 39.1449515352 20.8944705839661
2047 -77.2842725731 38.6271459278 20.9602604521016
4064 -77.3948102295 38.781515877 20.9681021234232
4145 -76.8881788496 39.1321639107 20.9836665998842
4976 -77.2774194547 38.6194508492 21.0964387621543
1220 -77.3843954681 38.9477641627 21.1440298428661
4327 -77.2435934609 39.0936664937 21.1526806927576
5503 -76.8445941858 39.1216270517 21.1949269193672
3685 -77.3726888807 38.9724446798 21.198798671856
3401 -77.3666899216 38.9834005271 21.2345800626726
6317 -77.0111048429 39.1524046685 21.2559111494446
2903 -76.642289711 38.7417409347 21.301244817472
7886 -77.2104368303 39.1139510064 21.3740030241079
3578 -77.3829764286 38.9608930967 21.3934520005037
4376 -77.3398461942 38.6673826867 21.4306690831593
9284 -76.8074412506 39.1106491761 21.4768461714455
2468 -77.2252389384 39.1090328653 21.487922768675
3604 -77.3612620212 38.9996189829 21.5070927757446
5912 -77.164061634 39.1334825957 21.507174425727
3281 -77.4138568062 38.8363545994 21.5280221181302
5423 -76.6470574248 38.9687400797 21.5454270617841
9244 -76.9543173402 38.5370987789 21.5535344811206
4523 -76.6837811562 39.0210384388 21.5556472852813
6080 -77.080176989 39.1528329969 21.5760665843261
3977 -76.8323441358 39.1231985556 21.5837570596309
3279 -76.9984355904 38.5332833777 21.5888543639965
2952 -77.1791667999 39.1298284473 21.5932432933591
5539 -77.3981915616 38.9360977954 21.5979085770598
1986 -77.1566164462 38.5527417612 21.6327757552613
7015 -77.4174100577 38.844670481 21.7096589453622
4566 -77.0544782115 39.1578770083 21.7404402427458
7079 -77.4181272679 38.8609748753 21.7733841212913
5345 -77.3214744761 38.6406680868 21.7813125507258
787 -77.2026376817 38.5664591548 21.7895326843612
3800 -77.3347649018 38.6531590214 21.7933201945456
6372 -76.6697754569 39.0112739838 21.8196709466548
4947 -77.4076041379 38.9233229068 21.8496680128062
7229 -77.4150463638 38.8967143247 21.8674749089171
3689 -77.4191672866 38.8213253858 21.8699659416124
5210 -77.4178553901 38.8818238352 21.875698331071
3064 -77.3986603793 38.9482967769 21.8808494166363
3576 -77.1135539323 39.1525203279 21.9204434569535
4337 -77.3946368494 38.9588306088 21.925469417522
5519 -77.3771032479 38.7007940802 21.9589093349495
3032 -77.2604680468 39.0985469379 21.9621788310787
1961 -77.3984400519 38.9525033644 21.9657335887408
5877 -77.19470947 39.1302310613 21.9742106805095
7184 -77.3530526728 38.6684203694 21.9778267144323
3078 -77.4139658059 38.9121595164 22.0078200157739
5051 -77.3861086839 38.9786648178 22.0340015567883
5385 -77.269429966 38.5960755051 22.0492951430035
4659 -77.3038603089 38.6196866319 22.0698198704486
6888 -77.1548724342 39.14569263 22.119023782622
4863 -77.4252761213 38.8321118726 22.1536872857673
3324 -77.4061967224 38.9473984024 22.24507033082
4497 -77.250707653 39.1092809279 22.2549252690909
5944 -77.2343111973 39.1178013125 22.2603730416904
2790 -77.4265683299 38.8102062688 22.3394287526326
1698 -76.7292485469 38.611026855 22.3406617631593
5893 -76.7150731488 39.0699321094 22.385956207268
2567 -77.4103061231 38.9442150614 22.3869890711057
6441 -76.8700796535 39.1489076063 22.4007722271135
5784 -77.3849468447 38.9935519967 22.4276732907957
4634 -77.3235472567 38.6282124371 22.4344731226896
3067 -77.2198074476 39.1279703768 22.4656380580274
4942 -77.4296279834 38.8829636766 22.514472630881
8211 -76.9275335161 39.1636037595 22.5198149701008
4116 -77.4317111636 38.8239346339 22.531144600679
6641 -77.4003897711 38.9719923787 22.5514659608357
6503 -77.351858416 39.0399271682 22.6075214367266
6644 -76.8240176085 39.1367256787 22.6203239241823
6115 -77.3389830464 38.6376933113 22.6382150442705
2736 -77.2449916021 39.1200077548 22.6982216737286
6962 -76.6666088208 39.0316679127 22.7324270934096
5493 -77.3699198629 38.6672290032 22.7841381282941
1549 -77.437448211 38.8416155816 22.7909832504604
7560 -77.4221223942 38.9343713073 22.8011839427168
5593 -77.4167768503 38.7426610273 22.8198091380452
7590 -77.1872582432 39.1465602521 22.8269303989072
3499 -77.1785335062 39.1496255385 22.8354418346725
6083 -76.6469078701 38.6811082057 22.8414072973479
3838 -77.4384498246 38.835471617 22.8544047696371
5843 -77.4109711799 38.9636023411 22.8639930038712
3154 -77.207879338 39.1395898564 22.8699004994088
6038 -77.0773936898 39.1724079681 22.8902593978102
5250 -77.4392119752 38.8631503379 22.9151731323656
3960 -77.4387055091 38.8136747041 22.965227124934
4988 -77.3619786974 38.653058938 22.9788531647763
5913 -77.3839917817 39.012813427 23.0212831524432
5273 -77.3921720772 39.0013567647 23.0215262349542
4279 -77.3371907442 38.6264987986 23.0647271446006
3387 -77.2027303498 39.1470396539 23.2077388294051
5456 -77.3254116332 38.6129474211 23.2278858177216
5774 -77.3788036133 39.0253938869 23.2342605867031
3359 -77.4453592157 38.8294013543 23.2433761681541
4253 -77.3530756675 39.0539356295 23.2480009859986
3464 -77.2367406605 39.1334062862 23.2483076307658
6612 -77.2790827069 38.5793815351 23.2798312688061
1568 -77.2271351578 39.1383534807 23.2843693482966
6802 -77.3031942828 39.0960236484 23.2881659951098
6213 -77.4471613426 38.844963897 23.3124491551789
6950 -76.6940627337 39.072177979 23.3163692195462
8025 -77.4354367251 38.767404493 23.3213646155818
5503 -77.3726432851 39.0365491785 23.3821504908731
7729 -77.1745868932 39.1594295375 23.3832766279399
8176 -76.7698892032 38.5653871537 23.425105138604
5956 -77.3074689925 38.5950197742 23.4395514263712
6329 -77.4150359958 38.9829918819 23.5755343662267
0 -77.4408507347 38.9237456783 23.5949491435203
6036 -77.3640970763 38.6398899504 23.6098984327474
5383 -77.4468599854 38.7875027858 23.6440770912207
3661 -76.7572285692 39.1227363759 23.6651740917778
3202 -76.8437722823 39.1613951054 23.7230256688946
5471 -77.2012875218 39.1559325374 23.7296061994923
2782 -76.6333024612 39.0180269845 23.7417784117757
2898 -77.2333714372 39.1434882499 23.7585129005173
4716 -76.7778313473 39.1354614527 23.7734289702619
5523 -76.8667388012 39.1692669535 23.7858542715252
4296 -77.3894407129 38.6641783031 23.7878960114867
3888 -77.381564031 38.6515995738 23.9052980753911
6424 -77.458835963 38.8445722893 23.9415153347395
3873 -76.5863485405 38.7518742183 23.9637331199052
6829 -77.357302955 38.6240059172 24.0044437759667
4744 -77.3739446811 39.0510994529 24.0212131089472
3127 -77.3254440227 38.5959517513 24.0583920455774
3850 -77.4144141061 39.0009968912 24.0738719393105
2021 -77.2533871782 39.1399385784 24.1016292760851
3575 -76.567556367 38.8707417561 24.1372368814358
3959 -76.7350994048 39.1186136547 24.1559922847568
2621 -77.2057014031 39.1614171524 24.1736573361188
3950 -76.6931855692 39.0898783532 24.1901951505549
5549 -76.7992055571 39.1523924135 24.1999648514301
3447 -77.2322504873 39.1521908926 24.2537766941424
5511 -77.4616019252 38.8907754716 24.2887697343996
4151 -76.580244511 38.9405804202 24.2916997341517
10161 -76.7124490306 39.1062956483 24.2923481261528
6528 -77.1644729889 39.1768144574 24.3194055722766
4396 -76.6566761122 39.0602272774 24.3267017808609
3979 -77.3947157581 39.0360448491 24.3513462310461
5702 -77.4101860325 39.0161351025 24.3595541472429
4046 -76.8487692331 38.5175275845 24.3635085655222
4418 -77.2186636072 39.1595737928 24.3642773466244
3507 -77.4669933476 38.8566609595 24.3919371900246
5969 -77.1853166478 39.1723066703 24.4243848966147
4158 -77.3534642781 38.6108900255 24.4383304851756
4177 -77.1973633597 39.16884877 24.4560626509187
4458 -77.0496191591 39.1976529953 24.4582653605736
5075 -76.9798484201 39.1977534143 24.4628516307162
4417 -77.4418925943 38.7209616221 24.5970302861225
4429 -77.4562521158 38.7530907774 24.6538354297531
2737 -76.9259228367 39.1950972459 24.671415833297
6248 -77.4648898892 38.780885388 24.6818788430378
6677 -77.4710176463 38.8149559437 24.6912781947083
5177 -77.2877810901 38.5588573691 24.6953081999616
7077 -77.4235698486 38.6838923723 24.7249390742659
3995 -77.4275393444 39.0022827935 24.7462087101487
3806 -77.4687732649 38.7902551694 24.7786800986799
4226 -77.3921174093 39.0536001893 24.9145249995883
4950 -76.5914716599 38.9945890091 25.0017437682844
5626 -77.2139403178 39.1722042911 25.0371363933347
3847 -77.4793713348 38.8585261772 25.0625112706272
2603 -76.8602671655 39.1876868093 25.1028842567062
2011 -76.8364834278 39.1807593395 25.1098042315118
3164 -77.4155548195 39.0312090871 25.1283062529399
7678 -77.4714352559 38.7720714779 25.1458907043869
5341 -77.2677622408 39.1508307232 25.1517553552122
3755 -76.8205693066 39.1766482461 25.1888829143574
4591 -77.1935745195 39.1820006125 25.2128897040001
4566 -77.4711763815 38.7622967864 25.2785088676023
4363 -77.3864509501 38.6228460904 25.2853155284048
3533 -76.7014473022 39.1199458186 25.3897173718575
6497 -76.7508006484 39.1497620329 25.3955958139656
5598 -77.4657359414 38.7398379873 25.3978568668073
7984 -76.7149759967 39.1296142889 25.4267532289962
6434 -77.2967905169 39.1400870906 25.43039493969
2774 -77.4115059857 38.6463683464 25.4540559138854
5356 -77.1765385325 39.1909339767 25.4572070936823
2958 -77.238236943 39.1701783707 25.5000695018641
6169 -76.9175486438 39.2070290051 25.5695408940403
6651 -77.2488563334 39.1669957495 25.5825606141856
6075 -76.8923866528 39.2027729894 25.5941582135948
7610 -76.8761956927 39.1994480354 25.6107085279251
6053 -77.4097518137 39.0515042701 25.6131699747334
2 -77.4697831553 38.9530964334 25.6249970724939
5631 -77.320588162 38.5615075386 25.6519428644065
7072 -76.8408034635 39.1908371867 25.6701593179517
4211 -76.6908518842 39.1182457101 25.6844240760771
7508 -76.5510994265 38.9354951705 25.7184032137778
4696 -76.5420194811 38.7926551522 25.7190994697882
7052 -76.6406774695 38.6141345581 25.7320280568034
4251 -77.2294157356 39.1776209618 25.7385626491998
7546 -77.266268579 39.162210399 25.7742463104282
6082 -76.5364435452 38.8250521029 25.7937299705727
2793 -77.0954710305 38.4770399863 25.8354242470189
5142 -77.2073265911 39.1876569091 25.8620842663397
6324 -77.481123723 38.7464493112 26.0691333237847
2366 -76.6531796468 39.0964722969 26.0722949449235
3552 -77.4939557682 38.7875294849 26.1492728759685
6049 -76.5602092887 38.9792874523 26.1511418254482
5110 -77.4967803721 38.8960073426 26.2136658193307
4213 -77.4891363582 38.7607159863 26.2467726507666
7943 -77.4940502573 38.7781920923 26.262132362055
4954 -77.4940556365 38.9157510255 26.283964205461
6078 -77.2596086108 39.1741903999 26.3012789393475
7539 -77.4988710838 38.7972625633 26.3162065028173
8479 -76.7130704282 39.1450056088 26.3212564534868
4964 -77.3162408492 38.5455629312 26.3604578798567
1914 -77.5044408909 38.8509056256 26.4003096444727
4832 -77.4626964296 39.0011913304 26.4281728325322
4885 -77.2319271923 39.188040527 26.4436087740111
3893 -76.7681729844 39.1765645369 26.4734205912262
2228 -77.4448903676 39.0318818029 26.5187719958401
6228 -77.380471188 38.5883542427 26.5659703022092
2741 -76.9824184633 38.4615403856 26.5905927097933
2520 -77.2460548744 39.1850987075 26.6079797302632
5182 -76.900755753 39.2196098135 26.614583709261
9732 -76.5561802025 38.7008549018 26.6533454291975
4329 -77.4282339083 39.0571804375 26.6577641725637
4798 -76.8020754513 39.1934833138 26.6631042449559
4037 -76.8269510987 39.2024280248 26.6904457303524
3932 -76.5779064061 38.6633148911 26.6969073645734
5402 -76.6669487638 39.1209547262 26.7053063868994
7696 -76.8448156688 39.2089044561 26.763646209004
5864 -77.1165051765 39.2239822166 26.7739658671561
4585 -77.4876260087 38.726621589 26.7983002743291
4214 -76.7863923667 39.1896866722 26.8009649790589
6722 -76.5908446401 39.0512916874 26.882984487904
4997 -77.4602600936 39.0214019313 26.9093712769436
2451 -77.4809815737 38.70495964 26.9629452267374
7157 -77.2870254071 39.1726253004 26.9787800781044
4616 -77.2262783806 39.1996289305 27.0353376673867
7055 -76.8637022581 39.2190271561 27.1024086349763
6669 -76.5317178237 38.9575651616 27.1255836250241
6352 -77.3191218926 39.1577696202 27.1281598810629
8298 -76.516487193 38.9047607038 27.1319479424518
5775 -77.5133361379 38.9052236995 27.1859079995829
5362 -77.2661212319 39.1866999949 27.2252684673938
4316 -76.9738562141 39.2374919276 27.2284042335176
5013 -77.5025947618 38.7356210228 27.3875681587219
4321 -77.1681389859 39.2227273861 27.3939430702166
6438 -77.5142614129 38.7733558677 27.3946809945484
6262 -76.8803262753 39.2279013735 27.4406809605175
4744 -76.8096317713 39.2085629726 27.443562541052
5267 -77.2838214387 39.1828555671 27.4840104825416
3746 -76.7863635019 39.2020046957 27.5616858478418
3148 -77.4630445447 39.0385180242 27.5945438209482
5211 -77.4688628812 38.6618054063 27.5989918610867
4932 -77.3217796835 38.5252582298 27.6580619462349
6862 -77.5002891982 38.9764803224 27.6839541017341
6846 -76.6129828894 39.0960069085 27.700626564062
2170 -77.456559914 39.0531435913 27.7977304526087
4169 -76.6739716019 39.1490955186 27.8772355977412
3857 -76.545419631 39.0165829216 27.8862610782663
2305 -77.4637771512 39.0472421866 27.9249153272552
2875 -76.8332925057 39.2243160043 27.9773650406452
4530 -76.817390694 39.2198505238 27.9999078232773
3727 -77.5310592617 38.7948254075 28.0588736069885
3558 -76.5469836402 38.666965452 28.0668866687976
7692 -77.2573811133 39.2045521869 28.081399137452
5720 -77.2764207763 39.1967176706 28.101497973877
5149 -76.8537913006 39.232271097 28.1365531556883
5229 -76.7431244609 39.1932656765 28.1523511613971
5629 -76.5041117853 38.9371729854 28.2047610951318
4599 -76.6352598369 39.1272832638 28.224328014689
5763 -76.767705489 39.2056487235 28.2441435052932
5051 -77.5020763839 38.9962744768 28.2489883760227
3869 -77.4564322771 39.0657016648 28.2496075957728
5222 -76.5162382645 38.9749781078 28.2809388727264
8426 -77.5313967771 38.9190017075 28.3012644633399
3992 -76.7970015631 39.2207601418 28.48964817034
4815 -76.5219518494 38.9962133265 28.4911617999778
7238 -76.6459777326 39.1422655918 28.5463068405643
5593 -77.4929606928 39.0251830729 28.6013891707398
7630 -76.6156409963 39.1190113087 28.6144173569075
6442 -76.5028384483 38.9607500445 28.6784909962234
4711 -76.8728215763 38.445507276 28.6827260334714
7291 -77.5424401272 38.7896287299 28.7144801298017
3888 -76.6282973824 39.1331653037 28.7755100245385
4397 -77.4784061544 39.0534268138 28.8194445441302
6135 -77.536687542 38.7554181018 28.8292105946038
4591 -76.5106493913 38.9874667311 28.8473862849362
6748 -76.5769572306 39.0868800949 28.8669195917462
6978 -76.5561159982 39.0648498395 28.9629000827934
6312 -77.2236717758 39.2320632412 29.0301399933537
5571 -77.5391628568 38.9423822563 29.0396075533737
5389 -77.4953345099 39.0399009668 29.1700259676553
3210 -76.4950216098 38.9665421659 29.1944525666922
6842 -76.8165134708 39.2382580915 29.1992649074048
5872 -77.5149355668 39.0089035629 29.2182861608468
3895 -77.2049092804 38.4496385801 29.2285261610859
3107 -76.5858858947 39.1060997888 29.2748873829304
18 -76.6729395001 39.176180049 29.3486232684279
3956 -77.4890618554 39.0556413125 29.3925354203507
5171 -76.7652779138 38.4666089529 29.4405719636402
6327 -76.6083057479 39.1307573577 29.4486700549804
5938 -76.5668338181 38.6016130196 29.4498132258049
3891 -76.6959700339 39.192269215 29.4885245474192
2695 -76.6282582124 38.5430618016 29.5184039745286
3686 -76.4927156952 38.9779802588 29.5476097630979
1617 -77.4725495157 39.0816800027 29.5774952244251
4767 -77.5373762145 38.9776043927 29.6006211220308
4729 -76.8572540623 39.2552924864 29.6022423746567
2456 -76.518352806 39.03097885 29.6268529807302
7544 -76.7210298323 39.2079583903 29.639941822046
4745 -76.6314262577 39.1542759374 29.6861769685924
3736 -76.8783595679 39.2612377708 29.6973253471097
6021 -76.4730126506 38.9322524094 29.7685371076415
6136 -76.6166601124 39.144542822 29.7709510485107
4663 -76.4798968199 38.9559290066 29.7798328915102
5749 -77.1845691308 39.2551404033 29.797702819885
5761 -76.7584271741 39.2274204458 29.8081753267505
5746 -77.5193016338 39.0241162001 29.8531492308785
6295 -77.4295472265 39.1323928986 29.8823051285654
3224 -76.4817819989 38.9683828063 29.9133879455045
4890 -76.4870662032 38.9853339564 29.9959433702557
5935 -77.5671108908 38.9122195712 30.1203140099596
6199 -76.9268900875 39.2755474691 30.1424975705091
6736 -77.2582237416 39.2376153922 30.1433999697207
4659 -77.55320958 38.7276463414 30.1650529336333
0 -77.4711679281 38.5929244613 30.1984774077967
3667 -76.8432874597 39.262518137 30.3006645213103
5781 -77.5773974202 38.8531585972 30.3322657030087
4313 -77.5010486061 39.0684883763 30.3942569930744
3066 -76.6285494084 39.1668309095 30.4217538994552
5014 -76.7871702964 39.2480786138 30.430235182836
5220 -76.8307410499 39.2616189435 30.4530916857709
5410 -77.4860950549 39.0905424275 30.5224192575955
6354 -76.5290430945 39.0744806047 30.5512791169504
3113 -76.604527911 39.151084478 30.5538249412709
7295 -76.5495231663 39.1001386435 30.5991851741834
3450 -77.4955744319 39.0812735374 30.6018382593787
7472 -77.5783153246 38.7779778246 30.7456078480701
5849 -76.6423883069 39.1837643519 30.7990788353812
7624 -77.0511440442 39.2899085024 30.8297990167367
5303 -76.592989128 39.1474223407 30.832270576389
5422 -76.494629567 39.034318223 30.8784144572905
3853 -77.5729090504 38.7452073751 30.8914120451403
5813 -76.8081178615 39.2620790318 30.8979987144931
2974 -76.574198283 38.5577353015 30.9848397942761
2608 -76.4735737852 38.9987286534 30.9867669845995
6892 -77.5251562987 39.0534542914 31.0239037896511
3893 -76.6121647636 39.1676381309 31.0689531009105
3572 -76.5094702431 39.0639023388 31.0948815029127
3460 -77.591192542 38.8114669381 31.1665695109379
6115 -76.5564657453 39.1216022294 31.1797850160973
2463 -76.7050133939 39.2277813304 31.2576498687284
5723 -76.5779321356 39.1440250734 31.2765024707497
2999 -77.5488220197 38.6692232326 31.2880004775212
4016 -76.6237621237 39.1837878777 31.4594850960122
6126 -77.2939631061 39.2449839094 31.4725276068889
4097 -76.4957490836 39.0572980875 31.5276044148179
6305 -77.4997746566 39.1012924461 31.5464750659894
5638 -77.2154232947 39.274289036 31.5879975563521
2256 -77.369118955 39.2097680087 31.6139643495912
2418 -76.7516712242 39.2544821551 31.6398155200379
4100 -77.5922523871 38.7611218115 31.6850250552749
4090 -76.6494568406 39.2051155882 31.6984372546623
5686 -77.3757523546 38.4831985339 31.7430804374527
3282 -76.8707278329 39.2909866148 31.7925359217109
6101 -76.701025808 38.4556579875 31.8199817204793
1495 -76.7701162478 39.2644680625 31.837982280704
5306 -76.8403635832 39.2867891721 31.9496273223562
5961 -76.7292631952 39.2505977388 31.9590386899087
0 -76.6797642769 39.2275379144 31.985958507707
2218 -77.1891893009 39.2877146685 32.0210972543321
5865 -76.5921746383 39.1724516454 32.0598974104636
8070 -76.5506527717 39.1366903146 32.0709755708874
5009 -76.7023101535 39.2411064289 32.1167135377368
1974 -77.4498116038 38.5287120002 32.1194836747951
2936 -76.5273353692 38.5778971799 32.1404505489533
6884 -76.6243346505 39.1973171107 32.1410386064431
4809 -77.6002950209 38.7486493251 32.2813121069283
4581 -77.526945369 39.0902811153 32.3619075338543
5768 -77.6078343591 38.7682075371 32.4255234357485
4123 -76.7962720076 39.2828607923 32.4675957955333
7750 -76.4724468236 39.0528725128 32.5065816057025
3489 -76.6118532537 38.4957241606 32.5104655033338
2655 -76.651370772 39.2213447319 32.5245913224973
4456 -77.5800984695 39.0126945408 32.5706877973224
6490 -76.7756647586 39.2783718937 32.5977199605951
6860 -77.6202618059 38.8304574069 32.6573536186874
3265 -77.3439673297 38.448680365 32.6952462286252
7521 -77.4054942335 38.4831515973 32.757644621818
3807 -76.7133149443 39.2569467998 32.7592955480383
2741 -76.6337032041 39.2150200114 32.7604738496984
7686 -76.493245752 39.0911095793 32.7912941330334
7113 -76.8072053702 39.2923460271 32.8766672837317
3530 -76.6984002064 39.2524766288 32.897286060331
5261 -77.623732543 38.8147275563 32.8994972761281
2409 -76.7444083596 39.2723416446 32.9193222417649
4037 -76.5964570065 39.1931615994 32.9274543463642
4075 -76.4418207675 39.0136467626 32.9450467825022
2564 -77.6241196366 38.8061111447 32.9657383100114
6547 -77.5495876701 39.0785097039 33.0013680875264
5247 -76.5360743809 39.1449500663 33.0385584978293
4186 -76.9643416155 39.3213666697 33.0525023608056
4258 -76.4556582748 39.0437348366 33.0531656410311
4407 -76.679066684 39.2473068013 33.1447718602462
5557 -76.6581779957 39.2371465445 33.1921007205033
1944 -76.7494303135 39.278683781 33.196876739753
3426 -76.6199432012 39.2165355801 33.3078985522189
2222 -77.6131782101 38.7263501255 33.3126551877405
7852 -76.8345712699 39.3069896751 33.3766130615048
6586 -76.5095534763 39.1261598444 33.3899488355713
2712 -76.7353556115 39.2794318174 33.5742312291224
5074 -76.6941831351 39.2621113033 33.5847793795906
4221 -76.6451152645 39.2375292988 33.6230486301374
7451 -76.5541924427 39.174436641 33.6288888460743
4351 -76.7052193541 39.2678926761 33.6318127732195
3532 -77.3924364852 38.4587748038 33.6332741561652
7104 -77.5281910437 39.1239564427 33.6906137200123
4387 -76.4420276744 39.0432427774 33.7077668852352
1463 -76.601445168 39.2125695169 33.7424329460053
2124 -77.2182410603 39.307092664 33.77735266823
2525 -76.7128972415 39.2736650943 33.7795843281773
2798 -76.637205548 39.2369067949 33.841137276923
0 -76.6294677333 39.2324077469 33.8452834286345
5401 -76.8970082914 39.3260628776 33.85999820811
2852 -76.6566117419 39.2483051943 33.8724584602902
5491 -77.6384739916 38.7792408589 33.9423567916366
2871 -76.7182544308 39.279063096 33.971740870639
5846 -76.7682394341 39.2983402263 34.0242361554872
5524 -76.5193613007 39.1527165281 34.074393394537
2789 -76.7267080203 39.2846995238 34.1083279748321
6275 -77.1026598602 39.3337054 34.1265402770808
4292 -76.6080615666 39.2243390569 34.1301379368716
4218 -77.6451165783 38.7974139631 34.1485447053387
2533 -76.6187575801 39.2318296812 34.1687300522378
5887 -77.5509790064 39.1098586156 34.1723844690217
4039 -76.7479941838 39.2949752748 34.2498370638796
3626 -76.700402299 39.2770726554 34.3113346126706
2161 -77.580033129 39.0759029335 34.3552708606693
4245 -77.4140300025 38.4582433849 34.3826323320631
4680 -77.4275521471 38.4667508401 34.3951114712159
2700 -77.5610492672 39.103963552 34.4179685045809
4050 -76.6777009405 39.2686932232 34.4329190127431
1851 -77.6544594769 38.8539662991 34.4838834215679
3234 -76.4175926685 39.0278953052 34.5132519210173
4689 -76.6409445277 39.2510980234 34.5138958353789
4908 -77.6556230745 38.8354324082 34.552164660167
1795 -76.7166043274 39.2880043574 34.5599068323954
5896 -76.8106345387 38.3711144485 34.5906356336098
6850 -77.5502049973 39.1220399031 34.5944932691689
2910 -76.6901874915 39.277334766 34.6000035513884
5208 -77.4533941014 38.4805718172 34.6125928077081
4930 -76.6014787386 39.2307906536 34.6987724134091
4125 -76.6271573208 39.2471417637 34.7305221558277
6487 -76.7339700923 39.2981350064 34.7679948864752
5073 -76.703289897 39.2859982929 34.7749996258288
2590 -76.6607118052 39.266729377 34.8071797343411
3823 -76.6067289601 39.2370699916 34.8552359544856
4523 -76.7774114728 39.3142228392 34.8557265268463
3688 -76.5122882863 39.1641835623 34.867081488568
3891 -76.721867149 39.2959417506 34.9190296725493
2650 -76.7156722704 39.2945904768 34.9869720096439
5468 -76.570565756 39.2153311859 34.9954407403117
6827 -76.4502725942 39.099073787 35.0589188552333
2282 -76.6793510518 39.2801709839 35.0646443569482
2018 -76.6171201182 39.2481225489 35.1099673196449
2059 -76.6265099186 39.2537348678 35.1168044172671
4886 -76.9137012105 38.3433671735 35.1334646489109
1697 -76.820797357 39.3306020334 35.1543917165822
2267 -76.6917285325 39.2878001785 35.1859316402981
6293 -76.4819902498 39.1412489877 35.2000993814805
2324 -76.6477981458 39.2672516711 35.2205459682533
3756 -77.4498359719 38.466085505 35.2223087969615
6783 -77.3820059296 38.4243332408 35.2379362098015
5129 -76.7546972095 39.3133651011 35.2649018334997
4888 -77.6687480096 38.8631589354 35.2679891534661
4977 -77.0744422235 38.3370881504 35.2923785718697
2430 -76.6365462334 39.2626754192 35.3029627286506
3173 -77.2774177084 39.3129621491 35.3080122835109
1426 -76.6755785579 39.2847338656 35.4392234975348
3565 -76.7021771286 39.2970310773 35.4737632759455
2581 -77.4451861057 38.4564287601 35.5585072684245
4619 -76.6806720134 39.2899987436 35.6133888551808
2713 -76.6663774813 39.2833510418 35.6141715925058
5135 -76.7394352257 38.3771338399 35.6226431575522
2945 -76.3537956639 38.8732341216 35.6388536282575
962 -76.7306317865 39.3110773651 35.6526687130049
6930 -77.5948990269 39.0965990694 35.7357587735099
22 -76.579766077 39.2373746298 35.7993169174145
3142 -76.6538699445 39.280500862 35.8055592556076
6681 -77.4264426167 38.4391719404 35.8335954285882
6532 -76.7684662675 39.3275354109 35.888118013145
1574 -76.6903443576 39.2991627096 35.9073269268226
3373 -76.6407021767 39.2764153448 35.9584887709725
3281 -76.684039604 39.298086468 36.0079294572361
4447 -77.5714280064 39.1343992417 36.016040383776
1691 -76.655800398 39.2856105457 36.0474686073066
1136 -76.6151182903 39.266108658 36.1677712082913
1836 -76.6481940267 39.2840976651 36.1796467635488
3045 -76.6796150034 39.3002059804 36.2527121031247
2969 -76.6588007403 39.2908542667 36.2690850003764
2586 -76.6444026123 39.2839534134 36.2824257288479
4863 -76.515125636 38.4941925602 36.2841215614946
4101 -76.701579012 39.3102945259 36.2989576549502
3433 -76.7369839689 39.3239542506 36.3180899500466
3270 -76.7179197991 39.31789992 36.3731420487614
2130 -76.6269948499 39.2771493718 36.4162269485397
1371 -76.7709992206 39.3372457167 36.4642146050104
1920 -76.6401338416 39.2849957499 36.4685711289357
3509 -76.663967166 39.2967253773 36.4705748291889
2571 -76.6045492106 39.2663700788 36.521732487851
6770 -77.4882643163 38.4679671363 36.5477207770287
5277 -76.9781065776 39.3733165219 36.5883965953188
1846 -76.6477797611 39.2909680071 36.5908732116826
4567 -77.6785993295 38.7353434256 36.6051699994365
1953 -76.6170533171 39.2757470297 36.6452140436825
2172 -76.6134707758 39.2740205732 36.6610717559941
5615 -76.6680818694 39.3023499682 36.6914817247723
1895 -76.6418178866 39.2912147404 36.7784782174914
1909 -76.6329965252 39.2873008643 36.813465815243
3481 -76.9137189544 39.3718977019 36.837153296189
2141 -76.610484052 39.2758598787 36.8581506956408
4245 -76.6555838055 39.2993724851 36.8607251856355
4397 -77.2885069605 39.3342208721 36.8931047475286
5072 -76.7319724364 39.3320909572 36.9414206126878
977 -76.6361121411 39.2914521873 36.9598113772762
3344 -76.6839541254 39.3139635945 36.9687990096489
2282 -76.6935670568 39.3180377573 36.9726825612112
2121 -77.3937137689 39.2912511546 36.9755930321371
2525 -76.6481452058 39.29813153 36.9985066416882
2564 -76.6043941695 39.274959161 37.0016473968698
3412 -76.6687478939 39.309066513 37.0743440193867
4025 -76.6157584709 39.2829545602 37.0910898325229
2699 -76.5895091965 39.2681387486 37.1105984920657
4177 -76.8265856549 39.3614977049 37.1150444017869
1558 -76.644374675 39.2985630312 37.1317400320265
2200 -76.630754666 39.2916894181 37.1323981118656
4927 -76.3340726494 38.939966943 37.2137268634852
2283 -76.7197618922 39.3321620283 37.2198155178838
838 -76.6250219162 39.2903280352 37.2263053657892
2292 -77.6824729293 38.9852554519 37.2379670226674
2515 -76.6408133998 39.2986929615 37.2420145158918
6527 -76.5423406847 38.451727151 37.2968440544802
6426 -76.7550551218 39.3454348096 37.3043289322079
2359 -76.6678884054 39.3127987819 37.3207918799888
2478 -76.6550529853 39.3070237846 37.327104207204
2388 -76.636305627 39.2980665451 37.3366786252452
4828 -76.7015268679 39.3273783547 37.3508510653581
3593 -76.7389825355 39.3410710617 37.3577378429317
4990 -76.7771438954 39.3529043209 37.3631519965547
4524 -76.8030341583 39.3598729195 37.3712285890683
5959 -77.5413252976 38.4948161219 37.3751991418923
2890 -77.3638064275 38.3788115351 37.3774581363681
4223 -76.6777972019 39.3189625748 37.4307468227433
2011 -76.6305838736 39.2973818324 37.4651885415469
2699 -76.6480363939 39.3063400449 37.4830881061215
4006 -76.6148957944 39.2904073181 37.5390305911658
3723 -76.9511072221 39.3858040683 37.5543512245394
3050 -76.9323947024 39.3852658398 37.6215735757998
1696 -76.6685003757 39.3183260046 37.6360973626199
6362 -77.2369941789 39.3612004504 37.6439865264203
3211 -76.6417324012 39.3061488706 37.6507063816769
1602 -76.6227706211 39.2971327997 37.6834211210508
3724 -76.6527221349 39.3124468036 37.7126289924019
5277 -77.1158251846 39.3852974649 37.7591613599485
2342 -76.6020903091 39.2872885663 37.7616915476657
3344 -76.5936531196 39.2826023878 37.7694520682089
2853 -76.6321680988 39.3037295588 37.7858109953316
3487 -77.0002415798 39.3914630556 37.7993075727358
3145 -76.625682828 39.3011574644 37.8278601926897
6715 -77.6773202659 38.665273448 37.8598770079605
2333 -76.6361650776 39.3077972727 37.9065744577005
2076 -76.7172783072 39.3433147543 37.9748292411846
5139 -77.1782055103 39.3800823735 38.0338100207849
1543 -76.6587883148 39.3207748068 38.042438901878
2269 -76.6406485075 39.312343254 38.0445268807225
3065 -76.5965660587 39.289400159 38.0541184425982
5072 -76.6174834475 39.3014962491 38.0920366555477
2870 -76.5807598928 39.2813770493 38.1208395291204
6642 -77.5557364697 39.2013929195 38.1243493195654
5214 -76.6843575161 39.3333442266 38.1390746520986
2087 -76.5920133537 39.288623507 38.1556971407277
3223 -76.6128452815 39.3003333601 38.1656937408189
3798 -76.7682536528 39.3627581161 38.1669383497883
3549 -76.60290152 39.2951120769 38.1753900235377
4748 -77.6477557787 39.0946555982 38.1833699046511
4974 -76.6256538236 39.3077312685 38.2082051925335
8088 -77.4772917522 38.4274252426 38.2138340629254
5925 -76.7538208168 39.3592249785 38.2146527090452
5237 -76.6091014385 39.2994972631 38.2321787405258
2045 -76.7804736798 39.367168952 38.2327234493948
6045 -76.7000640779 39.3411595755 38.2385322767324
2462 -76.7333010706 39.3530931225 38.2416752513806
5139 -77.0451002131 39.3974929592 38.2441125669139
6572 -76.672330007 39.3303625418 38.2625209946125
1884 -76.5887469407 39.288766478 38.2681834442216
3853 -77.3425080133 39.3365171062 38.2830040152691
3022 -76.5738495083 39.2806046891 38.3068041626347
3683 -76.9673103379 39.3977311507 38.3088175701977
2775 -76.6305439644 39.3122912287 38.3305353031072
4130 -77.1202799592 38.2969198601 38.3510703965751
3441 -76.8605993334 39.3866781231 38.3598301514398
1724 -76.5858707118 39.2888586467 38.3657626464717
2613 -76.6344032974 39.3152410315 38.3919313912012
3289 -76.5070556254 39.2363676516 38.4128558399067
4795 -76.5474364141 39.2658926382 38.4242348358129
1977 -76.7419257757 39.3588770307 38.4307626025913
2767 -76.6022381301 39.2998253803 38.461756188231
2347 -76.5212074291 39.2481481242 38.4620032189734
2208 -76.5803326553 39.2877854191 38.4859548021172
2011 -76.6445232445 39.3224120267 38.5295278236207
1183 -76.5909017587 39.2950775954 38.5501460883204
4304 -76.7989669773 39.3768172446 38.554136549045
1920 -76.3056745113 38.7697630631 38.5596231705996
1951 -76.5700386775 39.2829475037 38.5604863263834
2126 -76.6047191323 39.3031965547 38.5762372588209
1751 -76.6138833969 39.3086271225 38.6085838434892
3076 -76.7214726989 39.3548945533 38.6103836864058
4215 -76.6598937583 39.3310088775 38.626364825878
3239 -76.8124295401 39.3817176215 38.6687256752123
1800 -76.5854979362 39.2942247423 38.674769192737
3009 -76.5739921844 39.2880725447 38.7088857366562
2221 -77.7293744027 38.7903652917 38.717237355195
2652 -76.5656317184 39.2833043269 38.7267202795192
1241 -76.5928317348 39.3001793553 38.7745346276874
5966 -76.7674122524 39.372922079 38.8423531446397
3265 -76.5805910181 39.2944121711 38.8426668242265
5855 -77.3532707392 39.341606057 38.8626756575082
2476 -76.6237329833 39.3181142106 38.8664514048224
4546 -76.6661660768 39.3378414365 38.8747668909172
1851 -76.5274205268 39.2608498662 38.8765360938586
3226 -76.6997515949 39.3515817343 38.8934786256064
2452 -76.6035886489 39.3084199261 38.9074928330208
3799 -77.6274649196 38.5493675764 38.907938607205
0 -76.4801698897 39.225409313 38.9366373788275
1042 -76.5859216785 39.2994712695 38.9529254219774
1313 -76.6123456765 39.3138901791 38.9566983476389
1281 -76.5930345418 39.3036655424 38.9639029257419
3269 -76.6175105918 39.3170996992 38.9891160416947
3185 -76.5162080692 39.2550921752 38.9945279578556
4701 -77.1414473082 39.4003691421 39.0076440865725
2993 -76.6770495076 39.3446843616 39.0153218779983
3222 -76.5751184434 39.2946387562 39.0321353992173
3175 -76.6834700719 39.3477384608 39.0443182201168
2443 -76.7350467342 39.3668500516 39.081219715233
2647 -76.5659379191 39.2901516665 39.0876816980631
3623 -76.8202191844 39.3899323487 39.1007990764904
3253 -76.570855917 39.2935701242 39.112390892171
3782 -76.5809919718 39.2996130823 39.1177813278374
2260 -76.5585958831 39.2864490883 39.132173798931
1137 -76.5932493588 39.3069999785 39.1449178652332
3505 -76.5218937195 39.2626324722 39.1675445390671
1839 -76.5033899509 39.2492431842 39.1814535650111
3586 -76.629821764 39.3265304177 39.1838333560896
1431 -76.6503167851 39.3364706318 39.2090037378291
4523 -76.6655602582 39.3431971354 39.2151565125111
1955 -76.6384004652 39.3312797458 39.2239823501565
3548 -76.6964972858 39.3566272935 39.2834688786155
1564 -76.5861443506 39.3056467276 39.2907999883869
3552 -76.6124596156 39.319938354 39.3017437129039
2957 -76.5753974826 39.2997950731 39.3073561694381
3073 -76.6036573316 39.3155192193 39.310276801654
2469 -76.5934445671 39.3103887642 39.3301330143023
1465 -76.5388151643 39.2786579011 39.3945754391916
2084 -76.582008797 39.3056656129 39.422265076637
4367 -76.7063826194 39.3636117021 39.4937094379213
3983 -77.455448997 39.3021588588 39.5006624165991
1704 -76.5938538198 39.3141337583 39.5294901007043
5714 -77.7321245064 38.7267407811 39.5540057000031
3773 -76.6821207341 39.3556192778 39.5626793988181
6224 -76.6194297149 39.3286859094 39.6064199748452
2937 -76.5764244648 39.3058801618 39.6115713088705
2748 -76.6433488518 39.34023114 39.6212234367228
8541 -76.7974439286 39.3926231119 39.6220517684749
5648 -76.6693154944 39.3515306879 39.6273884809811
1586 -76.6064691073 39.3227549759 39.6413076511179
3513 -76.5150147563 39.2677411871 39.6770793486568
2444 -76.4990193663 39.2564697212 39.7020440020382
5824 -76.3028293272 38.9970136536 39.7125968149864
6017 -76.7756736665 39.3886435625 39.7205159045347
2071 -76.5253753506 39.2759053175 39.7237793154636
3336 -76.7321685456 39.376054311 39.7281988776489
5192 -76.6316409427 39.3366595421 39.7296154006903
2033 -76.6118649173 39.3279702821 39.7838877770154
1585 -76.5815943604 39.3119528683 39.786926336098
4442 -76.7197810321 39.3730680244 39.7969736338441
4875 -76.5421089682 39.288575092 39.8051414954298
8333 -76.6206949937 38.3580899512 39.8512250279578
3149 -76.5956025253 39.3208854509 39.8600199883101
7470 -76.581441417 38.3775758367 39.9225023039275
1964 -76.6011831489 39.3249246873 39.9233411375996
3429 -76.7009624019 39.3686566125 39.9323600195234
6380 -76.8141390556 39.4012837302 39.9444893446517
4461 -76.2835501892 38.9454518844 39.9567295208116
5817 -76.6854486303 39.3633220005 39.9592731658349
985 -76.6535018806 39.3505045201 39.9692980644827
5156 -76.9137252298 39.4184555183 40.025337789491
1996 -76.5528527708 39.3000522223 40.0592418493577
3505 -76.4526494159 39.226839739 40.1041521615515
6414 -76.490098546 39.25808083 40.1167730854056
7589 -77.2655816956 38.2992705347 40.1272314008527
4790 -76.6165346722 39.3365193095 40.1469593910939
2973 -76.513814158 39.2771625344 40.2015644352771
3788 -76.689014256 39.3685996392 40.2032627574801
4203 -76.6023712434 39.3312132169 40.2500418875958
2508 -76.5758731592 39.3170319291 40.2510734459878
3730 -76.6336457308 39.3468306366 40.2778812979493
3402 -76.5901799203 39.3254795825 40.2862999280425
856 -76.6456357117 39.3528048677 40.31408694085
3575 -76.5261974736 39.2888537419 40.3697370393826
4347 -76.9517020956 39.4267384603 40.3723499004819
5014 -76.7566227252 39.3935565361 40.3810007118251
3230 -76.5527766783 39.3062250098 40.3973675332232
2115 -76.4854062182 39.2609165556 40.4330453962099
3881 -76.580449345 39.3232975895 40.4607390736344
2078 -77.3660573033 38.3284108977 40.4846943954151
778 -76.5604624599 39.3125781899 40.494776648736
4251 -76.6036985696 39.3369440485 40.5424893071992
4525 -76.619806429 39.3450777309 40.5567021764029
4958 -76.6977837252 39.377566232 40.5628581703539
1333 -76.4897766752 39.2669394184 40.566160632812
6094 -76.564391242 39.3170532709 40.6160463526735
4183 -76.6615353423 39.3649047274 40.6396526367658
4289 -76.5147249832 39.2864207647 40.6464096385346
2877 -77.4288526411 38.3527639217 40.7661840035785
4933 -76.5666446475 39.3221089612 40.825766126372
3623 -76.4986001429 39.2787095611 40.8309950723992
2705 -76.4861525728 39.2698408558 40.8453540047926
2298 -76.6050185687 39.3430190749 40.8570719129578
3243 -76.587647959 39.3345327483 40.8795672202745
2046 -76.6162946614 39.3498035099 40.9335608186857
2556 -76.4469459151 39.241499182 41.0039248730266
3774 -77.1941969933 39.4217601866 41.036780667454
3146 -77.3486620825 39.3788175329 41.0441501593949
5674 -77.5130262732 38.3967962734 41.0832502648921
2791 -76.6385767924 39.3628829042 41.106745677122
2355 -76.4855723809 39.2747758396 41.1124113212318
4150 -76.8186496978 39.4205265516 41.1652154735949
3657 -76.47257064 39.2660071616 41.168112190222
2908 -77.0935014155 39.4371482812 41.1708394926864
5937 -76.5576759482 39.3248015973 41.2605768666945
3635 -76.2550299599 38.7699247415 41.2646591305995
4603 -76.5900782251 39.3426735424 41.2742153131011
4201 -77.2611877147 39.4104527708 41.2857380177891
4132 -76.604379174 39.3504071239 41.3064496992371
2648 -76.5412684045 39.3168266861 41.3544776537373
5133 -76.664261574 39.3777438241 41.3599636014069
1698 -76.5684292657 39.3329367536 41.3768266699365
3786 -77.5824746928 38.4438788607 41.378345458282
2640 -77.4984407868 39.3113921072 41.4208394634707
1575 -76.5349743063 39.3148272437 41.4547139168055
4272 -77.3006986997 39.4017713817 41.4556568787573
3084 -76.5110266342 39.2995952152 41.4627832246906
3593 -76.4713202782 39.2727141593 41.5436628007483
4043 -76.5949777078 39.349970369 41.5522588260257
3131 -76.6921773269 39.3914912381 41.5630345746095
5705 -77.6949651581 39.1305241251 41.5751382873284
2830 -76.543786821 39.3225865633 41.5866122355262
6103 -76.6203908261 39.3631894808 41.6128148085338
1914 -76.5744156539 39.3406388305 41.6284727199091
4682 -76.6732062562 39.3856884184 41.6363825415262
3266 -76.7600530005 38.2768821801 41.6465116189075
3651 -76.9932813779 39.44713778 41.6583029706324
5311 -76.7942672327 39.4231019879 41.6891305976735
6819 -76.7425555192 39.4104797852 41.7399716390866
5116 -76.5500956501 39.329637339 41.7711842858786
4952 -76.6033400468 39.3596320891 41.8763872702354
4754 -76.5843349388 39.3509454102 41.920826492911
3613 -77.7838480388 38.756026173 41.9327994950173
5297 -77.4761850904 38.3577005396 41.951068891595
3749 -76.5596861435 39.3384070191 41.9568486477437
5743 -77.0030167621 38.2363692753 42.1146132416849
2445 -76.4084246954 39.2321400653 42.1528007272184
3148 -76.5722775454 39.3488052156 42.15856451621
2863 -76.700111476 39.4041234749 42.186485657167
1764 -76.5638439599 39.3448632899 42.1918248409752
8631 -76.6298149509 38.3138563714 42.2276199995527
4992 -76.5928375897 39.3614323203 42.2811804288484
2804 -76.6045359589 39.3686383309 42.3730191943696
4911 -76.5403997208 39.3349482747 42.3765458410447
4168 -77.430852376 39.3659433326 42.3966119950821
3652 -77.71853762 38.5718222822 42.4480743004123
5795 -77.3389833735 39.4051112787 42.4704677535808
4859 -76.5203891844 39.3246066819 42.470593768687
2120 -76.6142490046 39.375122663 42.4905493872966
5894 -77.4505884729 38.3341022059 42.4929866294534
7920 -76.7749011483 39.4314702523 42.5466322309848
2253 -76.6222158511 39.3796428479 42.5470908001394
6064 -77.4277701773 38.319474205 42.6808402930695
4047 -76.502108491 39.3170732498 42.6916324439559
6268 -76.5797819424 39.3627685619 42.7376951113446
4960 -76.8184396176 39.4440136931 42.7404475213678
4051 -76.5913173329 39.3691920709 42.7781504837255
5412 -76.54677953 39.3461826808 42.7974065402075
1864 -76.654780197 39.3975545159 42.8110239133656
2369 -76.4737013456 39.2999213728 42.8132643914806
3520 -76.6367268356 39.3906550316 42.8359132361478
5326 -77.402718304 39.3864527471 42.8526906686656
3229 -76.5540078843 39.3512140118 42.8542410015808
5551 -77.806465667 38.9059634715 42.8587382568609
3567 -76.5986593951 39.3743678937 42.8750938917145
2570 -76.6131688176 39.3813171725 42.8894138437363
4605 -76.5660011005 39.3583232947 42.8915757539469
3721 -76.5235444943 39.334678592 42.9114512850714
1660 -77.7701870924 38.649290102 42.9630307574984
1953 -76.8604309007 39.4552930515 43.0079880995496
4763 -76.5353200442 39.3438657593 43.0328394163726
5777 -76.7935866655 39.4436903576 43.0663617686449
3743 -76.8050483772 39.4467241619 43.1037707725944
3740 -77.6095290337 39.2635546497 43.1221622944402
4662 -77.7325876908 39.1237731526 43.1570799756393
2241 -76.5979561435 39.3799981518 43.2271582470821
2130 -76.4471025094 39.289548685 43.2837498236792
3443 -76.481443716 39.3147002134 43.2919749610783
1738 -76.7091754169 39.4246179973 43.3023542434363
2333 -76.5627699429 39.364395505 43.3360749054041
2162 -76.5069860784 39.3325569358 43.3491451500442
5182 -76.6161197334 39.3911248924 43.3984677467144
5329 -77.430060934 39.3835053232 43.4103405514146
1662 -76.4166254413 39.2684906124 43.4600820035423
4361 -76.5441677623 39.3570404947 43.4880089583229
954 -77.4408003017 39.3798267465 43.4930212527454
3803 -77.3340544927 39.4235347455 43.5301679397252
2583 -76.5663732696 39.3699625725 43.5481437707885
3942 -77.2137663801 38.2344297491 43.5989704826327
5915 -76.4526526253 39.3005186671 43.6176176592696
6676 -76.8128036059 39.4568445307 43.6749243243001
3144 -77.438979982 38.307096884 43.7287435022879
4135 -76.4595679177 39.3078777152 43.7317238548751
5200 -76.5745657639 39.3774645867 43.7421025044657
5486 -76.5224328285 39.3495763359 43.7635791482489
3331 -76.5854235813 39.3833953241 43.7781935095975
3345 -76.5982366689 39.3896572367 43.7919305557862
4470 -77.0588115212 39.4774085445 43.8014217108603
2898 -76.5542821652 39.368647175 43.8348317624622
7693 -76.4633181282 38.3797727043 43.8588743224357
2487 -77.5455884235 39.3272795185 43.8817122097608
1304 -76.4279213177 38.4061949552 43.8924657200499
1735 -77.3746378641 38.2758348812 43.9358093372114
1927 -76.6255584087 39.4048213471 43.9818631403576
3486 -76.4674453746 39.3184639343 43.98545870735
5733 -76.4454473081 39.3026948898 43.9939943034602
6169 -76.9517432635 39.4793219373 43.9978351511765
1598 -77.383922519 39.4132483879 44.0162152686247
2497 -76.6130398162 39.4004217022 44.0391876203163
3435 -76.5012133099 39.3421713938 44.0604050907666
3110 -76.5637080044 39.3784853295 44.1183100122239
2445 -76.6458978217 39.4153546508 44.1240468625841
4420 -76.5384714176 39.3652027468 44.124463203033
2946 -77.1039207038 38.2105055043 44.1653364986878
2241 -76.5543805517 39.374532415 44.1682147306716
4268 -77.7063499095 39.1904978982 44.1983489057272
4812 -76.826269941 39.4679030457 44.2458996999251
3939 -76.2036088988 38.9559269372 44.3177858202875
5940 -77.7973959612 39.0474892455 44.3861620954243
4211 -77.421257346 38.2878099021 44.3884320556783
4165 -76.5944598367 39.3987386009 44.4351418041625
7037 -76.6596542676 38.2656220621 44.4439742037372
1770 -76.5758823392 39.3902956278 44.4532601284801
3790 -76.5659944521 39.3862301356 44.5000707116896
3164 -76.510148636 39.3564060443 44.5381204922844
3710 -77.4251684855 39.4049273839 44.5559229677339
8582 -77.5647528047 38.3651560622 44.5783606066682
7449 -77.826315184 38.7223073618 44.5938381194117
6984 -76.6129473441 39.4099042475 44.6141483166738
4745 -76.753353781 39.4575400497 44.6175984162893
1734 -77.4158059785 39.4109589308 44.674184783955
3018 -77.4654250408 38.3039099781 44.6810354425157
5458 -76.6524950328 39.4276175389 44.7283772551445
3741 -76.4429596913 39.3161323132 44.7568683859437
2486 -76.5233708825 39.3685900314 44.7875326046659
1640 -77.4089999454 39.4157494628 44.7906786764067
2947 -76.6823378987 39.4396054919 44.8158470022113
5209 -77.4837034064 38.310980574 44.8234399068183
1792 -76.5745891178 39.3970019768 44.8833407465955
4032 -76.4173244865 39.2996648135 44.9095207762194
3955 -76.4519394117 39.3268124232 44.970702451991
3945 -76.5485906804 39.385536387 44.9722836529291
3947 -76.4678361013 39.3381777607 44.9933874162363
4102 -77.4691771983 39.391623195 44.99547801116
2647 -77.4746537154 38.3026521036 45.02799801409
3567 -77.2085438171 39.478737032 45.0479526265635
6477 -76.7981316786 39.4745860796 45.0608069302992
1443 -76.5544294978 39.3909442434 45.1109193848194
1278 -77.4094263024 39.4209725058 45.1197616684653
4451 -76.5310287896 39.378815582 45.1226000984398
6696 -76.4817853192 39.3498079319 45.1264731454679
3668 -76.5867767447 39.4070209463 45.1373785427594
2823 -76.610552185 39.4182335278 45.1804287023788
3493 -76.539557204 39.3844522808 45.1817854259084
2837 -76.4996056986 39.3633278981 45.2617687911507
3061 -76.5600607534 39.39640636 45.2635762102688
1788 -76.1880153693 38.7300147704 45.2660876665165
2304 -76.6286015678 39.427360039 45.2838733081335
2394 -77.3158609271 39.4577765279 45.3582265001963
3910 -76.4336197134 39.321340359 45.3623316254481
2677 -77.4228321105 39.4194858503 45.3720878938741
6824 -77.4434019973 39.4110876023 45.414247371101
3143 -77.4576150489 38.2874364986 45.4172323855755
3892 -77.6103010677 39.3112627137 45.4247218149657
6122 -77.3878135084 39.435853514 45.5078558192142
2214 -76.5129072291 39.377653866 45.6240243413155
3667 -76.4554459877 39.342389112 45.6485590347106
2094 -76.610618974 39.4272606257 45.7269571631791
2985 -77.4071221169 39.43242225 45.7626401096966
1831 -76.537075628 39.3949786457 45.8580564961563
5944 -76.6495013715 39.4447056871 45.863392005014
5845 -77.5046230085 38.3038480263 45.8759774921241
5602 -77.7723312245 38.5410749835 46.0069867128164
6198 -76.927595663 39.5073331181 46.0428914770451
2133 -77.8291131573 38.6461267071 46.0566296062664
3494 -76.7162743548 39.4696574506 46.0659915322044
4424 -77.4762149354 38.2853177585 46.0793694594204
5323 -77.4397920628 39.4242668231 46.1051814863136
3262 -77.4204347564 39.4325894661 46.1059934185157
1956 -76.417457116 39.3250472295 46.1468211385549
11137 -76.5141873431 39.3881522914 46.1711884200802
3991 -77.4646511605 39.414051639 46.1769936671526
3847 -76.445729231 39.3461675903 46.1884398209659
4180 -76.5453731015 39.4053368829 46.2089687194955
2521 -77.7188542408 38.4653566174 46.2383526789621
2273 -76.4817842174 39.371453394 46.2918209897802
3760 -76.6148586709 39.4387803268 46.323684229403
5489 -76.4339671271 39.3406879916 46.3278943168564
4073 -76.4947781645 38.308696413 46.5474830831009
4276 -77.7867672673 39.1505034527 46.5837100041918
5178 -76.461047801 39.3640134397 46.5907719546105
7234 -76.410376229 38.3645494681 46.5983085453305
4121 -77.3453901354 39.4686457584 46.6405473830031
4162 -76.5666943737 39.4239766955 46.694941807497
4019 -77.3883394139 39.4551429134 46.7205682224179
6574 -77.460263991 39.4256111904 46.7383954508037
5843 -77.423068168 38.2493171197 46.7686169885665
3853 -76.6240702504 39.450150559 46.7983206178135
6615 -76.4270264048 38.347402864 46.8394960748421
3450 -76.4962490479 39.3915198124 46.9245880403856
5455 -76.4838321161 39.3843973807 46.930887774159
2623 -76.2171074144 39.1210894906 46.9309157305103
3843 -77.6982742718 39.2692868549 47.0106809165842
4677 -76.6833511782 39.4753459559 47.0723552144474
4803 -76.5215545031 39.4082854236 47.0857488493533
5491 -77.4078113309 39.4550633283 47.1734821054329
4411 -77.0008964151 39.5273659032 47.1980628648799
4104 -76.1394041662 38.7972731197 47.2750185517189
3784 -76.5078926057 39.404746944 47.3012927520292
4981 -77.4696948106 38.259027703 47.4361763263675
2682 -76.8121979718 39.5128845226 47.4467680211176
4757 -77.4266195764 39.4521380345 47.4544037935117
3377 -76.6288361597 39.4632835261 47.4997317169595
1806 -77.5027489246 38.2737949995 47.534508956496
3600 -76.4599725682 39.3810979312 47.5410209440185
3506 -76.5252590867 39.4184544246 47.5582850185276
4910 -76.1418345128 38.9527501046 47.5627845126115
3900 -77.6297367791 39.3398537122 47.5634956747707
2259 -77.8269664255 38.5784689745 47.5774773998458
2561 -77.5225380344 39.4091278064 47.5961400645875
4096 -77.5218540678 38.2811009135 47.7013557469386
3671 -77.0961742191 39.5322782659 47.7337884538248
8714 -76.5227031408 38.2716899031 47.7594655108855
4554 -76.4887479026 39.4028190777 47.7915781357191
5781 -77.5825709722 38.3157256247 47.8000867120712
2759 -76.4168104026 39.357532612 47.8071799052519
4750 -76.3780674963 39.3286775594 47.8148638642427
5966 -76.6190543547 39.4654111077 47.8622965133309
6152 -77.4460717321 39.4517206614 47.9242382322156
5120 -76.8970586862 39.5323817326 47.95422939392
3629 -76.3623703044 39.3197521228 47.9979126541602
773 -76.6534151185 39.4801113805 48.0024487473352
5586 -76.5921458004 39.4577153966 48.0495875035524
6040 -76.4712451948 39.3991420512 48.1497161598816
4735 -77.3703745011 39.4843715781 48.1627358628882
4706 -76.6128079896 39.4679272747 48.1671359876712
2979 -76.9748490896 38.1471455784 48.3295451397058
2028 -77.4738752476 39.4463208001 48.3411322846373
3367 -77.9080034653 38.7833117959 48.3506032194746
3691 -77.5433019129 38.2814698586 48.3574575368883
5282 -76.4913261937 39.4147413585 48.3779202417253
1678 -77.8965247641 38.717327854 48.3790451134346
3546 -76.453137521 39.3925989269 48.3899944641336
4844 -77.4576672138 38.2364659717 48.4533830338918
3839 -77.5085804258 39.43279603 48.5314635078714
3925 -77.0275293225 39.5492723206 48.7128547854955
4180 -77.5190341881 38.2590178583 48.8756573917967
4929 -77.5853303652 39.395739816 48.8799858039138
3987 -76.1810395481 38.5686815413 48.8826807462004
5652 -77.0007165912 39.5546009314 49.0819273276727
2853 -76.6281940836 39.4890868616 49.1255694034249
3027 -77.2166989214 39.5383600537 49.1635265941691
3721 -77.5582119107 38.2750995338 49.1920946702041
4713 -76.4764220401 38.2706568436 49.2554066116998
3963 -77.4870245848 38.235921393 49.2910607803457
2380 -77.5779206435 38.2833738295 49.3841143190648
2284 -77.6641485747 38.3421188036 49.4419543159977
4015 -77.8188723711 39.1960120336 49.5785759148315
4393 -76.4653120267 39.4217265512 49.5878938223759
3266 -77.5109538583 38.2417941644 49.6322277174337
3580 -77.5431288663 38.2568882441 49.7360561769001
1862 -76.3861787678 39.3743850732 49.7740571616432
7950 -76.4391336292 39.4101718615 49.8070432578934
3770 -76.5125501717 39.4522383865 49.8851268004003
3310 -76.4044793574 39.3911407107 49.9812773387908
1853 -76.7005659849 39.5255651642 49.9860617053855
