"pop" "long" "lat" "miles"
1286 -71.2825662505 42.4565619639 0.303686865174892
5947 -71.251272345 42.4601843654 1.31290138777364
4895 -71.2436616401 42.439873622 2.06949204303815
5060 -71.2328298313 42.4704358208 2.41714658048227
7122 -71.292692662 42.4919761764 2.53841265048772
5076 -71.3100314837 42.4250611135 2.80171987797051
5526 -71.2357903311 42.4234246388 3.13476513737885
6198 -71.2583692678 42.5038967055 3.36054079929356
6101 -71.2486634888 42.4129589927 3.38010856449014
3627 -71.2574446586 42.4046777183 3.76567538476289
4861 -71.201635169 42.4479120984 3.8843104305439
3473 -71.2106116078 42.4859156976 3.91185916470481
6246 -71.3485696721 42.4771320704 3.91784510589302
5105 -71.206845049 42.4262897755 4.15827735643153
6677 -71.2185797916 42.5079189493 4.59132703421733
4294 -71.2617767622 42.3904890008 4.6791068597678
7399 -71.1838185666 42.4643848106 4.76492481665732
5657 -71.3697562104 42.4423737858 4.86032289471388
6801 -71.2266815241 42.396216766 4.93272602014476
6580 -71.186825147 42.4246759723 5.11013355619195
3959 -71.3036889059 42.3847861247 5.19750863290342
1528 -71.2124070587 42.3975140677 5.27589747419719
8172 -71.2754449913 42.5356367748 5.42395756764134
4169 -71.1817757837 42.4193977925 5.50675768145178
5345 -71.2523975748 42.377035988 5.68432254435197
8376 -71.1818715573 42.5021898095 5.7505578884241
5745 -71.1650045632 42.4456648494 5.75599985052019
5364 -71.1668183259 42.4772335608 5.77436162567184
4320 -71.2290074651 42.381478369 5.77806065320259
4290 -71.2236923365 42.5314020279 5.79906790311762
4216 -71.173119252 42.4185735677 5.92486450517563
3741 -71.1857110709 42.4035486435 5.94674204722095
3727 -71.1933180872 42.3969326867 5.95959582284788
5972 -71.200412727 42.5258024693 6.13468869310307
4803 -71.2064111152 42.3845374518 6.17759818389438
4104 -71.2357739411 42.5430144608 6.29005900994321
4852 -71.3512232695 42.5299437696 6.30496689268336
7247 -71.158988889 42.4279796795 6.33958783917486
3598 -71.3552288699 42.3859146271 6.35786285491074
3297 -71.237876992 42.3694753782 6.38570924692252
4741 -71.2236981327 42.3734787008 6.39422931530217
8117 -71.2575893434 42.365275642 6.43518991397268
4063 -71.1506641524 42.4710680718 6.50158940074184
3180 -71.1483961396 42.4542680661 6.55056797952377
2462 -71.2271404982 42.3683771167 6.64677653280517
5765 -71.4063382448 42.4465849046 6.65823008237853
6638 -71.1609469062 42.4117278403 6.69489614234152
5196 -71.2403779894 42.362668623 6.79895316749832
4185 -71.1663209446 42.40122927 6.83805642445817
6488 -71.1966647038 42.377415183 6.8688969676694
2432 -71.1863063448 42.383229413 6.89227735683083
3273 -71.146127516 42.4850520492 6.93391954046137
3869 -71.1373064491 42.4643422899 7.1297517640442
6570 -71.3052782064 42.5581243929 7.129812753255
5001 -71.1459292496 42.4944462625 7.15058564103446
2130 -71.1759575063 42.3835341439 7.24190444842863
6060 -71.2608971918 42.5614011884 7.25063259096162
3202 -71.1661764363 42.3912754815 7.25643852023482
6751 -71.1979575608 42.3682003538 7.35484501192734
4829 -71.2307725044 42.3559078911 7.39075672935079
4149 -71.1829572301 42.3755231437 7.40646993994469
5830 -71.1358854606 42.4275884425 7.47415295423611
6997 -71.1847159162 42.5417801418 7.49706120685621
4477 -71.2482338345 42.3507015661 7.51092655179894
5909 -71.4083422164 42.5061046492 7.5193351555717
5616 -71.1293586871 42.4491466232 7.54003013129119
5040 -71.1408038999 42.4137336508 7.56150246957861
5844 -71.1442041953 42.4082821507 7.56395658566536
6791 -71.147057829 42.5115641445 7.60608598927899
4339 -71.222418874 42.3544875992 7.62846412334275
2339 -71.1683125176 42.3812845974 7.63056265829229
4391 -71.200349721 42.3609747063 7.71583942750136
3110 -71.1452213052 42.4017761704 7.73100998854821
2890 -71.134443601 42.4187492871 7.73402500869256
2799 -71.209484553 42.3568419314 7.74618374925691
7302 -71.2982369347 42.3461864267 7.75980825288485
7732 -71.4108939765 42.4036377091 7.79081596064944
6229 -71.1273010657 42.481488254 7.80481684211771
2964 -71.1227555379 42.4661461014 7.87937911713752
3757 -71.1700493403 42.3735810474 7.94595638729965
2973 -71.1599946469 42.3807258232 7.96964013078295
6105 -71.4332035041 42.4651991853 8.00636630933915
6058 -71.1417542575 42.3955699495 8.1030142073933
6048 -71.1300138949 42.4089681643 8.19872382502414
3346 -71.1501584909 42.3832849771 8.24073152619206
5126 -71.1756414667 42.3638850194 8.26590449782461
5108 -71.2347952599 42.5733393337 8.3107462913795
4538 -71.1416617049 42.3897263994 8.32706540935722
3326 -71.123664687 42.4148955377 8.34287164696233
2689 -71.1325473976 42.3987471126 8.3981047143382
3204 -71.2021240743 42.3480672972 8.45728929595852
4755 -71.1836094827 42.3561036851 8.45779388240137
4738 -71.2521729494 42.336076008 8.47372478351039
4699 -71.3598829724 42.350182596 8.53765918470102
6442 -71.1116348885 42.4357344372 8.55497589650099
1828 -71.1272654334 42.4000459143 8.59362505768496
5743 -71.2257413245 42.3384840641 8.61650340225409
4572 -71.1220484873 42.4046542734 8.69256622293924
4895 -71.3543310841 42.5696233414 8.72456302754678
5259 -71.1059642745 42.467356202 8.74011085034571
1647 -71.1372850967 42.3833733777 8.76207476388661
5644 -71.1542748456 42.3675856078 8.80547921704098
1629 -71.1225865021 42.4000344523 8.80675212007262
5399 -71.1152381678 42.4122738727 8.80952702837852
1903 -71.1279397641 42.392666384 8.81090736219008
4849 -71.1090331692 42.4919534786 8.88453672367702
3229 -71.4417576704 42.4990680373 8.90500006290051
2740 -71.1688403054 42.3541661681 9.00941519600107
5939 -71.2832982118 42.5876363535 9.02687096260143
6718 -71.1168384676 42.5133241238 9.03021147336939
3314 -71.1203200151 42.3942782372 9.09441726660693
2907 -71.1376016286 42.3747155382 9.11203452336852
3790 -71.204384346 42.3367191487 9.11776184900846
2509 -71.1226235367 42.3895675599 9.15384552432349
6187 -71.1831412257 42.3440041631 9.17479194088798
5568 -71.1150694973 42.398380124 9.20141976348278
3854 -71.161162138 42.3540626251 9.2599187485916
2236 -71.1239420213 42.3850043081 9.26267130714202
6971 -71.149016734 42.5525144404 9.26443709170037
5346 -71.1806855986 42.5713146806 9.2863401236867
5024 -71.1096465049 42.4034478596 9.30459165610438
3494 -71.2362628531 42.3256615757 9.33244991385166
4840 -71.4527268352 42.4198803752 9.35094551286742
7722 -71.2150425374 42.5848013119 9.36737946268658
2594 -71.0988190567 42.4230765951 9.38217341376548
3968 -71.1180064265 42.526436861 9.40343665311957
6652 -71.0943994639 42.433000261 9.45447402746803
3142 -71.1672356968 42.3465930044 9.47770820905278
4366 -71.1221268695 42.3800422371 9.52911879634102
5266 -71.461470179 42.437181529 9.53339163413231
2907 -71.1259383872 42.3752949722 9.55973791567558
3885 -71.1543223779 42.3526098494 9.56222953667345
5042 -71.0892975515 42.4632359442 9.5718479616824
3878 -71.1023479879 42.4059425459 9.58190713408243
6450 -71.112775159 42.3890836578 9.60587634268436
3658 -71.2793493041 42.3182981153 9.6114144432538
5607 -71.4304423893 42.376817327 9.62263549683212
3192 -71.0944879314 42.4946627194 9.64950217183704
4254 -71.1385762725 42.3614848795 9.67576697679574
2441 -71.106332068 42.3951923051 9.69926282039571
3908 -71.4183214932 42.5516720145 9.73899838559288
3462 -71.4653008417 42.4804593687 9.75738062677916
4194 -71.2133095594 42.3238051857 9.78096092187962
4551 -71.1151616019 42.3801381997 9.82213757613363
5171 -71.0915100842 42.4181900011 9.83150231601377
3571 -71.1474471059 42.3517372607 9.84007456056091
3648 -71.1588233238 42.3441854993 9.86886093778906
4025 -71.2507769871 42.3156017557 9.88598885850824
3095 -71.0867918982 42.4860373442 9.89171569793847
4353 -71.3213249028 42.5969648176 9.93011755323107
1745 -71.1899776055 42.5864386296 9.97115812109588
6139 -71.3702856102 42.5846173315 10.0209189800558
5622 -71.104510407 42.3875396458 10.0267409068598
4557 -71.0917197615 42.4084941567 10.0270802476565
4564 -71.082124162 42.429706996 10.1124123251702
3974 -71.1424473722 42.3492527755 10.1392053462454
5923 -71.1909265404 42.324996138 10.1422690968277
5365 -71.1124710705 42.3745520513 10.1506999988749
5508 -71.3090159055 42.3122411558 10.1645584306872
5672 -71.149289216 42.3438456002 10.1913765916626
3675 -71.0789356435 42.4367766545 10.1924389933905
7090 -71.1170556249 42.368768634 10.1934717450801
4697 -71.3663047566 42.3252864524 10.2110650946457
3219 -71.4766085246 42.4653417975 10.2177988103553
6026 -71.1744798382 42.3302563012 10.2180134940597
8136 -71.1297891853 42.3568609883 10.2223482336761
4129 -71.1046741806 42.3815981193 10.2238649587097
6567 -71.0965165319 42.391236355 10.2700808975851
5637 -71.0841175441 42.5012633991 10.2855276148715
6857 -71.0811098715 42.4213788413 10.2874077150013
6303 -71.159006692 42.3363318662 10.2994028835592
2211 -71.150113368 42.339619873 10.3918984667445
7605 -71.1128342925 42.54664438 10.39611748332
4557 -71.0727576015 42.4546946395 10.4090912359438
4446 -71.1379976821 42.3469755144 10.4092174282535
4801 -71.1334017455 42.349992077 10.4207066652549
6584 -71.1212910299 42.3594708051 10.4269427216445
4702 -71.1097067576 42.3703923413 10.4308806681156
7275 -71.0904933164 42.3938283874 10.4699272436654
4647 -71.2156534889 42.3123631778 10.4949643241287
4985 -71.1438857498 42.3414637006 10.4950525473003
5360 -71.0704956306 42.4657109126 10.5384660020046
2791 -71.1281687466 42.3512955555 10.5472399905441
2602 -71.1105787335 42.3664267532 10.5556192312446
4911 -71.3424095167 42.3125485655 10.5565240725342
4241 -71.1007165627 42.3769850431 10.5624502171718
4233 -71.0951220445 42.3834656396 10.5828648548708
4260 -71.0695016216 42.4455020719 10.6056387891586
2848 -71.1132296923 42.3624021363 10.6170445579177
2646 -71.1031406269 42.3725139657 10.6250005796223
4986 -71.2712860056 42.3035739519 10.6325498684197
3532 -71.207217851 42.6022357675 10.637192748044
4410 -71.0782108425 42.4064464664 10.7248541961822
5439 -71.0704778387 42.4271052328 10.7305730530089
4320 -71.4391200167 42.3580240913 10.766780621608
4110 -71.1269843016 42.3470162048 10.7979530507893
3584 -71.1035904888 42.3672201169 10.8127944205132
3471 -71.1113524122 42.3586231474 10.8551248103302
5449 -71.1321888878 42.3421614041 10.855335874201
1210 -71.081491708 42.3944572308 10.8714946604228
4289 -71.0875991657 42.3837652829 10.9112981924166
3529 -71.3073353879 42.3010454681 10.9168029833334
3011 -71.1541556599 42.5870629591 10.9397887489451
2115 -71.0966891328 42.3713530308 10.9447940044096
5684 -71.2328837764 42.3023183064 10.9470681993476
5360 -71.4055110542 42.3304829211 10.9628181118056
4761 -71.4716640188 42.5244414021 10.9783845638101
6456 -71.0890268046 42.5352587138 10.9881279761851
0 -71.4817944387 42.408676958 10.9971954058715
4028 -71.0838366937 42.386380356 10.9997149667124
2057 -71.0935154877 42.3734836754 11.0028279415191
12 -71.1060754557 42.3593188783 11.0364469982912
2894 -71.0976159341 42.3678408748 11.0395074818596
6212 -71.0668973837 42.418257981 11.0439035554468
5177 -71.1394803611 42.333581941 11.0582712646817
6132 -71.1196348068 42.3468959473 11.0727151863111
5728 -71.0744318728 42.515558934 11.0780233652304
5094 -71.0622543271 42.4823790184 11.0786621236829
4897 -71.1057136991 42.358147876 11.1009337743632
5173 -71.1309659224 42.3373543578 11.1432840693438
6564 -71.0600921053 42.4360414458 11.152393114867
2460 -71.0984603588 42.3623188935 11.2232252918199
2378 -71.0912234042 42.3701127291 11.2261606663464
2310 -71.0845499589 42.3771232487 11.2684778996084
7585 -71.2344264261 42.6174201018 11.2882126745382
4780 -71.0590179218 42.4247539515 11.336313971293
6373 -71.1824641109 42.308245662 11.3748371428638
6826 -71.0621256073 42.4121898921 11.3884159566818
6142 -71.0537902919 42.4654126399 11.3887215510807
3852 -71.0593477918 42.494995382 11.3919778753241
4003 -71.3489788871 42.6134153746 11.4149173061086
4977 -71.1119580391 42.3455747078 11.4216929577911
1849 -71.085093757 42.3719839895 11.4240317618026
5213 -71.3957678553 42.3173515252 11.4298001231474
2921 -71.1889155198 42.6096806268 11.4552081815415
4309 -71.3084453268 42.6213769275 11.4693275276238
2126 -71.0900987492 42.3646134979 11.4828327807224
5630 -71.1178430954 42.3386131158 11.5396931195581
4569 -71.1034355598 42.3497738975 11.556933848429
3598 -71.1248287867 42.3333126075 11.5610220876333
4441 -71.141351437 42.3231227663 11.5698926212505
5237 -71.1973387706 42.3002317871 11.5923247778729
4931 -71.2883806593 42.6247833847 11.605474596846
2849 -71.3933372194 42.6016297177 11.6245887889073
3388 -71.3746186803 42.6092979064 11.6433786136424
5295 -71.3326805615 42.6207716006 11.6670981994236
6055 -71.0621700734 42.3988712123 11.6731067719568
5040 -71.0919213632 42.3575873267 11.6860503133491
3450 -71.0834192648 42.3666565692 11.690999579404
5158 -71.3404148342 42.2948261845 11.6965937585092
6661 -71.1151000431 42.5774089648 11.7039044241328
3173 -71.1034096024 42.3462605407 11.7159125327631
2444 -71.0697564228 42.3834679695 11.734210866012
6276 -71.2963492745 42.2881136318 11.7414937403122
5268 -71.0535827273 42.4157341317 11.7459022046229
6664 -71.0460687435 42.450872044 11.7782752414878
5298 -71.047672438 42.4362704372 11.7791490819302
6554 -71.0483805835 42.4280197511 11.8280689553744
7031 -71.1557461221 42.3109528031 11.8561712803012
3865 -71.1160484577 42.3333384262 11.8653724435896
5651 -71.2327371454 42.2884176436 11.8913968081915
2277 -71.0771437877 42.3677902246 11.9218596988161
7516 -71.4416496832 42.5796381318 11.9346143825123
3833 -71.0478726555 42.420348314 11.9562145040974
5456 -71.2619418801 42.6299320943 11.969916613369
4804 -71.0933300452 42.3491518077 11.983622643283
3149 -71.1211134014 42.3274655251 11.9892247581543
1654 -71.0726111545 42.3711889941 12.0017773949128
5569 -71.0972123837 42.3447852492 12.0227076585309
6797 -71.0508573576 42.4075837884 12.0302452691394
3149 -71.3032834228 42.6301554792 12.0383261855407
4861 -71.1017844469 42.3394210047 12.092763382333
4418 -71.3671366428 42.2953004216 12.1174545178885
7628 -71.4473102361 42.3351690625 12.1352883405679
4890 -71.1068261786 42.3345804319 12.1356725051212
1426 -71.0958316346 42.3431684332 12.1489996377932
4621 -71.0503703523 42.5121719986 12.1543090476816
3882 -71.0633779304 42.3787310176 12.1713394895201
3059 -71.0856690083 42.3515049141 12.1934090673598
5098 -71.3250295236 42.6299354449 12.1979648167559
2439 -71.0659071243 42.3740271943 12.2062534102728
6590 -71.5140792902 42.4317772276 12.2450662550491
82 -71.1110173968 42.3286319862 12.2785499854697
2478 -71.0838774564 42.3497053093 12.3414882972134
2974 -71.3345416386 42.6305511648 12.3463982750158
2938 -71.3071743244 42.6345752398 12.3655025123892
3003 -71.088003512 42.3450952032 12.3716601582885
6488 -71.267180253 42.2784330392 12.3775868624576
3513 -71.3186622609 42.6336702768 12.390959267054
4091 -71.1074815193 42.3283961271 12.4154696114969
4008 -71.1016629196 42.3323705608 12.4314760695816
3960 -71.2834918126 42.6369019699 12.4332793748892
2783 -71.0769547807 42.3541222396 12.4476135021528
4365 -71.0433534919 42.4050080562 12.4486610368802
4066 -71.0382212378 42.4186615769 12.462629683482
2168 -71.0605561135 42.3732952669 12.4714512512958
2023 -71.0681484102 42.3633986436 12.4725438888935
5817 -71.0885906577 42.3419809543 12.4849401678183
4996 -71.5177838434 42.4884389313 12.4893330796887
2014 -71.111211851 42.3242435869 12.4937018576817
5745 -71.0335933182 42.4805570433 12.5083378534248
4457 -71.0395806707 42.410960341 12.5210466811551
3885 -71.0961705664 42.3346158117 12.5290043954882
1606 -71.0567749459 42.3768643992 12.5309185411193
5522 -71.0895976641 42.3398632535 12.5398608727176
3044 -71.0841240956 42.3446915781 12.5439840991885
3649 -71.0686236479 42.3603242214 12.5642113100908
1387 -71.0334873268 42.42782869 12.5799631910224
3400 -71.0635800022 42.3659043482 12.5842801450797
8120 -71.031479699 42.4380754202 12.5858690887141
3900 -71.0534695249 42.3798881028 12.5918901278297
2400 -71.0755265558 42.3518292829 12.5987443866794
2858 -71.0793533031 42.3476226155 12.6128751990947
2429 -71.3096155953 42.6380000468 12.6165048267915
4193 -71.0694290138 42.3576814787 12.6283753711556
6138 -71.4147306819 42.3049646782 12.676495807794
2065 -71.0458611266 42.3883963987 12.7119735828896
2444 -71.1286311902 42.3093674475 12.7217439463257
3267 -71.3242875075 42.6379859681 12.736577358308
2716 -71.0416843976 42.3954271549 12.7379849552626
6841 -71.2090814811 42.2799719961 12.739068811788
3265 -71.1038542966 42.324432881 12.7415984478394
5986 -71.3522094658 42.632901444 12.7467042318298
5906 -71.1713191913 42.2899659489 12.7618283987029
4057 -71.335275547 42.6371125551 12.7962368387217
1181 -71.0639953237 42.3593426977 12.8006244825489
4159 -71.3879774034 42.2913808835 12.8047364100137
2361 -71.0760930748 42.3459039702 12.8175362557963
2627 -71.3765902148 42.6273526639 12.8221841720099
3706 -71.0809627441 42.3411482522 12.8232681988255
2354 -71.3012829807 42.6418357041 12.8310969376018
0 -71.0672315118 42.3547061833 12.8353797789673
2335 -71.1088295099 42.3191056481 12.838867341261
1954 -71.0561310511 42.3669485514 12.8794544687246
4271 -71.0880257289 42.3333624799 12.8958459431715
1508 -71.1182508395 42.3117647161 12.9143853462315
4675 -71.0328924113 42.4071703585 12.9196089362642
2331 -71.1041382721 42.3206627429 12.9211589093216
1665 -71.0570064615 42.3645476924 12.9221465322652
3003 -71.0937482993 42.3277657335 12.9439349860498
3909 -71.0703356291 42.3484192868 12.9517730470241
2240 -71.075343722 42.3432612536 12.9587221843555
3096 -71.082518349 42.3356913769 13.0025635356415
2410 -71.3209130697 42.6423604717 13.0028422080807
5751 -71.1116483876 42.313904648 13.0152717740824
2538 -71.0523892264 42.3668307063 13.0508286209686
2451 -71.0542305768 42.364381183 13.0511054733771
3329 -71.078130193 42.3384317006 13.0540400237143
4464 -71.2822201273 42.6462654838 13.0791866368009
5604 -71.0328849271 42.3983142838 13.0983089251818
5267 -71.3104238757 42.6449491253 13.0984111665038
5508 -71.051065065 42.5486946816 13.1308178199624
4872 -71.0554159328 42.3602053063 13.1438910681309
2969 -71.1404161373 42.2959860932 13.14904129444
4043 -71.0357470449 42.3898019813 13.157337203594
5460 -71.0718082131 42.3419403007 13.1577845809226
5218 -71.0639163184 42.3496628879 13.1711078571183
4760 -71.0976495541 42.3193123896 13.2169006903787
2710 -71.0808818995 42.3321207544 13.2269337691628
4506 -71.1569890007 42.2873257242 13.2494524399659
4441 -71.3312857953 42.6445347952 13.2518118587058
4671 -71.5183515053 42.3871736059 13.257724702979
4259 -71.4130482276 42.294119461 13.2613230932265
2095 -71.1172650168 42.3057027802 13.2748035714563
4222 -71.2462673226 42.2666422397 13.2750164287018
5115 -71.0379140328 42.3808576561 13.2883701957874
4063 -71.0269912646 42.4021794945 13.3052725038938
1723 -71.0647136788 42.345392188 13.3073683281446
2134 -71.0929017419 42.3207275855 13.316255191777
5902 -71.0572373095 42.3524818802 13.3469178099465
2251 -71.0415654745 42.3723773001 13.3652602314112
5568 -71.3268326379 42.2674647915 13.3746593887367
3753 -71.072743062 42.335940063 13.3765790794556
6992 -71.4996647918 42.3557020379 13.3802704390129
7560 -71.0222649284 42.4105158226 13.3850501264947
4163 -71.5091490718 42.547189767 13.3891258550711
4564 -71.0198742293 42.4167986733 13.4055237527489
4795 -71.101915187 42.3126459441 13.4077195408664
5227 -71.4623508033 42.3200695575 13.4164190039989
3131 -71.0670644928 42.3398156414 13.4397766410722
5262 -71.0130492068 42.4575839825 13.4545890753921
3893 -71.146760143 42.6266605775 13.4612658940774
9040 -71.0153875458 42.4309563805 13.4613260720007
22 -71.1236359809 42.298765239 13.4655173448172
3820 -71.08603034 42.3226975309 13.4714788220442
3840 -71.1692208732 42.6351766446 13.472455976965
5231 -71.0357482333 42.3775975251 13.4807856515352
1769 -71.0790701489 42.3274540798 13.5096665591219
7551 -71.028711498 42.3889511673 13.5143940733103
5420 -71.318918554 42.6502591645 13.5247147165883
4523 -71.3585142288 42.2711653284 13.5332496598525
2063 -71.0372542573 42.3718905183 13.5780557523766
3439 -71.108354158 42.3051605972 13.5880009829335
4165 -71.0298129425 42.3823324841 13.6297077685871
5077 -71.1346169952 42.2902782121 13.641137867381
5976 -71.2968574729 42.6538747953 13.6412865666779
4504 -71.0332821321 42.3753807983 13.658872265309
2372 -71.0378947094 42.3682197983 13.6614729016917
4269 -71.3866118159 42.2771545497 13.6648280026092
5825 -71.3416875183 42.6489123191 13.6666972334294
6088 -71.0223556587 42.5195381952 13.6703969767693
3115 -71.0896536753 42.315468297 13.6922171761987
8231 -71.0701557656 42.5840165347 13.7035188155421
3245 -71.3111598496 42.6544357091 13.7539450904494
3350 -71.0705229755 42.3293046185 13.7562073848888
7254 -71.0085436314 42.4783675695 13.7601334423579
4460 -71.0200399158 42.3962556214 13.7662889582033
5540 -71.4111047417 42.2845069054 13.7819670886635
1857 -71.0339131054 42.3697740418 13.7956760566323
2898 -71.080041289 42.3203116041 13.8071712912641
5460 -71.1157122651 42.2961920024 13.8475271017498
5548 -71.3973327442 42.6370137911 13.8730266651101
3773 -71.4373447528 42.2955037879 13.8763986496625
3240 -71.0563269821 42.3396079453 13.8891711925144
4637 -71.1692715567 42.2727300257 13.8932193422371
4419 -71.1507245965 42.2791271787 13.9005267663788
2379 -71.0345424829 42.3651413869 13.9110018432619
3253 -71.1414427636 42.282154245 13.9441483657291
3449 -71.3257788158 42.6560059286 13.975618360019
2348 -71.0722799288 42.3229518042 13.9761275401492
2815 -71.0839587529 42.3137402602 13.9815482381952
6674 -71.4317670717 42.6246511761 14.0211488457473
1893 -71.0539230491 42.3385159083 14.0330299284919
5746 -71.3651335796 42.6496472847 14.0524420968302
5025 -71.0872254064 42.3094469604 14.0788730750711
2357 -71.0440895048 42.347350765 14.104150042579
6016 -71.3089228578 42.6597704357 14.1062872113699
5105 -71.0084752518 42.4075831288 14.1175525428848
4923 -71.4009634902 42.274799742 14.1277486904142
3806 -71.1326030099 42.282899122 14.1294827271259
4493 -71.112676222 42.6219155214 14.12967777961
3659 -71.0747115096 42.3171609199 14.155025162315
3853 -71.4729625011 42.6020271355 14.1572722222547
338 -71.0949244113 42.3026808364 14.161594540771
3634 -71.180293992 42.2651234127 14.172644410911
4089 -71.0157571534 42.3872248339 14.1765719273128
3566 -71.1225328126 42.2864307021 14.2003715578912
5124 -70.9980109135 42.45172609 14.2278019244364
3964 -71.051472535 42.3354071828 14.2609650260218
2499 -71.066858152 42.319923228 14.3225495563697
3179 -71.0765069574 42.3109235507 14.3887941158004
4275 -71.0600124868 42.3241066508 14.3991318150286
2901 -71.1569595368 42.2685030396 14.4179793336934
2741 -71.0698605733 42.3152652679 14.4257700703791
2405 -71.1132631315 42.2868062268 14.4473249672432
5379 -70.9974429945 42.4230858762 14.4492995064904
3098 -71.0499000707 42.3316378574 14.4810350569902
2233 -71.0790535103 42.3071203543 14.4842372621422
1901 -71.136675828 42.274930324 14.4991478225511
3042 -71.4338008237 42.2825523569 14.5077460355312
2232 -71.0543079843 42.3262994213 14.529179171346
3243 -70.9920615219 42.4420286161 14.5654799873623
4309 -71.1265464855 42.2779078948 14.5858599955409
1437 -71.4690452121 42.3009661665 14.6101685633186
4571 -71.0820044019 42.3023624453 14.6192149930129
9 -71.0022281406 42.3967698237 14.6243968742812
418 -71.1047071622 42.2879308566 14.6420688778812
6713 -71.2093251143 42.6633413868 14.6646070667393
3234 -71.0622222607 42.3163229609 14.6652454176661
6628 -70.9974851093 42.406575485 14.6790271341569
2051 -71.1170320854 42.2804707424 14.6995489958449
6093 -71.0042845807 42.387981475 14.7113155832466
4904 -71.0428833761 42.33241945 14.7375831990541
7548 -71.536608945 42.3642381902 14.751407505595
3571 -71.0382099342 42.3368905103 14.7546998011013
4217 -71.4086459858 42.26712303 14.7792190487892
3452 -71.0705295818 42.3073564724 14.7797066730892
4264 -71.1983784528 42.2515272996 14.7815354291166
4615 -71.5560502899 42.400340881 14.7967100466423
4370 -71.0643782556 42.3114831548 14.8092894765058
3881 -70.9863121236 42.4695951132 14.8423238003258
5277 -71.0849736836 42.2960389267 14.8424649766759
3235 -71.1727008555 42.6578326497 14.8533929076164
3435 -70.9907139376 42.4166485002 14.8666523065962
207 -71.0302688609 42.3422510499 14.889591083053
2099 -70.994674281 42.4015568181 14.9048900054087
3860 -71.0755296065 42.3008182113 14.9236714477032
389 -71.0124565337 42.3645142658 14.9413390003485
3076 -71.0369416145 42.3334734624 14.9426639033076
4861 -71.0556053458 42.3156420404 14.9503939520212
5384 -71.005349628 42.5395387574 14.9639051439173
5048 -70.9861691077 42.4928320689 15.0253935405307
5510 -71.0874355084 42.2901863852 15.0681937499616
5107 -71.1512352839 42.2601017057 15.0685570596834
0 -71.0366630447 42.3302831658 15.082000447839
8011 -71.2843420546 42.6754350101 15.0989382974295
6 -71.1384063269 42.2639872797 15.1208549728502
3069 -71.0659066815 42.30359921 15.1306086111618
1916 -71.0326704769 42.3325727994 15.1574453349678
6046 -71.4276102037 42.2683657181 15.1718721786885
3138 -71.0612060099 42.3060340193 15.1858734338602
6267 -71.5279871519 42.3398684058 15.1888136668436
3675 -71.1251822598 42.2679933495 15.2090879392456
0 -70.993616956 42.3885750642 15.2144511014619
5515 -71.4664472187 42.2876078706 15.2221955729324
3155 -71.0950618346 42.2826645249 15.2305482432866
4650 -70.9781540492 42.4656994595 15.2456977400465
5589 -71.2840988175 42.2366535635 15.2627830822225
4945 -71.0675840033 42.2996670813 15.2629880131094
3216 -71.0279255073 42.3347630889 15.2726748977535
6948 -71.0098504416 42.5577955734 15.2819904856062
2893 -71.075047694 42.2939254148 15.2898425735756
2742 -71.0518385237 42.3103752576 15.3355574492258
5118 -70.9869722378 42.3958438207 15.3900900627073
2787 -71.0856902646 42.2847970836 15.4125264952841
3730 -71.0419691496 42.3168678205 15.4299194896713
3312 -70.9738826457 42.458884081 15.4536787684286
5233 -71.3204143156 42.6784280824 15.4622650556919
2818 -70.9744011187 42.4345854909 15.509099941475
7650 -71.11097752 42.2693258978 15.5139084422561
4396 -71.092052348 42.2788063477 15.5361041589561
3349 -71.0661759081 42.2950169439 15.5443044728521
5480 -71.1001588332 42.2721812726 15.6605986871206
5018 -71.1356533306 42.658387199 15.6606253119749
4063 -71.1527193692 42.2501343122 15.6645968119514
3572 -71.2201273361 42.2341699131 15.6984778826845
3303 -71.079791279 42.2827884017 15.7117529414093
5989 -71.0707678185 42.2882290162 15.7290152257923
7223 -71.3417454663 42.67960088 15.7351002649941
4350 -70.9686625917 42.4684855194 15.7377183781141
2531 -71.1284107953 42.2577198647 15.7450780317884
4109 -70.9864918433 42.3798642274 15.7558379785714
3024 -70.9894975738 42.3724412428 15.7957525104668
6055 -71.3618192476 42.6770741058 15.8136739839842
6451 -71.0537082816 42.2982995362 15.833104640038
3513 -70.9654827682 42.4595471841 15.8826594493684
6382 -71.1188039557 42.2588341015 15.9207318269013
2939 -70.9636794153 42.4525179081 15.9781061884297
4979 -71.0859450901 42.2741668011 15.9809420484436
4478 -71.5103183952 42.3034362657 15.9904444654515
6090 -71.5804045218 42.3987432116 16.0265536285772
3359 -70.9623403084 42.4657064375 16.0521437027526
4865 -71.0708481032 42.2817812208 16.0609489541468
6050 -71.1665984873 42.2397433581 16.0625824979976
6009 -71.15193684 42.6705630091 16.0673528089032
4766 -70.9771794937 42.3860132786 16.0677380259794
6520 -71.585308116 42.5059403805 16.1008701808601
5154 -71.0562840396 42.2908343994 16.1040692508811
4606 -70.9608945733 42.4749016433 16.1603219510637
3687 -71.5745220706 42.3782028934 16.1621994416181
4490 -70.962564165 42.4901747201 16.1880769086743
5329 -71.0804266017 42.6416152187 16.208065005829
4119 -71.3753325718 42.234202209 16.2310823953229
4401 -71.1379942469 42.2457662744 16.255403121539
1715 -70.9774622011 42.3752961388 16.2979916177259
4072 -71.0746343785 42.273791368 16.3601551123152
6898 -71.5689390248 42.3578846843 16.4328673823273
3844 -70.954731854 42.4656951129 16.4401333263328
5488 -71.4470642898 42.6594647771 16.4639108236441
7308 -71.4378950593 42.2510449057 16.4721705879152
6438 -70.9618025862 42.5099876161 16.4725167157597
5804 -71.3951981837 42.6789268098 16.4811324806737
5600 -71.1173342506 42.2490868896 16.5426476670047
1904 -71.0433632697 42.291178082 16.5560599303493
2198 -70.9518874086 42.4602672238 16.5769089701487
7154 -71.1706261856 42.6838092491 16.5782841081171
5319 -70.9526703971 42.4803356054 16.6100389204352
5546 -71.0605327376 42.2778301095 16.6144446006525
7497 -71.5573857667 42.3352902363 16.6363772731222
2935 -71.2601677676 42.697457936 16.6385828861285
9110 -70.968757199 42.5380264026 16.6697089663549
8987 -71.01649416 42.6043206888 16.7163383333967
5254 -70.9485374954 42.4697217732 16.7675480878997
4749 -71.0782915827 42.2641176296 16.7712537476135
6651 -71.0961202816 42.2543946167 16.7945798177908
4322 -71.0486496992 42.282325987 16.7986599611334
2169 -71.145209744 42.2344110445 16.8151239389076
3883 -70.9704878484 42.3674940316 16.8248550384493
7427 -71.574309159 42.5630711867 16.8499979736058
2681 -71.0306342714 42.2933817368 16.927901543236
4897 -71.6072712154 42.4362221941 16.9366731892856
6717 -71.4847531182 42.2660831078 16.9685233733622
2072 -71.1299489561 42.2370759978 16.9763025845144
3546 -70.9436455431 42.4665070409 17.0074509241671
6823 -70.9548704379 42.5266063037 17.1017539192587
3798 -71.232565259 42.7026605711 17.1252655917229
6149 -71.1729442834 42.6928962876 17.1368651769701
3965 -70.9405603413 42.4603113076 17.1549552093371
3773 -70.9412348285 42.473991844 17.1565599061478
5352 -70.941903335 42.486842228 17.2038457228273
6253 -71.124623327 42.6793689085 17.2082869514246
3560 -70.98062132 42.5773247329 17.2299565292229
5145 -71.1464285702 42.6881566768 17.2971990051026
4549 -71.1530840903 42.2241219156 17.3191127132277
5053 -71.1804147657 42.698269527 17.3795698445707
6750 -71.5373719081 42.6206694285 17.4457013706073
4080 -70.9346374881 42.463289332 17.4605102677895
6334 -71.2281127747 42.2073704042 17.4612510015083
4095 -70.9416240095 42.5095889735 17.4721156298317
3509 -71.1987944774 42.7043984944 17.5516469252571
2566 -71.0100171514 42.2971034634 17.5606798100139
5249 -70.9328641631 42.4777821688 17.6014479198714
4712 -71.172137562 42.2145376082 17.6185239303244
3358 -70.9319080751 42.4710897521 17.6197708610943
5289 -71.5479550333 42.2990466572 17.6600058601117
5537 -71.3107296506 42.2026358586 17.6970381059011
3721 -71.1719793967 42.7013053647 17.7057466565543
4639 -71.0276340891 42.2791782586 17.7117467537315
6069 -71.0496183273 42.2628057229 17.7646312210566
4243 -70.9278987397 42.4672936689 17.8124100589054
2568 -71.4667460126 42.2412385903 17.8224422232323
8182 -71.0338359592 42.2714051821 17.8687087172576
5524 -71.1840347881 42.7067436998 17.8931033234554
5004 -71.0210089489 42.2800222348 17.9165581008397
5977 -71.1517448022 42.7007185863 18.0050128643228
3410 -70.9252897319 42.4276247779 18.0541533536897
3297 -71.5937249251 42.3410100287 18.0806897793466
6079 -71.1949344892 42.2028060691 18.0891370771356
535 -70.9683260024 42.3284102813 18.0988589593722
2329 -71.1591951801 42.7058683943 18.2103883162621
4345 -71.0559303501 42.6643262715 18.2133333217063
5352 -71.1309454346 42.697893841 18.2276036532186
5724 -71.0723519165 42.241086716 18.2391116593771
1357 -71.1671805587 42.709134411 18.2958080130449
3810 -71.1038852469 42.2252871695 18.3160991285322
6072 -70.9567376756 42.5780727985 18.3296674490934
5836 -70.9189019349 42.4812015415 18.3310345777913
2101 -71.1772104673 42.7121065167 18.3440781150901
4001 -70.9265992563 42.5206511104 18.3884723347581
5782 -70.9206331085 42.5002842934 18.4073007881538
5464 -71.4331776532 42.2174971033 18.4128007621646
4954 -71.2181609542 42.1941328355 18.4438484703553
3230 -71.2127058097 42.7199796581 18.4649523729944
2937 -71.1694389114 42.7122522804 18.4669444355313
5196 -71.0155317248 42.2723375588 18.4860314412541
1782 -71.1593411135 42.7113645263 18.5674018475577
4569 -70.9250744918 42.5281726215 18.5934592554971
4283 -71.2884583082 42.726585965 18.641824000614
6100 -70.9391733137 42.5609795231 18.646910721192
2193 -71.1539967565 42.7116268588 18.6738898819721
3858 -71.1740851723 42.7173769348 18.7384426172313
5666 -70.9171641087 42.5141052799 18.7569647836169
3810 -71.1687019395 42.7165666143 18.7631473630747
4264 -71.0243001761 42.2597061776 18.7914236936139
4756 -71.1557602098 42.7149574901 18.8615856069197
2063 -70.9067752095 42.475571198 18.918088552812
3167 -71.206473017 42.1886910113 18.919707112961
3179 -71.5005031755 42.6764101239 18.9705772427497
3883 -70.9197785112 42.5355336298 18.9920066481044
4175 -71.1782576893 42.7224402028 19.0178767400216
2866 -71.6356357458 42.3838134428 19.0202244294222
6932 -71.1427217195 42.7145437074 19.0620081931571
4160 -71.097568914 42.6993544644 19.0722068675377
5155 -71.0072538108 42.2664543059 19.0735380763617
5599 -71.162618651 42.7200666817 19.0867114309561
4092 -71.3197476341 42.7322252873 19.1482470623675
3896 -71.5954310565 42.6038897431 19.1550879591222
6552 -71.1965709278 42.7281714338 19.1807551482965
5854 -71.1778799048 42.1882939869 19.2773840195303
3198 -71.2329310691 42.7347142558 19.323319193291
4935 -70.8994154816 42.4930418063 19.4071045479613
3794 -70.9196840731 42.5548604133 19.4174900596056
2913 -71.1208587402 42.7134721866 19.4206543660249
4244 -71.221133858 42.1794140509 19.426434247826
5888 -70.8964794475 42.4714613158 19.4264586305219
3139 -71.4586784783 42.7042509053 19.439597997378
5527 -71.2545644306 42.1765435388 19.4490261823315
3874 -71.1557628567 42.7248195071 19.5074590344265
2795 -71.5304060794 42.2465052283 19.5117094887556
3714 -71.1261798634 42.1979685647 19.515936632321
3377 -71.0216201602 42.2467472006 19.5449654979732
4837 -71.0142137405 42.2510535084 19.581237196499
3358 -71.4435197419 42.7124007505 19.5896478312919
6967 -70.9317753725 42.5825839079 19.6064039107694
6224 -71.0526554568 42.2270611733 19.6137231885908
5154 -70.9041921831 42.5332597027 19.7130250512348
4797 -70.8966336585 42.5160573128 19.8091770774808
2765 -70.9922786848 42.2598470578 19.9439504318629
6487 -71.2997428991 42.1693938781 19.9455554251566
4522 -71.3549905627 42.7402156292 19.9769448883836
4865 -71.1636860938 42.7338441378 19.9807265983204
5417 -71.0011615245 42.252336786 19.9811409606182
4257 -71.4234118478 42.1890569339 20.0108256870363
6053 -71.6235667524 42.3225037198 20.0230936300634
4669 -70.8888726441 42.5055035819 20.0640996929227
5780 -71.5916599452 42.2831388571 20.103109324357
2481 -71.0207593892 42.2334296216 20.2698215961935
3132 -70.8907178078 42.5298890515 20.3177680336866
7961 -71.018957804 42.6816112179 20.3294769644324
3491 -70.8981623971 42.5496452813 20.3345147300813
4280 -71.0104952404 42.2383784537 20.3562493855697
3904 -70.8858302155 42.5167052792 20.3577396525445
7891 -71.3624056221 42.1693156373 20.3930305119917
4304 -71.19876295 42.1677610619 20.4164650928707
6360 -71.4675660308 42.7169038382 20.4243231092867
7071 -70.8783113094 42.4882313933 20.438684434636
8930 -71.4010487194 42.7391886629 20.5062216408946
4218 -70.900598147 42.5630068851 20.5257109420279
7090 -71.5075549077 42.2139182178 20.5581498645856
7211 -71.6481644189 42.5728567374 20.5603133506492
3228 -71.6777014149 42.4180124912 20.651135882997
3542 -70.9906884601 42.2462968196 20.655538881022
4262 -71.2322522551 42.7544990943 20.6870891589824
8055 -71.6809003173 42.4817676027 20.6946944621982
6621 -71.1321343286 42.7379936663 20.7693041827108
5443 -70.9630047634 42.2661875265 20.7772879389623
4532 -71.1556604142 42.1692497974 20.8603701465762
3826 -71.4708319838 42.1917927592 20.8740047134851
7020 -70.9943899306 42.2384786109 20.9106302271363
5218 -70.8830190472 42.543450201 20.9439374534529
4333 -71.5709364597 42.6689376644 20.9572980598765
6303 -71.0773891366 42.1920474748 20.9851361137275
2911 -71.6417878652 42.3176217592 21.0052739055373
3026 -71.1718642182 42.7509891131 21.0093905566688
3150 -70.9667363641 42.2564024203 21.0713794973628
5691 -71.0216734986 42.2175721426 21.0915555320453
6089 -70.9425998436 42.6373120761 21.0958895698682
6562 -71.2215917633 42.1547930005 21.1096428769974
6048 -70.9787299109 42.2457707418 21.1179022388694
2820 -71.6884745178 42.4278226331 21.1187030204148
4504 -70.8847003783 42.5631297867 21.2879741546351
4010 -70.8639064504 42.5073970046 21.3416308504609
7558 -71.6902325401 42.4089741879 21.3756641233365
5103 -71.4515320588 42.7383827139 21.3892306438624
4524 -71.4840702792 42.7264672944 21.4099938151098
3301 -70.868223626 42.5290177544 21.4173935158164
4557 -70.8554923603 42.4982453733 21.6749090137074
5183 -71.514280888 42.7175363183 21.6942804548197
5002 -70.9945611072 42.2226526138 21.7113652281711
3702 -70.9040856889 42.3045511139 21.77185508598
6101 -70.8690368092 42.5511175402 21.7794553115849
7729 -71.1998635578 42.7672285629 21.7972736614586
4045 -71.6168431489 42.2671706929 21.7973716313056
5191 -71.6644816264 42.324658259 21.8314920661236
3863 -70.9834067406 42.2278334644 21.8321332504996
7291 -70.8821428554 42.5800836845 21.8370185301758
5058 -71.4970788524 42.7295467427 21.9269858503329
4170 -70.8526807126 42.5131821619 21.9728375389433
4358 -71.0224849436 42.2011075671 21.974447089247
3578 -71.6174521996 42.6519817215 21.9769582942626
5850 -71.1035236029 42.1652713698 22.0529334956021
5040 -71.5704016104 42.2233738837 22.0729549534074
4407 -71.1610678998 42.7648107293 22.0754659083467
7804 -71.0432915166 42.1886823039 22.0809178460914
4521 -71.2510191367 42.7768569052 22.1481576907466
3166 -70.9708999453 42.2302916129 22.1551487018562
4958 -71.1063790194 42.7527664068 22.206054185311
4009 -71.2800880597 42.1358708731 22.2302326941087
3505 -71.0595579806 42.1786230088 22.2430701091905
7962 -71.4336628778 42.1570127171 22.2656869463926
6183 -71.4780959777 42.7450110951 22.3930241751915
4875 -70.8827714807 42.6008484378 22.4033205202553
7465 -71.1427008092 42.1488496933 22.4060328939585
3852 -70.9362690865 42.2526754496 22.4282025982046
5560 -71.4501719355 42.7572702264 22.5559887574234
7336 -71.4313478848 42.7638580891 22.624730123066
3842 -70.9452105808 42.2396005528 22.667125660982
1570 -71.4618241161 42.756304772 22.7340687728655
3645 -71.0008002771 42.7163106721 22.772656669179
4790 -71.4161216423 42.144065808 22.8070924087068
3077 -70.9795790622 42.2107327635 22.8375254873858
6328 -71.3067274457 42.7871009872 22.869386319386
4131 -71.6960237484 42.574659174 22.8717691891247
5421 -71.6199186422 42.243349451 22.9515850037812
2430 -71.5169233037 42.738056934 22.956502757621
4782 -71.0662709198 42.7507982096 22.9596997690666
3821 -71.0001772275 42.1926688611 23.1276581166951
3586 -71.6038541469 42.68913584 23.1320010440366
7583 -71.479961458 42.7565867952 23.1496378350146
3026 -71.6505382766 42.2671947666 23.1933901000481
7972 -71.2551669816 42.1213267012 23.2616954084755
6797 -71.0416091711 42.1682118056 23.330007878457
7445 -71.5238221387 42.1733149708 23.356023578779
3903 -71.4640240524 42.765652054 23.3691932561429
2149 -71.7227946676 42.5343957947 23.3707613749449
5089 -71.1072705143 42.7726361207 23.4602957541167
5000 -71.1224384855 42.1375394494 23.4801626177578
2868 -70.8849561521 42.6359655468 23.4816960258425
6217 -71.3125615337 42.1185790573 23.4975121977369
6668 -70.9367333394 42.2274692333 23.5521326980414
7785 -70.958533371 42.2106992052 23.5688237611371
3942 -71.0837546606 42.766959499 23.5689453848974
5606 -71.2141236447 42.7954405233 23.6107742043034
5693 -71.2050240659 42.1196722639 23.6362553332861
6829 -71.7362037253 42.5010822854 23.638621608069
4736 -71.1708806293 42.124496475 23.6445375164106
4355 -71.7212243302 42.3563550831 23.7532575163044
4631 -71.0924690921 42.7732782064 23.7884139140223
4979 -71.4725177663 42.7705952342 23.8590251799679
3146 -71.0786725843 42.1444308779 23.8916117530569
8679 -70.8321977188 42.5679675707 23.9236893584399
4382 -70.8737810977 42.2802324264 23.956197396433
6211 -71.1452929236 42.7905172952 24.0049164826264
2765 -71.1292529654 42.1274596315 24.0264429190295
6766 -70.9927286721 42.1804002894 24.0339489023283
4750 -71.7394454613 42.523665951 24.0475032553814
8057 -70.9074887812 42.2416840965 24.0529969765025
5010 -71.3496080361 42.1137119504 24.0536019076207
4237 -71.5049172755 42.7619292843 24.067592095884
5165 -70.9378288895 42.2137535431 24.1636589214086
7703 -71.044450036 42.1529873367 24.1674957387539
8851 -71.6950826655 42.293929794 24.1812292493379
1753 -71.109594234 42.1301072228 24.189540102432
6946 -71.4081513276 42.1208852141 24.2192227104073
4833 -71.5186067838 42.7591643482 24.2468874901364
4789 -71.0821058537 42.7776587381 24.2774627453703
6459 -71.0148471407 42.75203077 24.3632649601773
2975 -70.9634850486 42.1908165167 24.4171324008025
4498 -71.1012242087 42.7860130459 24.4336860583119
8201 -71.4085254564 42.7974253013 24.470350168293
3437 -71.0735862183 42.7790869854 24.5471244930465
5670 -71.7397977413 42.5569299338 24.6023765052454
7484 -71.5005118102 42.1422138088 24.6166040250585
2423 -71.7496909677 42.5371499943 24.7496237848162
4466 -71.052979172 42.7749777768 24.754460770752
4538 -70.9622287033 42.7323478975 24.8712945147926
6921 -71.7614442501 42.4982532961 24.8937024418963
4945 -71.0870331734 42.1245440733 24.9755458101454
3377 -71.0894780644 42.7909912417 24.976321568457
5555 -70.8912785491 42.6805448184 24.9822780289815
5345 -71.4777546327 42.7867831993 24.9882297853902
4758 -70.9257710955 42.2046082638 25.0476480215956
4896 -70.8374475706 42.6197309371 25.0507735541732
5258 -71.5480732104 42.1555908354 25.0622877097674
7554 -71.7269182931 42.3081847689 25.2094999017544
3838 -71.5203858417 42.1400939665 25.233244126007
3974 -71.5298485663 42.1432659463 25.2870940769129
2342 -71.7619829074 42.5345902249 25.3235721397524
6590 -70.93908649 42.1889849367 25.3460614506212
3302 -70.8688524159 42.2486853449 25.3525588504846
7808 -71.7730212521 42.4412456807 25.3577282010598
5671 -70.9978183526 42.1525210332 25.4520072792524
7264 -71.2930098158 42.8251639987 25.4647035205174
7684 -71.5836796861 42.7495446182 25.5573879665083
6658 -71.2121217021 42.824059438 25.5865372301135
2209 -70.8496550092 42.2641776399 25.5880224802866
5572 -71.3886981457 42.096483442 25.6041891499641
3820 -71.1135128767 42.8074060116 25.6066542624563
7542 -71.6044338839 42.177203741 25.6171898615436
3788 -71.0769101562 42.7972526835 25.624068374359
4356 -71.0492101983 42.1266582701 25.6587874281373
3688 -71.7210779753 42.2837304701 25.6869725350355
5120 -71.0186323222 42.1380695151 25.7242460464597
3374 -71.3719677402 42.8233027205 25.7823878926151
9557 -71.7077046642 42.2615694269 25.8565466151463
6300 -71.2413967989 42.0838883366 25.8884469043071
3667 -70.8898515127 42.2155787965 25.8972530773744
5955 -71.7436853189 42.6047793758 25.9008487869531
7183 -71.1627484408 42.0918813647 25.9365536820017
5577 -71.1187791684 42.1009309533 25.9376061142
4902 -71.7172553537 42.6472297346 26.0143460639745
5609 -71.7729559056 42.5443242436 26.0165580450261
5293 -70.9666040926 42.1589052931 26.0282707860002
3776 -71.082094879 42.1080115541 26.1288328266255
7146 -71.5230018694 42.7890291626 26.152612190304
5995 -71.6663856458 42.2116910207 26.1835014190401
3435 -71.7704917811 42.5664502462 26.2883090562875
7638 -71.4721970637 42.1050702754 26.3350190580604
6815 -70.9398169768 42.1660699923 26.5062089642107
5911 -71.5350365665 42.1248499745 26.521502734059
4997 -71.7837019417 42.3722915807 26.5512540448066
3059 -71.7036863588 42.2374125807 26.6037746791916
7071 -71.4299995169 42.0876293241 26.743805960807
3091 -71.0371762396 42.8013703718 26.7446560312134
7880 -71.3823361804 42.0777755081 26.7995544535439
6751 -71.160169364 42.8369956838 26.9301978758076
4499 -71.3450648272 42.0710860843 26.9393209596357
5958 -71.7450387439 42.277582671 26.9700618755604
4024 -71.7061708203 42.6853051493 26.9736774300688
5856 -70.8881284849 42.7224656491 26.9847165846411
7131 -70.8797063066 42.1982327172 27.0763007501253
4076 -71.3483679396 42.8455221242 27.1058472942767
3358 -71.0307059713 42.1090119758 27.1785002190771
2672 -71.7895477181 42.3499514136 27.2270086558322
4066 -71.8042343139 42.5188898485 27.2459658544298
3080 -71.7814353714 42.587433319 27.2635892402746
4776 -71.010244411 42.1154687034 27.2909289927019
5136 -70.7690725696 42.5824805155 27.2916538797186
4296 -71.0656487273 42.0942167004 27.3354323834476
3327 -71.7721948458 42.3077392971 27.3486962552215
3740 -70.8293494259 42.6786057114 27.4562094550872
5796 -71.0439841604 42.0985104526 27.52401203311
5583 -71.7837563987 42.3197344785 27.5973415982432
3730 -71.3130586561 42.0584584501 27.6472122934027
3952 -70.953114158 42.1356738062 27.7281098814665
4423 -71.2143229962 42.0585136419 27.7647888574393
6142 -71.2681811934 42.0557674681 27.773983097571
3798 -71.0253534403 42.1006101333 27.8208652031364
4036 -71.7703744077 42.2856218385 27.8828974859646
7542 -70.8198177175 42.2356331768 27.937966983563
1580 -71.7976171149 42.5830698984 27.9489742925489
2820 -71.7590617173 42.2663355434 27.9688705460413
6594 -71.8015130052 42.5765344714 28.0025730702422
7609 -71.0960900229 42.8403277899 28.0478123993653
5205 -71.0977886984 42.0738488463 28.0564769813229
4235 -70.9690674509 42.7939058256 28.0626225962021
3504 -70.779369973 42.6317728889 28.0737856930023
5575 -70.9730348378 42.1191748927 28.0762447144287
6817 -71.2999583249 42.864285657 28.1822035913617
8271 -71.4550134591 42.8429945791 28.1847662259244
4075 -71.7089253185 42.2044239515 28.1848424620983
6759 -71.8128917199 42.5593171474 28.2399793602822
5838 -70.9152230462 42.1485874658 28.2451595425676
5964 -70.9988282095 42.1043176203 28.2518817780498
5444 -71.7853627728 42.2963679591 28.2751163551164
4539 -71.800982971 42.591348392 28.2929736460241
4991 -71.670496564 42.746383946 28.3219101594655
2857 -71.0608274751 42.0796337022 28.3606180921684
2910 -71.6473058849 42.152281832 28.363183272411
3706 -71.0213282874 42.093174833 28.3725692127463
4559 -71.794361689 42.3082701258 28.387010165263
4636 -71.6813341263 42.1758244491 28.4130576928029
4155 -71.758712176 42.2499301379 28.5095287546344
3240 -71.7712947849 42.2626834218 28.6400677666646
3880 -70.8116490122 42.690076535 28.6458307476857
5923 -71.8059995727 42.3188541341 28.6872507952696
7725 -71.5277110879 42.8292667204 28.7303558160098
5631 -71.4830864618 42.8438362607 28.7305923032621
4829 -71.7541792014 42.2375672999 28.7541585202862
6339 -71.0282398395 42.0843789189 28.7561885428869
2149 -71.819215929 42.5715038488 28.7698293870642
5656 -71.0383647947 42.0801845437 28.7935044604289
1660 -71.7911782622 42.2869286067 28.8111258983904
3931 -71.3879069099 42.8660730138 28.8413079466392
5839 -71.551552183 42.0931167781 28.8496912818935
5593 -71.2434908661 42.8745548377 28.9170133898735
4057 -71.4184957473 42.8625624092 28.951245513998
3040 -71.0109748782 42.0876741444 28.9561807310498
3246 -71.8217846147 42.5777690262 29.0159962024175
2531 -71.0198314745 42.0832481863 29.0188557619898
4166 -71.4193736221 42.0509282215 29.0392946230225
3920 -71.1044556823 42.0567655959 29.0710537998006
3902 -71.7744980223 42.2536845328 29.0825212845689
6172 -71.7854543885 42.2687441754 29.0894973760424
5227 -71.7916470325 42.2774602725 29.1085162883319
5612 -71.1848005618 42.0413220198 29.1519690866114
5291 -70.991055166 42.092599568 29.1532748807272
2853 -71.7826387715 42.2625889694 29.1562097424182
3713 -71.8209123539 42.3278080689 29.2089696216297
5782 -71.315868773 42.8795357954 29.2801339346623
3587 -71.3627647032 42.8772759115 29.3839204522467
3535 -71.8057784334 42.2904313357 29.3969763205691
3716 -71.0250169283 42.0750644167 29.40776343465
5611 -71.137970236 42.0444591303 29.42292535772
6051 -70.9133877064 42.1262231146 29.4931082119687
5712 -71.8153985101 42.6147028893 29.540160275385
6398 -71.7506112625 42.2126058065 29.5569992793147
2798 -71.0597098869 42.0608277923 29.5850886712565
5103 -71.2219723094 42.0314371214 29.5865350561395
6338 -71.0120566111 42.8386217144 29.6191152877515
6458 -70.9454579834 42.1051031767 29.6758663779369
6749 -71.6526949066 42.1302055247 29.6966004435067
5370 -70.8406043355 42.173760403 29.6990362871037
6459 -71.7890866488 42.2524317791 29.7785790615762
4963 -71.8509081832 42.3816489969 29.7854212285057
4308 -71.0224570653 42.0698785937 29.7878948837729
6666 -70.874525881 42.7705533908 29.8139198670802
4781 -71.1465000727 42.8775784488 29.8212595031815
4122 -71.7774569183 42.2337348967 29.9079557234915
2761 -71.8003990677 42.2638397017 29.9253334664046
4655 -71.0371430196 42.0624610843 29.9348011498942
3742 -71.191074066 42.8860667478 29.9818465521364
2726 -71.3945556612 42.0318424687 30.0382067838252
4849 -70.9883613938 42.0788814355 30.0463080807592
8694 -71.47603243 42.0477738762 30.1064687946426
7357 -71.8090082587 42.2701959201 30.1269476388507
8799 -71.8254405795 42.2979828638 30.1272433582015
5334 -71.0045727417 42.0701916082 30.1799004164366
3224 -71.8467832461 42.5747334485 30.1824769362872
1776 -71.8003403583 42.254300193 30.2252213903619
5355 -71.3196220574 42.8935290213 30.2590793691013
4544 -71.8532907476 42.3551692839 30.2852323881761
3938 -71.7938022429 42.2424781732 30.3239537612479
4253 -71.7986902498 42.2467586966 30.3983328841095
3419 -70.710539388 42.5980535538 30.4601648435985
7176 -70.8669481894 42.1368052256 30.5086732094714
5174 -71.8137753984 42.2630176778 30.5635643297173
1747 -71.7571507631 42.1926179118 30.6403418773104
3665 -71.8279955669 42.2814174946 30.6880641068995
4991 -70.7860537529 42.2014637518 30.7007621992756
2668 -70.9238463031 42.8185157253 30.7724274476465
8264 -71.3364520171 42.0141264158 30.8034796619005
4673 -71.8161939502 42.2584595376 30.8149381033538
4603 -71.0433114102 42.8685987867 30.8325134209182
3413 -71.8812724742 42.4565674903 30.8551231355316
2046 -71.8270397484 42.2728800264 30.8840986864068
5600 -70.9036223352 42.1061319896 30.892737207088
6883 -71.1921626125 42.0147688269 30.9111809724452
3841 -71.8147848682 42.2517312137 30.9627075497128
6468 -70.7606120036 42.2229459308 30.9662198304104
7211 -71.0149873247 42.0535814701 30.9701041998384
2459 -71.805327531 42.2380235118 30.9894004106891
2904 -70.9335575373 42.0875850784 31.0203626193947
4303 -70.9570143607 42.0762257667 31.0222491746835
3451 -70.7162458651 42.6324744188 31.0277520320162
6048 -71.667839769 42.1137812852 31.0661079633485
6592 -71.7990433022 42.2260642361 31.1285778356135
3762 -71.8138550728 42.2450860355 31.1357686288059
4032 -70.9622501935 42.8438035935 31.160416569868
6322 -70.9012380833 42.8131221921 31.1625062863315
3316 -70.9423081339 42.0803282007 31.1879356987275
2511 -71.8277393642 42.2632104982 31.2004617127423
3531 -70.9953752028 42.0569453993 31.2107602673969
5936 -71.5901035758 42.8452321651 31.2187159487411
1382 -71.7492213234 42.7475401462 31.3391329633876
3404 -71.8353893291 42.2702841695 31.3474468750292
1111 -71.8234468468 42.2514973286 31.3641118466562
5110 -71.5155866773 42.0396364003 31.3698130128723
5586 -71.2481738511 42.0042161861 31.3705516720121
5198 -71.8254632813 42.2512793236 31.462870058358
4126 -70.8786224557 42.8078645259 31.6016594561328
4567 -71.2694315126 42.9142763213 31.6174993012241
5109 -71.6758906573 42.807932903 31.6425889707642
3074 -71.8231549373 42.6765390465 31.7049124527785
5469 -71.6366230536 42.084121862 31.7104620723375
2498 -71.8268699082 42.2452729196 31.7181000784162
3949 -71.8348335462 42.2565230101 31.7292367360055
3895 -71.1258457055 42.0115008223 31.7857290852572
6262 -71.4947506404 42.8881474886 31.8042604475844
3966 -70.9185939681 42.0813040304 31.8149931376571
3716 -71.8468095364 42.2696488458 31.8980544992712
4126 -71.8780674076 42.3299375298 31.9594454088414
3916 -71.5478589911 42.0403239707 32.0074519200787
5876 -71.5447139464 42.8763827348 32.039235587521
4481 -71.0800887661 42.0172482905 32.0572155269579
4995 -71.3263399955 42.9193258806 32.0641955645536
3071 -71.8150342701 42.2183187787 32.1067530417451
7017 -71.6539401204 42.8295315969 32.1201559519497
6803 -71.8599987871 42.2838732477 32.1319093448091
2897 -70.9703994926 42.0515115513 32.1489714986522
5104 -71.3843946766 42.9157613693 32.187428466669
8204 -71.2994802183 41.9902545887 32.3234116870703
3709 -70.9212263412 42.845256166 32.3648247662288
2855 -71.3341541201 41.9908883456 32.3925160495297
5116 -71.7884631558 42.1810813984 32.4047809892848
5136 -70.797802317 42.1494017156 32.4598803341785
6402 -71.8472131899 42.2510932659 32.4637746498296
6527 -71.4747635447 42.0109417815 32.4954417941288
2058 -71.8363186942 42.2342534595 32.5041334827425
6219 -71.7314431358 42.128522263 32.5340570975634
1773 -70.6829809986 42.631041111 32.5586034872226
3035 -71.0391213113 42.0205342847 32.5656768949888
7277 -71.9027152681 42.5512234478 32.5805826485673
6703 -70.8472946582 42.1094644135 32.5818468116927
2840 -70.6744725874 42.6159269811 32.5986583390872
4093 -71.4238532508 41.996699086 32.7362558358487
3190 -71.5775756008 42.0390637442 32.7732829443652
2523 -71.5038787718 42.0141523476 32.7835700735703
2638 -71.4960119076 42.0110839832 32.8422071567327
4300 -70.840793281 42.8076031481 32.8556947159893
5194 -70.9463661551 42.8670678251 32.9549563458573
2448 -70.6707703849 42.6236896511 32.9583235818457
2229 -71.8620707194 42.2566715369 32.9824077120922
2224 -71.8498265194 42.2377625079 33.0005519354189
2923 -70.6624351526 42.6137504539 33.1280170206104
1769 -71.4960752142 42.0064944279 33.1419497363573
3881 -71.0019068217 42.0231078177 33.1631857225117
2426 -71.8360343351 42.2144798753 33.1663799182412
4201 -71.32504392 41.9789290652 33.1783574114819
5986 -71.1833566352 42.9332177366 33.2657127354023
0 -71.4359578568 42.9241052212 33.2950519246597
3223 -71.5210360335 42.0109993432 33.3077736096188
7988 -71.638296308 42.0557341209 33.3779576289373
4585 -71.1466844083 41.9843791673 33.3797886160752
2680 -71.5114160105 42.0057944501 33.4617264175057
6025 -71.06634317 42.9156403626 33.4648224809062
4387 -71.1210902275 42.9284537321 33.5422415755182
6396 -71.2187615231 41.9740982835 33.551387338574
3049 -71.5048290327 42.001891761 33.5950980951466
3221 -70.6555268211 42.6199050783 33.5996974856847
2831 -71.483697652 41.9958654306 33.6296218587919
6674 -70.7358507354 42.1784691033 33.7201528733997
2744 -71.7801845163 42.1421909771 33.741729165502
3348 -70.9169924819 42.8672233296 33.7502784221412
2105 -71.7995631688 42.7576965034 33.7734401414048
4369 -71.8282185852 42.1882991988 33.7896140802558
4532 -70.6447196065 42.6114367286 33.9325988838393
2514 -71.50759172 41.9969532907 33.9647597657145
4226 -71.5304918757 42.0029070242 34.0096450391787
5183 -71.2834389323 41.9645079764 34.0850499112189
3722 -71.8565554343 42.2141050353 34.0882669119617
2989 -71.682035083 42.8497732823 34.0964815868631
4710 -70.8748453715 42.8535177653 34.1956918502013
2560 -71.518865397 41.996438626 34.2033242534176
4182 -70.6601139877 42.6547045852 34.2579708040908
3044 -70.9622346123 42.0197853662 34.2778541149961
0 -71.4379599475 42.9387052542 34.2994990020383
7853 -70.9251175324 42.0344346197 34.3428517390345
5746 -71.4264868769 42.941381866 34.3452524478387
5464 -70.8813743995 42.0557926442 34.3616713786666
3573 -70.8360107545 42.8338782713 34.373618109605
7086 -71.4894386102 42.9297542402 34.4292777579194
3518 -71.5018626157 41.9881725845 34.4356524402103
3128 -71.5232818609 41.9905513624 34.6651542281343
8597 -71.3623692435 41.9601047912 34.6669777188635
4800 -71.5709890598 42.0048810884 34.7320571738211
5265 -71.6213441394 42.8922580085 34.8250326072968
4257 -71.889880842 42.2377678334 34.831309848776
5047 -71.1772801913 41.9584699941 34.8748781139266
4855 -71.3341133079 41.9543778064 34.9082705305493
7159 -71.4612657173 41.9708906854 34.9455768127825
8314 -71.4113999561 41.9611799778 35.0008175901295
4806 -71.9329895286 42.3110213509 35.0253144827078
5899 -70.7546910142 42.1272802597 35.1331374744063
2357 -71.003622159 42.9247515693 35.1940703400473
2391 -71.533605039 41.9846465705 35.2401173000345
4768 -71.2507453622 42.9672951588 35.3074616032445
4745 -70.850269949 42.0556881271 35.3287818230524
6708 -70.7977729911 42.0893109895 35.3353514912473
2938 -70.9568636087 42.9114738088 35.3805070017267
2674 -71.2825884549 41.944357207 35.4784789641304
2600 -71.8681740469 42.1860976503 35.5937917009012
7973 -71.9672449155 42.3848860268 35.6161492042122
5595 -70.9493875119 42.0001521726 35.7870976667665
2949 -70.6335609964 42.6663319163 35.817191422527
7860 -71.5565336932 42.9326226649 35.8302659256926
6081 -71.9252263101 42.6590229884 35.8718802367606
6327 -71.1070806883 41.9527457556 35.9627408690745
3728 -70.8913255278 42.893287235 35.9710196629581
6471 -71.2482233661 41.9364913446 36.0508145231213
3955 -71.28044741 41.9360529594 36.0521373532326
7118 -71.4614764054 42.9604206287 36.0523374226422
6305 -71.015135981 41.9732306822 36.0617458506389
5205 -71.4385436964 42.9655418403 36.1111300844512
2929 -70.9657678798 41.9881971582 36.1429804905615
3677 -71.773285564 42.831415908 36.1721700564667
4003 -70.6129140716 42.6443918558 36.2176443050108
6027 -71.3965779313 42.9738033283 36.2488350072625
4538 -71.0683485653 41.9561618775 36.2671834732334
6151 -71.4693839451 41.9524264744 36.2881347148243
6713 -71.9265548665 42.2415132759 36.4200994178679
5098 -70.8280624335 42.0478730633 36.46158946766
3003 -71.2021116973 41.9330224054 36.4620889749305
2797 -71.298304591 41.9301434224 36.4772346607618
5958 -71.9690869659 42.5938384703 36.5408792609644
3909 -71.9834017851 42.5521984326 36.6334772812398
6531 -70.7137653438 42.12872501 36.6881170355281
4012 -71.3906477718 41.9335837183 36.6902260406149
6841 -71.3249778211 41.92787895 36.7005920245667
4965 -70.84565094 42.8829859979 36.7145200871105
4776 -71.5484280437 41.9633077446 36.894176146235
5730 -71.440723807 42.9768349217 36.8969062310116
5313 -71.4224730176 42.98169056 37.0274237255998
4953 -71.3437391408 42.990468435 37.0428617571661
8471 -71.7514148365 42.0524351547 37.0786519812111
3758 -71.4816152195 42.9719572675 37.0974266333355
3390 -71.4610491393 42.9762913837 37.1075653260456
2409 -71.6837681238 42.9024455689 37.1078508520114
4255 -71.4130149631 41.9303733279 37.1081556344054
1839 -71.9882488235 42.5723534539 37.1446547003645
4382 -72.0051357698 42.4838093697 37.2137664805803
2226 -71.4386989089 42.984229996 37.3724818869227
7579 -71.2852212923 41.9167899682 37.386667113202
6289 -70.9821911576 41.9619280412 37.437052833767
6257 -71.5374580772 42.9649963092 37.5414124877934
3382 -70.9302731192 41.9786751378 37.5600733236271
4283 -71.1249533286 42.9890337731 37.5859573601679
4010 -71.4489677984 42.9861321803 37.6188280614047
7458 -71.8662255191 42.1311679495 37.6650241611535
2208 -71.4736811886 42.9821950366 37.6682469023092
6031 -70.7939771548 42.0459317059 37.6869848309819
2987 -71.4551893782 42.986149609 37.6948343946579
2257 -71.4594926602 42.9873854866 37.8309008478045
1919 -71.4394879592 42.991415599 37.8661159700739
7201 -71.1516021095 41.9167750135 37.9308518400717
3232 -71.489861487 42.9840332523 38.0168996677457
3931 -72.0073096854 42.5676992444 38.0298532456943
2236 -70.8873575425 42.9276923384 38.0904635884423
3151 -71.4511174797 42.9932051466 38.1199608867689
8093 -71.3639281902 41.9090708675 38.180840099453
2867 -71.4660191745 42.9925788481 38.2611960862149
4782 -71.4803063472 42.9898248947 38.2668020992705
5673 -71.3907717554 41.9086532263 38.3948865428007
6817 -71.8816496192 42.7890889318 38.4072569745026
6251 -71.8675740194 42.1148812884 38.4076423394831
2378 -71.4514528883 42.9976221658 38.4210543627996
3771 -71.0983660111 41.916185966 38.5256922416411
7518 -70.8632073256 41.9914199425 38.5593573575737
7539 -71.6422719924 41.969269682 38.6023047501013
4745 -71.415467127 41.908469111 38.6204707975467
4486 -71.0448144236 42.9889515943 38.6221649855096
2881 -71.4824033418 42.9950489177 38.6433985912114
5416 -71.4182036053 43.0070879244 38.7091368340155
2248 -71.4620567997 43.0021447232 38.8525093261343
2063 -70.9514738811 41.9496485161 38.8649353389097
4331 -70.9573202269 42.9688916476 38.9378261961226
6021 -71.4573403559 41.9103722405 38.9448761990663
3109 -71.4524530817 43.0054549673 38.9598942438262
3523 -71.4410002965 43.0074052898 38.962370185498
4591 -72.0180125166 42.5946440553 38.9688514066882
1718 -70.8295532811 42.9155120641 39.0107591669459
5323 -70.7478213903 42.0506800717 39.0393878493556
5944 -71.214370471 43.0205381063 39.0942243383159
4369 -71.0813865579 41.9106857887 39.1091546561678
3611 -71.3468560775 41.8936907957 39.1475721814666
2297 -71.488553114 43.0021076702 39.1981993054386
3999 -71.3639346502 41.8924338741 39.3240909805468
5988 -71.9918692368 42.2473430634 39.3375072603288
2512 -70.7017919066 42.0796389409 39.3472066825488
4903 -71.388516059 41.8944690417 39.3479742662109
5700 -71.9924816441 42.2450927139 39.4248867496286
8845 -71.029807877 41.9173261755 39.4323049084471
4519 -71.0965312493 41.9030188638 39.4332335490776
2399 -71.3593480206 41.8889560278 39.5372343075733
2355 -71.3759005852 41.8901868724 39.5527234383753
7815 -71.5350136731 42.996782342 39.5636450749515
5534 -71.3973143373 41.8912817926 39.633993287472
2801 -71.1102740796 41.8967769105 39.6959060855531
2916 -71.4603659934 43.0153891607 39.7214522985898
2258 -71.3718913471 41.8873082766 39.7244383236436
4409 -71.5262480498 41.913007037 39.7595969235616
4188 -71.4256242259 41.8919338558 39.8419214431041
3812 -71.1501333186 41.8887700311 39.8539400682713
3771 -71.3465643738 41.8831199257 39.8744381184535
4763 -71.3872553083 41.8864267435 39.8892490806778
1683 -71.7743025828 42.9030080808 39.8897570708783
2976 -71.3592948962 41.8831674549 39.935097109705
4970 -70.662445451 42.1004348188 39.9674258511092
1842 -70.812307876 42.9235219523 39.9730434038909
4176 -71.4016255683 41.8866244029 39.987088991695
1902 -72.0460488903 42.3500948142 39.9904325883573
5490 -71.2515234237 41.87934622 39.9950257312628
3289 -71.3756509639 41.8831039131 40.0370692001045
4022 -70.9252352342 42.9756231862 40.0611519568732
5220 -70.6750723875 42.0845119862 40.1621977383042
4472 -71.0934689133 41.892639794 40.1681664603389
6502 -71.8427006282 42.053344668 40.2533830188445
3637 -71.4287841349 43.0287232269 40.280053934205
7874 -70.8515179987 42.9490719434 40.3066012894079
2421 -71.3855280323 41.8794790186 40.3527289248219
6997 -71.4955685137 41.8961420657 40.401726653198
5953 -70.9784133709 42.9988075917 40.4123281837314
3070 -71.3597198044 41.8750328 40.4969816673879
4937 -71.6965684019 41.9611517156 40.5013963459017
3054 -71.4806125012 43.0241265956 40.5594862191941
4472 -71.399606851 41.877508366 40.5935343100217
5024 -71.4657719299 43.0277475322 40.6167472017908
5385 -70.7015100773 42.0516196484 40.6748122931082
1877 -71.3449195906 41.8703633692 40.7460640566865
2469 -70.8060673703 42.9347125618 40.7843080680531
3109 -71.3781587987 41.8722503475 40.7981561097712
4607 -71.3931663332 41.8733523217 40.8279846734685
6543 -71.3184365727 41.8677898567 40.8297671852864
4470 -71.413779306 41.8756068296 40.8422546873825
6833 -71.0685808944 41.8862625438 40.9113491254379
8340 -72.0296489571 42.6635372273 40.9321259280434
5383 -71.5637495761 41.9042481155 40.9842545651447
3462 -71.8651860887 42.0553443206 40.9956644724021
6114 -70.928044083 41.9227027128 41.0662359185889
4882 -71.3700390022 41.8674459311 41.0772345016127
4793 -71.4949377441 43.0293632383 41.1000112528651
4751 -71.1119960606 41.875028344 41.1485429061082
8469 -71.9503320787 42.1306174398 41.2132560009031
4418 -71.3542397918 41.8639500578 41.2314327890382
3479 -71.7465104311 41.9728132063 41.2575921114347
4194 -71.1774126857 43.0494977196 41.2781824179453
5682 -70.7489685686 42.0057880493 41.3003133243156
1799 -71.3829797884 41.8647354706 41.3456917146216
8013 -72.0736000605 42.5686637448 41.3586628959087
6734 -71.4290306099 41.8689980401 41.43300503246
2678 -71.4106910626 41.8655922727 41.4984118968059
4938 -71.3988262185 41.8634361176 41.5494842862354
5321 -71.6856611569 42.9773808477 41.552443140753
1527 -70.8000125608 42.9459982885 41.5963458681905
2960 -71.8795293846 42.0536480473 41.6172835693456
3807 -71.602251553 43.0099582445 41.6588210092905
3749 -71.3900338587 41.8608261454 41.6627081588676
3909 -71.3097816902 43.0593614385 41.6852727603191
4780 -71.4552778701 41.8692232106 41.6924656971167
2820 -70.8098043585 41.9634785094 41.6980243648039
3122 -71.4474494302 41.8606076599 42.1890814197758
6411 -71.0746338822 43.0501091568 42.2758917063686
2964 -71.4729153087 41.8624929675 42.3525786241425
4218 -71.4820819683 41.8640713072 42.3609065711075
3870 -71.3633027793 41.8479591059 42.3787951782964
4132 -71.4014776014 41.8512023727 42.4066498465434
5398 -72.1061110016 42.4201831511 42.4194112778809
3300 -71.8952952441 42.0485645684 42.453676367813
4351 -70.6875014636 42.0246718489 42.4930748012537
6092 -71.4355521667 41.8541165331 42.5073833258247
6029 -71.5517475871 43.037734268 42.5167807425138
3843 -71.8800027306 42.0345195226 42.5371938281203
6760 -71.4181002148 41.8512708415 42.5389613000511
3424 -71.3466242311 41.8444180355 42.541780181722
6014 -72.0106746053 42.7525856294 42.5904872259405
4301 -70.8303078555 42.979120505 42.6367636249469
4769 -71.384226373 41.8447704334 42.7233903817828
7018 -71.013730715 41.8695802866 42.8273069985192
3270 -71.398923999 41.8440854038 42.8740909313174
7319 -70.9260003074 41.8945141642 42.8757560314128
5935 -71.4626661824 41.8523143052 42.9171817376976
5156 -71.626842314 41.8934356221 42.9322439103911
4680 -72.0779123115 42.2695067023 42.961002834277
6947 -70.7478097821 41.9749153793 42.9793375225991
5777 -71.426031387 41.8446824752 43.0586457231456
7255 -70.9006404581 43.0158312414 43.1054413702697
2183 -72.0466348018 42.2032403816 43.1156696738971
4512 -72.0060844733 42.1448718595 43.1211140485399
4641 -71.5560564323 41.8688918577 43.1446395953831
6760 -71.4502643589 41.8431840968 43.3984268585014
7086 -71.1552588055 41.836015561 43.4204483387965
4315 -71.4084245798 41.8371276413 43.4234564581581
4325 -71.4755907355 41.8469468896 43.4302198526264
6656 -71.5002142709 41.8515013885 43.4399475100575
5646 -71.4125679771 43.0789361071 43.5554480265274
3098 -71.4220693761 41.836822194 43.5586457275878
5307 -71.437681267 41.8375215231 43.6553097847117
4168 -71.4763778641 43.072179402 43.7301055126147
4474 -71.3843404004 41.8297809059 43.7526149139457
8090 -71.9377437208 42.0554733409 43.7926628032568
3783 -70.9508644136 41.8718568357 43.8029287029833
2575 -71.4486320407 41.8356201998 43.8938645234334
3031 -71.3967904145 41.8285898405 43.9193572639661
6600 -71.3713292154 41.8260808222 43.9278026755715
4570 -71.8418435939 41.9791005601 43.9558265777924
5937 -71.404252111 41.8288450466 43.9572090910734
2984 -71.4268972086 41.8293806621 44.1085406528134
4746 -71.4374679551 41.8300252608 44.1626474825341
7252 -70.9657777359 43.0548553817 44.2529214809254
4090 -71.3544452204 41.82008586 44.2535595949766
6411 -71.0753672746 41.8349037649 44.2693277598604
4569 -71.4137175682 41.8244054099 44.3353196916268
6323 -71.4629438934 41.830928007 44.364181106139
5839 -71.4498788954 41.8286657835 44.378073397504
6118 -71.2406248564 41.8150732334 44.4586878492918
2317 -71.4260814112 41.8238431734 44.4785794333291
3573 -71.3951409398 41.8183705889 44.6078443894444
2473 -71.4254352191 41.819627619 44.7602331182654
5559 -71.4451767424 41.8214638995 44.819249235466
2456 -71.4349209771 41.8193273285 44.866166136394
6950 -71.4852375321 41.826655779 44.9114111396216
7179 -71.3163156287 41.8072829568 45.0050116084038
3600 -70.6889883912 41.9728797608 45.0448997666572
1749 -71.8710354771 42.9402543871 45.0480336126009
5629 -70.7876186689 41.9153547417 45.0926489186977
2671 -71.4171399218 41.8136770694 45.096009010358
6284 -71.9395651548 42.8906402296 45.1147274266595
6661 -71.3792284171 41.8088267879 45.1596786425381
2895 -71.4259184309 41.8136646235 45.170985439349
4256 -71.4359117633 41.8128423482 45.316631701405
7114 -71.4614388271 41.8164463744 45.3269624159021
1665 -71.4040036187 41.8087188037 45.3326844718581
4661 -71.3508840446 41.8019918023 45.4846287798828
3808 -70.7143576836 41.9484161953 45.4867647523623
4590 -71.7337727532 41.8934758093 45.4950405277538
8540 -71.4474621145 41.811810559 45.4972043085755
7187 -71.5376196794 41.828341767 45.5144469841944
3761 -71.4159716103 41.8058107018 45.6238910748204
6693 -71.4345469581 41.8063674348 45.7448875784799
3744 -71.4584528406 41.8087054223 45.8194355093308
6714 -71.4246619346 41.8036268403 45.8448237247037
2486 -71.4798899506 41.8118182138 45.8460354920419
3040 -71.4100444526 41.7988361341 46.0543631693424
3390 -72.1043309155 42.1937482827 46.084454566598
3782 -70.6759247601 41.9596553171 46.1749232678476
4514 -72.0332273762 42.0921585685 46.2289861667258
5064 -71.3885798408 41.7927397817 46.3221593737647
7131 -70.8360157618 41.8722272668 46.3468788413929
6452 -71.4191625988 41.794524296 46.4207301667425
4888 -71.9160011549 41.9806755401 46.4683017659749
5052 -71.4445619673 41.7970192032 46.4740334286203
4731 -71.3545094491 41.7871684349 46.522124019892
5298 -70.7614399257 43.0143153732 46.585949835935
2994 -71.4316971726 41.7933709624 46.6049422313569
4249 -70.9889890454 41.8169607777 46.6834245112429
2293 -72.0284997976 42.0752157394 46.6840648365819
3364 -70.9144597134 43.0780500948 46.7175789920673
7618 -72.07873188 42.1320098591 46.7998062733538
4785 -71.120943458 43.1242507589 46.8123549582622
5823 -70.7122045559 41.9238988018 46.8828080284899
7344 -71.4620972589 41.7933714308 46.8962309331258
2871 -72.0391218775 42.0783378584 47.0117721402129
2916 -72.1983057546 42.4844609534 47.0619696913439
5490 -71.5036171597 41.7977830826 47.0783873021024
5303 -71.4122904059 41.7839995446 47.0865237332354
3989 -72.1855091114 42.3427883429 47.0938884580541
4280 -71.2568410235 43.138027459 47.1037292337873
4700 -71.3958560144 41.7811005985 47.1681843079865
3701 -72.1600625829 42.2541188122 47.2910386970778
2378 -71.3402717879 41.7738288034 47.3856667675577
4322 -71.3820843626 43.1380771243 47.399244820404
6024 -70.7802521442 43.0377352175 47.4169116930042
5772 -71.4449769298 41.7831852868 47.4187697148087
5457 -72.059697304 42.8294771885 47.4381892189511
2552 -70.8822815014 41.8363525709 47.473149024022
4302 -70.8421987466 43.0649853024 47.4793232679815
5057 -71.1348231844 41.7783475477 47.5213927202815
2707 -72.0447401401 42.0704180186 47.5588893671285
4138 -71.4289631899 41.7787567633 47.5782555541031
2758 -71.6055391323 43.1018500466 47.6137081449111
5591 -71.4863660276 41.7866402276 47.6181311614522
3218 -72.163410075 42.6792694324 47.7129094503145
3874 -71.5110556902 43.1255144988 47.7336943250209
2570 -70.9291406975 41.8167134066 47.7586383055143
5385 -71.1835184809 41.7695897654 47.8060724984727
3868 -71.3881897821 41.7705985721 47.8400320938488
4334 -72.033327442 42.0513038413 47.845636337347
5680 -70.6500158429 41.9433911561 47.9018028180797
2799 -71.442698278 41.7755248082 47.9190797542727
4255 -71.3468717658 41.7628377483 48.1683373663148
2973 -71.4183505597 41.7687339619 48.1772161205851
4716 -71.4623508681 41.7727350663 48.2977792845887
1169 -70.8029710166 43.0628774996 48.3110221332501
4681 -71.0510905557 41.7788426291 48.3328925698603
5617 -71.2446495759 41.7582488951 48.3788622428784
3703 -72.2145952926 42.5673831681 48.4268622389413
6367 -71.3656281074 41.7596969906 48.4661503810256
4768 -71.4383138965 41.7665379379 48.492075771122
2705 -70.9191096285 43.107577283 48.5112485495187
2344 -71.8643057202 41.9070514159 48.5346153571909
4531 -71.3023791696 41.7557970099 48.5384398418882
4096 -71.4797050486 41.770893698 48.6057253533031
4532 -71.579064616 41.7907895656 48.6402489206926
8785 -71.7217680225 43.0811667238 48.7191606774926
2525 -71.4127496564 41.7592694186 48.7826261088305
4932 -71.3938160188 41.757180912 48.7964359420807
3188 -71.3214581974 41.7499025921 48.9821883267086
5828 -71.1433314833 41.7558070092 49.0000830421107
3558 -72.2133925853 42.6167322787 49.0017268385266
2992 -71.450729598 41.7593027754 49.0972333873737
4950 -71.8452230493 43.0321552948 49.1500713787577
7240 -71.9056257811 41.9207214354 49.1566527861185
5179 -71.5038013163 41.7660703566 49.2098420168968
4654 -71.3442566288 41.7437039197 49.4787325965058
5797 -71.6385074794 41.7933086093 49.5353124252199
3645 -71.5675800718 43.1410095311 49.5499490644732
6101 -70.9820805303 43.1405450941 49.575763181003
2638 -70.7686284413 43.0694174687 49.5878778511873
5880 -70.7442302442 41.8579590862 49.6372109837381
3656 -71.4134589386 41.746729429 49.6465127728666
3693 -71.4717495208 41.7527560144 49.7484888147148
4144 -71.1317669498 41.7453055168 49.8047379021351
4323 -72.2414009737 42.5766127817 49.8752315673699
5159 -70.946667155 43.1363798341 49.8758640373948
4772 -71.3878936809 41.7395709571 49.9699905536642
5320 -71.4323610595 41.7437376712 49.9972463849258
