"pop" "long" "lat" "miles" "weight" "fact"
3860 -106.526667228 35.0042149264 1.05680578307163 0.89538463529827 3456.18469225132
4669 -106.525534086 35.0568854574 3.15207681988711 0.100648292982007 469.926879932989
5540 -106.479345627 35.0502129571 3.15491252872518 0.100467444235737 556.589641065984
5961 -106.509052718 35.0611078493 3.3412390753993 0.0895746039082496 533.954213897076
5858 -106.520055326 35.0730922663 4.19746215658175 0.0567579134409008 332.487856936797
4204 -106.50137131 35.0786544133 4.58702147844932 0.0475267867111135 199.802611333521
4445 -106.488492976 35.0769467306 4.61832056980492 0.0468847764601427 208.402831365334
7471 -106.560559513 35.0682002445 4.73890132680744 0.0445291769665219 332.677481116885
6152 -106.541730867 35.0767783417 4.74734610320824 0.0443708971707023 272.969759394161
3715 -106.518705918 35.0824670519 4.8347304764731 0.0427814463801965 158.93307330243
4311 -106.573031985 35.0632820333 4.94071665193412 0.0409656739432434 176.603020369322
5987 -106.581092785 35.0613042627 5.18434089329598 0.0372059928986818 222.752279484408
5150 -106.555540226 35.0796920576 5.26025465124159 0.0361398596721 186.120277311315
4692 -106.505922766 35.0901834737 5.35869932547288 0.0348242058027083 163.395173626307
3228 -106.524036467 35.0907273907 5.43603460368658 0.0338404067728483 109.236833062754
4361 -106.568929944 35.0801865877 5.68900629602513 0.0308977725036026 134.745185888211
4204 -106.488908858 35.0935847971 5.72716137169035 0.0304874541074507 128.169257067723
2866 -106.506616724 35.0976004861 5.86911370948623 0.0290305291921883 83.2014966648117
5064 -106.541432464 35.0949408911 5.93047330761849 0.0284329085973546 143.984249137004
2801 -106.523854602 35.0979947118 5.93340206329007 0.0284048462852308 79.5619744449316
5113 -106.595466601 35.0656962038 6.00891068710133 0.0276954548495506 141.606860645752
2645 -106.581814658 35.0800906537 6.13193810427419 0.0265952743726716 70.3445007157165
3846 -106.565873305 35.0918926511 6.28197658483636 0.0253400445111303 97.4578111898073
2908 -106.506414289 35.1051049737 6.38822566892484 0.0245041420250763 71.258045008922
3269 -106.52419878 35.1052745844 6.43579893163065 0.0241432129685101 78.9241631940595
3642 -106.560432553 35.0981362408 6.5239800870593 0.0234949619719179 85.5686515017249
3118 -106.60881907 35.065981425 6.63593826024844 0.022708859664487 70.8062244338705
2080 -106.489050715 35.1073295399 6.65617600851248 0.0225709794382963 46.9476372316564
4754 -106.595210207 35.0802283994 6.65778272855127 0.0225600866619777 107.250651991042
4936 -106.629733901 34.990933591 6.88126843156814 0.0211184967347076 104.240899882517
5770 -106.541997769 35.1090952642 6.88186829701183 0.0211148152622509 121.832484063188
3157 -106.506839377 35.1125290544 6.9004157380378 0.0210014599267155 66.3016089886407
3197 -106.524367496 35.1126062583 6.94091451179173 0.0207570967290081 66.360438242639
7164 -106.625605483 35.0525774319 7.03521811290927 0.0202043492548268 144.743958061579
3415 -106.590872869 35.0910490864 7.04180699138246 0.0201665573297442 68.8687932810764
4088 -106.559865354 35.10919837 7.21102219744859 0.0192311978157288 78.6171366706995
4932 -106.612724335 35.079287933 7.35782253708353 0.0184714667371816 91.1012739477795
2807 -106.506544856 35.1197953384 7.4033225226174 0.0182451173361431 51.2140443625538
3561 -106.524441114 35.1198811923 7.44187336205017 0.0180565780399257 64.2994744001754
4379 -106.591471118 35.0992888038 7.50889222055143 0.0177356969187695 77.6646168072917
2666 -106.542048537 35.1199174592 7.60914403260462 0.0172714337166165 46.0456422884996
3383 -106.577559652 35.109350277 7.65871852417824 0.0170485631671168 57.6752891943563
2715 -106.488514297 35.1224610359 7.69155964465375 0.0169032874009145 45.8924252934829
1836 -106.560043092 35.1197886663 7.89656639908242 0.0160370106249205 29.443951507354
2683 -106.50684534 35.127083262 7.90658624237736 0.0159963896767494 42.9183135027185
2577 -106.524584469 35.1270847092 7.9385774696317 0.0158677235486225 40.8911235848001
2326 -106.542155418 35.1270456683 8.09119960431508 0.0152747520741523 35.5290733244784
2931 -106.620707487 35.0896778093 8.164286004197 0.0150024980753325 43.9723218587996
4595 -106.64496282 35.0585055791 8.20460559449318 0.014855407940815 68.2605994880451
2529 -106.630731994 35.0801170191 8.21133513833314 0.0148310686214719 37.5077725437024
2736 -106.595348755 35.1104822771 8.26334203388768 0.0146449718541475 40.0686429929475
2991 -106.577566369 35.1203687611 8.33153597388825 0.0144062136844503 43.088985130191
2828 -106.559711764 35.1269368518 8.35538494406148 0.0143240910705822 40.5085295476063
5952 -106.616100854 35.0983958389 8.38218113273848 0.0142326548382683 84.7127615973729
5278 -106.512658571 35.1346080159 8.42349328611394 0.01409339200464 74.3849230004898
1055 -106.630448068 35.0879890997 8.51875582744786 0.0137799505619333 14.5378478428397
2456 -106.542416806 35.1340375923 8.56708197531233 0.0136249260859381 33.4628184670641
2646 -106.641666879 35.078300979 8.66233599282693 0.0133269248855741 35.2630432472291
1953 -106.577711494 35.1275188166 8.77937005035807 0.0129739819732475 25.3381867937523
3229 -106.595243392 35.1198882652 8.79977444191848 0.0129138851390928 41.6989351141308
4481 -106.52510594 35.1408105338 8.88675425953499 0.0126623308809804 56.7399046776734
3173 -106.653989537 35.0747761918 9.14789059053789 0.0119497295541438 37.9164918752982
2785 -106.505297325 35.1450221961 9.14976220463764 0.0119448413407945 33.2663831341128
2287 -106.637186218 35.0963200948 9.17515366377802 0.0118788201519065 27.1668616874101
5374 -106.541860363 35.1434124102 9.19665127784524 0.0118233504340693 63.5386852326887
4975 -106.563299104 35.1391515896 9.22049654901192 0.0117622764034878 58.5173251073519
3285 -106.595279194 35.1270676561 9.22251816240437 0.0117571202912672 38.6221401568128
1887 -106.650196015 35.0857335052 9.34441178497565 0.0114523882592612 21.6106566452258
4883 -106.5161896 35.1482334559 9.36978165656518 0.0113904546335657 55.6195899757013
6941 -106.578571532 35.1368452874 9.38595060547775 0.0113512443174755 78.7889868075971
2426 -106.419974236 35.1264990932 9.40907538053396 0.0112955167581482 27.4029236552675
3522 -106.67380365 35.0414414707 9.41678462696287 0.0112770297095887 39.7176986371714
5085 -106.671134344 35.0590591067 9.60230748955112 0.0108454801028481 55.1492663229826
4533 -106.619488498 35.1216775209 9.70670964946158 0.0106134339591189 48.110696136686
3585 -106.594173564 35.1374789588 9.81632918148176 0.0103777157914897 37.2041111124905
3598 -106.65181517 35.0968868838 9.85576942450206 0.0102948241044942 37.0407771279702
2378 -106.510936072 35.1557647718 9.88662861305598 0.0102306578195177 24.3285042948132
4236 -106.542154037 35.1539413059 9.91578936157955 0.0101705728472953 43.082546581143
3568 -106.68476808 35.0400057876 10.0058061148431 0.00998839787578119 35.6386036207873
3320 -106.564892 35.1510433111 10.0302951552322 0.00993968392046989 32.99975061596
3934 -106.643482882 35.1125901917 10.1807996803798 0.00964797602275607 37.9551376735224
3259 -106.668377925 35.0847966747 10.194625081295 0.00962182563679274 31.3575297503075
3653 -106.694671201 35.019718775 10.4009035225573 0.00924395588297298 33.7681708405003
4672 -106.578656517 35.1537664418 10.468070014993 0.00912571208133039 42.6353268439756
6272 -106.452482844 35.1581826832 10.5902581364667 0.00891634589259396 55.9233214383493
5562 -106.697469804 34.9953653223 10.6191488051329 0.00886789591136566 49.3232370590158
8842 -106.683334869 35.0747625687 10.6443872816308 0.00882589314678749 78.038547203895
1024 -106.669745836 35.0956139701 10.6448589750667 0.00882511098074191 9.03691364427971
1812 -106.510338941 35.1669287693 10.6589919345355 0.00880172373193151 15.9487234022599
4903 -106.533470656 35.1669510579 10.7341986904413 0.0086788211831041 42.5522602607594
4056 -106.700885707 35.0385969915 10.8876135755964 0.0084359617734679 34.2162609531858
3176 -106.695124468 35.0589050727 10.8898304542125 0.00843252745008197 26.7817071814603
5067 -106.551138225 35.1668747643 10.8914452764567 0.00843002713481805 42.714947492123
847 -106.565952773 34.8616670155 10.9071656937276 0.00840574437515695 7.11966548575794
2361 -106.675666797 35.1005163498 11.1101777679384 0.00810136098582938 19.1273132875432
5402 -106.650881697 35.126877594 11.1669473921522 0.00801920027118783 43.3197198649566
5717 -106.572606298 35.1668700123 11.2061124997804 0.00796324438050585 45.5258681233519
4890 -106.665784285 35.1156932468 11.2762241129004 0.00786452690252745 38.4575365533592
2909 -106.64406111 35.1349390784 11.3070195316048 0.00782174611736663 22.7534594554195
4407 -106.704017155 34.9678586267 11.3574637425236 0.00775241979662101 34.1649140437088
6323 -106.613537401 35.1541699195 11.3616213145707 0.00774674712971153 48.982682101166
2239 -106.712281322 35.0490681847 11.6581572778347 0.00735766787676894 16.4738183760857
3593 -106.5154404 35.1838682066 11.832971447521 0.00714187700809062 25.6607640900696
3480 -106.312576896 35.0662383973 11.8439821692698 0.00712860433223694 24.8075430761846
4497 -106.311543828 34.9614972971 11.8631138217578 0.00710563026131514 31.9540192851342
5272 -106.69622292 35.0950580502 11.9176869238685 0.00704070349461684 37.11858882362
8270 -106.704458182 35.0816167856 11.9299989796235 0.00702617863115043 58.1064972796141
4144 -106.682792749 35.116401345 12.0676641114233 0.00686678694442242 28.4559650976865
5616 -106.628880357 35.1588569412 12.0970133656885 0.00683350755684812 38.376978439259
7279 -106.720680366 35.0480588035 12.10903687834 0.00681994380703748 49.6423709714258
1970 -106.594412728 35.1742659702 12.1174263399565 0.00681050354329631 13.4166919802937
7228 -106.546627407 35.1864324496 12.1735701830633 0.00674782905966703 48.7733084432733
7313 -106.717951343 35.0677803897 12.3069351740173 0.00660237479306156 48.2831668616592
5350 -106.727501955 35.0317284798 12.3185369705813 0.0065899442036023 35.2562014892723
2918 -106.672261183 35.1350905027 12.4329123077998 0.00646925483439381 18.8772856067611
6335 -106.570586488 35.1869108761 12.5002651960803 0.00639972844785552 40.5422797171647
7218 -106.730930658 35.0498017851 12.7018926180121 0.00619816489882511 44.7383542397196
5236 -106.650787721 35.1594508438 12.8536705536561 0.00605265153016835 31.6916834119615
2489 -106.707756227 34.9155000452 13.0154191956582 0.00590314810550613 14.6929356346048
2859 -106.512229799 35.2017965066 13.0708914703025 0.00585314903868846 16.7341531016103
3606 -106.693806023 35.1290232655 13.0913523163524 0.00583486723096582 21.0405312348627
7156 -106.725235016 35.0872780421 13.1652404192987 0.00576955623995272 41.2869444531017
6745 -106.736058363 35.0655308614 13.2425864419185 0.00570235652547215 38.4623947643097
4261 -106.705791334 35.1197477843 13.2657627334756 0.00568244903372143 24.212915332687
6522 -106.717379255 35.1052369189 13.3059278282987 0.00564819488294139 36.8375270265437
5593 -106.745863507 35.0339580616 13.3690623879996 0.00559497435260408 31.2926915541146
6894 -106.748517387 35.0487176387 13.6653843119214 0.00535496085233444 36.9171001159936
5247 -106.753585039 34.989796004 13.8223382228628 0.00523403917322557 27.4630035419146
5473 -106.308530659 35.1244915701 13.8348111103964 0.00522460584551923 28.5942677925267
5049 -106.671802563 35.1642060925 13.8634289995554 0.00520305809295219 26.2702403113156
6186 -106.623756271 35.1924083541 13.9575650357534 0.00513311128417842 31.7534264039277
5045 -106.701053511 35.142491329 13.9948483220637 0.0051057977572016 25.758749685082
3070 -106.737678708 35.0944026112 14.0071503122788 0.0050968332083691 15.6472779496931
6284 -106.721972274 35.1225295827 14.1377852826579 0.00500307757566572 31.4393394854834
7147 -106.757048656 35.0689431093 14.450516412911 0.00478887239374998 34.2260709981311
1888 -106.708813926 35.1496134222 14.6477596419675 0.00466076912298964 8.79953210420444
7278 -106.685015486 35.171131611 14.7172809835297 0.00461684013713702 33.6013625180832
3716 -106.704302744 35.1565820969 14.7734376367452 0.00458180786684301 17.0259980331886
2456 -106.718159269 35.1467450977 14.9317687707364 0.00448515532979627 11.0155414899796
4708 -106.570161696 34.8023605504 14.9378846308212 0.00448148346221577 21.0988241401118
1082 -106.772748522 35.0430043801 14.9574100114546 0.00446979085535299 4.83631370549193
3585 -106.666566323 35.1909164787 15.1319699981203 0.00436726009009208 15.6566274229801
3756 -106.676050368 35.185567556 15.1567099906193 0.00435301454454867 16.3499226293248
3189 -106.706626164 35.1643187932 15.2336203167675 0.00430917117363762 13.7419468727304
2018 -106.651607173 35.2022392163 15.3203582097619 0.00426051560599122 8.59772049289028
3903 -106.703784849 34.8512404152 15.6252409583928 0.00409587367132837 15.9861949391946
5075 -106.769330258 35.096179661 15.7088252468346 0.00405240258003645 20.565943093685
7552 -106.667650454 35.2068566332 16.0755722666327 0.00386960927890329 29.2232892742777
4331 -106.614323707 35.232092358 16.2485799818341 0.00378764419172749 16.4042869943718
2458 -106.70423217 35.187625633 16.2922216110284 0.00376737960463075 9.26021906818237
3180 -106.313753313 35.1855264512 16.3599708658873 0.00373624156971272 11.8812481916864
3521 -106.690377661 35.1991379338 16.395193461042 0.00372020531335086 13.0988429083084
6630 -106.685772029 34.8179980484 16.7219306741481 0.00357624416977172 23.7104988455865
6396 -106.687953457 35.2109165187 16.9614020362815 0.00347597387176332 22.2323288837982
7334 -106.570783459 34.7690758416 17.1967203861079 0.00338149492817547 24.7998838032389
3998 -106.627238437 35.2434384927 17.2478324836489 0.00336148322996903 13.4392099534162
4970 -106.716527466 35.1995520407 17.3703288839609 0.00331423971620947 16.4717713895611
3912 -106.668092684 35.2304060228 17.4706338262842 0.00327629257406394 12.8168565497381
6048 -106.647933967 35.2402500671 17.5281656910389 0.00325482063151174 19.685155179383
9190 -106.737654087 35.1980079106 18.1159240619043 0.00304704604401321 28.0023531444814
7037 -106.729491843 35.2119419075 18.497557347945 0.00292261248444577 20.5664240530449
5087 -106.726724857 34.8118704633 18.5099961622703 0.00291868578249112 14.8473545755323
4698 -106.663294698 35.2529107879 18.7013170101603 0.00285927295083481 13.432864323022
3581 -106.674446633 35.2484359992 18.7298807836135 0.00285055860293269 10.207850357102
7510 -106.711886905 35.2304004424 18.8499812754541 0.00281435030624907 21.1357707999305
4575 -106.173556343 35.0621517674 19.4290934470687 0.00264907909728615 12.1195368700841
5997 -106.689612065 35.2564842524 19.6425608644794 0.0025918137226158 15.543106894527
8319 -106.645520368 35.275495332 19.6917941287923 0.00257886986055171 21.4536183699297
5173 -106.705117196 35.2527212444 19.8896200323244 0.0025278251297177 13.0764393960297
4249 -106.557348671 35.2998516859 20.0238725820641 0.00249404252313135 10.5971866807851
4814 -106.752902249 34.8004142369 20.0949499943899 0.00247643047834113 11.9215363227342
4078 -106.156726426 34.9989303408 20.1113122862901 0.00247240253680389 10.0824575450862
6522 -106.587850088 35.2971226266 20.1360850066379 0.00246632285836667 16.0853576822674
4243 -106.191281854 35.1521760412 20.5181125950048 0.00237533672038046 10.0785537045743
5357 -106.73223115 35.2485214993 20.5436678056598 0.00236943081538864 12.6930408780369
3425 -106.54274051 35.3182987878 21.2044340294203 0.00222406066779818 7.61740778720877
2771 -106.603653273 34.7122646851 21.4427477103165 0.00217489917411883 6.02664561148328
6812 -106.388798069 35.3076348075 21.5360955280597 0.00215608591303782 14.6872572396136
6557 -106.718608532 34.746049742 21.8862847903111 0.00208764143402574 13.6886648829068
4803 -106.64776176 35.3171217905 22.4187573071661 0.00198965111148769 9.55629428847535
4331 -106.706722056 35.2948291628 22.420568109832 0.00198932973514913 8.6157870829309
4908 -106.758894132 35.2741741452 22.868613850697 0.00191214277787937 9.38479675383194
2973 -106.80886242 34.7823391162 23.2224563313196 0.00185431576341455 5.51288076463146
6841 -106.761203779 34.7430044358 23.4426460038779 0.00181964530377057 12.4481935230945
8996 -106.613421309 35.3476659073 23.8702602248804 0.00175503464048384 15.7882916257926
3298 -106.877941713 34.8311546883 24.2990963076632 0.00169363474761533 5.58560739763536
9385 -106.952153423 35.0961143146 25.6211986922609 0.00152335496065893 14.2966863057841
5055 -106.781152674 34.6790491902 27.7102198144487 0.00130232704117543 6.58326319314181
9954 -106.776007309 35.3623332854 28.4333068424468 0.00123693038023697 12.3124050048788
4670 -106.761526147 34.6552305435 28.5274275179663 0.00122878182431363 5.73841111954467
4723 -106.718902426 34.6361420918 28.6006786782904 0.00122249564974935 5.77384695376618
3578 -106.438100577 35.4292690575 29.1010625776515 0.00118081620978486 4.22496039861024
1595 -106.582358196 34.5735575205 30.6537528638371 0.00106422313696988 1.69743590346697
2686 -106.77283771 34.58689103 32.9982492863208 0.000918371085678114 2.46674473613141
6854 -105.993740033 34.7913108614 33.1185167915057 0.000911713199756711 6.24888227113249
1291 -105.94649713 35.1582663838 33.5139055485042 0.000890327765306686 1.14941314501093
3157 -105.892700722 35.018393039 35.0457127076582 0.00081419832970906 2.5704241268915
2077 -107.030978025 34.7276418504 35.4844592784031 0.000794188541056283 1.6495295997739
3566 -106.385641268 35.5347135067 36.7903083320936 0.000738810645994273 2.63459876361558
2349 -106.121838156 35.5022809745 40.3745744963764 0.000613456938975483 1.44101034965341
1765 -105.944078415 35.3743762027 40.6626632236347 0.000604795234982032 1.06746358974329
1963 -106.476244844 35.6241862884 42.33507168186 0.000557955292033383 1.09526623826153
2368 -106.002064367 35.4761652054 43.0663740923651 0.000539167099070184 1.2767476905982
1815 -106.742340678 35.6077370309 43.1686599778613 0.000536615069536208 0.973956351208217
929 -106.063414797 35.5662357218 45.8780534245764 0.000475105474192812 0.441372985525123
4093 -107.328735666 35.002716014 46.3211396792472 0.000466059674638722 1.90758224829629
3130 -105.955647393 35.5316146519 47.6691879060976 0.000440072766350613 1.37742775867742
902 -106.054969792 35.6053462119 48.4072419880122 0.000426755690974448 0.384933633258952
2781 -106.168564113 35.6610269561 48.829865563485 0.000419400498945843 1.16635278756839
4629 -105.992961279 35.5876650544 49.3685547397816 0.000410297785594951 1.89926844951903
6888 -106.049141467 35.621484853 49.5271325129824 0.0004076745791391 2.80806250111012
1661 -106.05825408 35.6305549847 49.7947819394687 0.000403303815101879 0.669887636884221
