"pop" "long" "lat" "miles" "weight" "fact"
1343 -76.3616545725 37.0900270607 0.470506273020982 4.51719838232258 6066.59742745922
1852 -76.3918808705 37.0769838135 1.85783126612808 0.28972599630738 536.572545161267
6355 -76.372168432 37.0570921346 1.96193756523036 0.259794309787022 1650.99283869652
3634 -76.3542926966 37.0533300023 2.10514164111022 0.225651048618568 820.015910679877
7108 -76.3212848071 37.0768253275 2.14413136844524 0.217519010461035 1546.12512635703
3176 -76.3304019459 37.0623430864 2.16188295281656 0.213961505980211 679.541742993149
3730 -76.3417052259 37.0532761109 2.30393109178204 0.188391380563432 702.699849501602
6673 -76.3906551707 37.0494563137 2.92537205459473 0.116852439444902 779.756328415829
3091 -76.3548188461 37.0379251436 3.16243953395769 0.099989762988686 309.068357398029
5317 -76.3311993822 37.0428001441 3.21278765643122 0.0968804070514885 515.113124292764
7638 -76.417167363 37.0774808319 3.22470157234553 0.0961658647538358 734.514874989798
5233 -76.3845778552 37.1256430075 3.23290362816082 0.0956785274745901 500.68573427453
3163 -76.3373367923 37.1273927663 3.26702295416509 0.0936905154551258 296.343100384563
6536 -76.3111067022 37.0509542901 3.48198506111269 0.0824795329365366 539.086227273203
5831 -76.4201001195 37.0972625663 3.49121037991385 0.0820442141866409 478.399812922303
3214 -76.3797193433 37.0342936987 3.58735066479674 0.0777056034788687 249.745809581084
6582 -76.4138833196 37.1123091503 3.6143957187845 0.0765470752636188 503.832849385139
4421 -76.4133915983 37.0508734282 3.74629796014312 0.0712517225859353 315.00386555242
5910 -76.2912293183 37.0819629821 3.75375190156591 0.0709690300354635 419.42696750959
2729 -76.3481322987 37.028439301 3.85814193935858 0.0671805566121219 183.335738994481
6109 -76.301717432 37.0437218559 4.20118283800382 0.0566574252642596 346.120210939362
3374 -76.4191751406 37.0456283162 4.22089503692235 0.0561294640056746 189.380811555146
2092 -76.3192751344 37.0293165301 4.34915289483495 0.0528677282301987 110.599287457576
2784 -76.3331119 37.022344793 4.46966446873164 0.0500553099586185 139.353982924794
4880 -76.3645141524 37.0165488826 4.64094227631508 0.0464288221844797 226.572652260261
5339 -76.4395500345 37.0579752804 4.77225683847414 0.0439088822799031 234.429522492402
6628 -76.411709412 37.028127368 4.80312610394869 0.0433462989604294 287.299269509726
2839 -76.3073562491 37.0277367058 4.80431860050656 0.043324783361033 122.999059961973
2712 -76.3555709515 37.0135760108 4.84158989253892 0.0426603093704202 115.69475901258
3754 -76.3962823445 37.1470703746 4.84880816992536 0.0425333896286766 159.670344666052
2207 -76.3219394073 37.0189323004 4.91832165197374 0.0413395880658957 91.2364708614318
4310 -76.425667269 37.0350451746 4.96892312606138 0.0405019044066469 174.563207992648
4358 -76.4489969837 37.0901388306 4.97496250718218 0.0404036291067382 176.079015647165
6652 -76.4456374291 37.106278578 5.02133234685731 0.0396608544216778 263.824003613001
5805 -76.3965694147 37.0165519954 5.06970366108905 0.0389076366462622 225.858830731552
4628 -76.4321069577 37.1299002657 5.14438447889586 0.0377861950025325 174.87451047172
4060 -76.3638590565 37.0063810231 5.34122231991655 0.0350524751158857 142.313048970496
3178 -76.3852419625 37.0088978023 5.35717209085825 0.0348440641580638 110.734435894327
6211 -76.4547540264 37.0634651187 5.45160866348077 0.0336473335930184 208.983588946237
4479 -76.4407848619 37.0346727513 5.62864210698616 0.0315640504969596 141.375382175882
696 -76.3056928191 37.0112100258 5.80906268997043 0.0296338360222584 20.6251498714919
3217 -76.3888446636 37.000792519 5.95081201942629 0.0282388844900461 90.8444914044783
4312 -76.4267321521 37.0158418521 5.98322576015279 0.0279337485811236 120.450323881805
4452 -76.4668509675 37.0700750133 6.01199384200469 0.0276670557911432 123.17373238217
3027 -76.4661117141 37.1021638042 6.03725563023306 0.0274360047649041 83.0487864233647
6276 -76.4552080037 37.0383454865 6.15072801636285 0.0264330303058688 165.893698199633
3302 -76.4745938403 37.0916386312 6.39096872393176 0.0244831117908483 80.843235133381
5348 -76.4283866434 37.1606986493 6.56223490998019 0.0232218306869945 124.190350514047
2138 -76.4257236924 37.0040552424 6.60956680098342 0.0228904329780198 48.9397457070063
2286 -76.4188390824 36.9981800873 6.75816252890262 0.0218948884018665 50.0517148866668
2170 -76.4378580827 37.0078123034 6.80182977915134 0.0216146636419539 46.9038201030399
5843 -76.474303374 37.044582685 6.89921465211044 0.0210087728615693 122.754259830149
4169 -76.4845038264 37.0825820576 6.91371764345394 0.0209207245811523 87.2185007788239
3214 -76.4719770204 37.1285684094 6.95754212579489 0.0206580018000431 66.3948177853387
2560 -76.4127304552 36.9923963271 6.96058131669958 0.0206399659775294 52.8383129024752
2071 -76.4087364193 36.9880942533 7.14389680594172 0.019594295574465 40.579786134717
4754 -76.4902946376 37.0760749024 7.25153989187863 0.0190168910828426 90.4063002078335
6217 -76.4012776903 36.9841811285 7.2525487037671 0.0190116010441725 118.19512369162
2739 -76.4443434344 37.0010616837 7.39001117040451 0.0183109050355749 50.1535688924397
1742 -76.489198013 37.1096983468 7.3964961868525 0.0182788102542845 31.8416874629635
5262 -76.4867929175 37.1185678506 7.44421033358115 0.0180452427650363 94.954067429621
3764 -76.4207721337 36.9841574058 7.66683606799092 0.0170124806962825 64.0349773408073
4224 -76.499788034 37.0702279322 7.81169173602 0.0163873906310161 69.2203380254118
3436 -76.4995224835 37.1056886472 7.89162578583399 0.0160570970992215 55.172185632925
5775 -76.4560455072 37.16756099 7.89437288619538 0.0160459238792443 92.665210402636
3960 -76.5049455673 37.0576962907 8.2385892803753 0.0147331053767473 58.3430972919193
4016 -76.5082340305 37.0955722817 8.2644874946428 0.0146409125393981 58.7979047582227
3527 -76.4244930502 37.1918432225 8.31345241711416 0.0144689551085523 51.0320046678641
4468 -76.4222975095 36.9734534345 8.37179590490336 0.014267988007821 63.7493704189441
3734 -76.5135545518 37.0784581047 8.52394336301998 0.0137631831507308 51.3917258848288
2756 -76.5059633672 37.1329880819 8.78882013582037 0.0129460967004691 35.6794425064929
3890 -76.5176540152 37.1159210568 9.02384667856563 0.0122805151304608 47.7712038574924
3241 -76.2807474229 36.9655367612 9.23990969146912 0.0117129030048588 37.9615186387474
6155 -76.5261843366 37.0986773225 9.27210553488846 0.0116317020156279 71.5931259061899
4893 -76.4931167935 37.1701672266 9.51129094250614 0.0110540408920564 54.0874220848317
3941 -76.5281986525 37.127559682 9.80732221435389 0.0103967861686646 40.9737342907071
2731 -76.5364114184 37.1086803663 9.93006501161265 0.0101413510499802 27.696029717496
3300 -76.4573705996 37.2045829153 9.97150234324063 0.0100572398774966 33.1888915957387
5536 -76.521251871 37.1475219972 9.97430638152479 0.0100515859662234 55.6455799090127
4783 -76.5140461683 37.1599230236 10.0429563040697 0.0099146378114212 47.4217126520276
3598 -76.5381452711 37.118965528 10.1713554647501 0.00966590084469277 34.7779112392046
2850 -76.5485467898 37.1017328898 10.522040240946 0.00903233596608748 25.7421575033493
3752 -76.5378136721 37.139283156 10.5801337556024 0.00893341858293234 33.5181865231621
3181 -76.2632095734 36.9474334052 10.803813213116 0.00856733730481358 27.252699966612
3874 -76.5320739891 37.1573936383 10.8173720063437 0.00854587368977744 33.1067146741978
3541 -76.3089603974 36.9322781935 10.823216511018 0.0085366466890571 30.2282659259512
2985 -76.2530532093 36.9512832427 10.8647470732365 0.00847150865423582 25.2874533328939
2593 -76.3123392118 36.9296419521 10.9539591312673 0.00833408196659024 21.6102745393685
2075 -76.2688082926 36.938577355 11.2003939694793 0.00797137796571355 16.5406092788556
5472 -76.2994897184 36.9249388029 11.4543196499274 0.00762186764371682 41.7068597464184
4327 -76.2534775926 36.9404063096 11.493594739218 0.00756986684133076 32.7548138224382
5680 -76.5370982914 37.171132416 11.5315474253988 0.0075201208716386 42.7142865509073
7130 -76.5564717216 37.1441306306 11.6606206346247 0.00735455952649427 52.4380094239041
6312 -76.5641717014 37.1290617811 11.7372445534326 0.00725884784319839 45.8178475862683
2742 -76.2376376605 36.9439616743 11.7591877274188 0.00723178244531416 19.8295474650514
2864 -76.2536880646 36.9331793895 11.9212911751719 0.00703644680324864 20.1523836445041
4037 -76.553336772 37.1608380608 11.9682996061012 0.00698128061595296 28.1834298466021
3869 -76.2390813586 36.9374458576 12.0881015940434 0.00684358707292755 26.4778383851567
1678 -76.2925938808 36.9160512182 12.1542947706335 0.00676924870217476 11.3587993222493
2378 -76.2803912792 36.9177999192 12.261973647509 0.00665088200725507 15.8157974132526
2855 -76.2614277103 36.9235508321 12.3131852830436 0.00659567383173462 18.8306487896023
3490 -76.3049562511 36.9107414622 12.3211245802434 0.00658717653209939 22.9892460970269
1995 -76.2836636327 36.9131666961 12.5006105152033 0.00639937487822972 12.7667528820683
3996 -76.2372320863 36.9287153707 12.6515509552647 0.0062475891500894 24.9653662437572
2356 -76.2232108665 36.9361090992 12.6650658025151 0.00623426270329427 14.6879229289613
3144 -76.5645213715 37.1657198632 12.6707760897594 0.00622864482972212 19.5828593446463
2960 -76.5235090626 37.2164074819 12.9057663940819 0.0060038854906745 17.7715010523965
5720 -76.5872207999 37.1299821822 12.9821496657708 0.00593344302882729 33.9392941248921
3397 -76.2437572415 36.9195695316 13.0110316628714 0.00590713005306026 20.0665207902457
2246 -76.2823674208 36.9053635777 13.0338651646 0.00588645125720682 13.2209695236865
2470 -76.2673369718 36.908023618 13.157561487246 0.00577629258826489 14.2674426930143
3461 -76.3146236047 36.8958158887 13.2150391278176 0.00572615491601656 19.8182221643333
723 -76.2299408097 36.9227126146 13.2182038496345 0.00572341331538225 4.13802782702136
4663 -76.2554027681 36.9109808032 13.2410251774499 0.00570370134755139 26.5963593836321
2028 -76.2985562141 36.8979239229 13.2678247666147 0.00568068288321987 11.5204248871699
6690 -76.5335474199 36.9492799256 13.3758861578084 0.0055892672049701 37.39219760125
2692 -76.2078329423 36.9321063837 13.4020696029944 0.00556744918455385 14.987573204819
2441 -76.220902203 36.9233356171 13.4590098221629 0.00552044109113857 13.4753967034692
5814 -76.3599102722 36.8880279798 13.5220160596373 0.00546911562653226 31.7974382526586
3339 -76.5650439135 37.1919419011 13.604339433837 0.00540312582863196 18.0410371418021
1905 -76.2802182708 36.8970614234 13.6157867266992 0.00539404443440954 10.2756546475502
4253 -76.3995783867 36.8859413151 13.8470153242222 0.00521540038042039 22.1810978179279
4591 -76.2386239283 36.9078113857 13.8600330452348 0.00520560808864205 23.8989467349556
2400 -76.2100139433 36.9218678416 13.8910144023154 0.00518241367688755 12.4377928245301
1320 -76.2613173366 36.8970592489 13.9857497636177 0.00511244316571907 6.74842497874917
3835 -76.2972980859 36.88593323 14.0887002269246 0.00503799976605581 19.320729102824
4177 -76.2259564501 36.9098234336 14.0908163369973 0.00503648670090999 21.037404949701
6649 -76.386166882 36.8800984066 14.1490225852126 0.00499513373779405 33.2126442225927
2602 -76.2498260891 36.8982168329 14.1708752915121 0.00497973976623263 12.9572828717373
4748 -76.3076497257 36.8824709356 14.1953653362993 0.00496257235298301 23.5622935319633
7351 -76.4195859644 36.8834122305 14.2374462016423 0.00493328048096022 36.2645448155386
3857 -76.4315906983 37.2816985485 14.2778638005167 0.00490538987531785 18.9200887491009
4151 -76.2852286377 36.8853614382 14.3032503116287 0.0048879924001294 20.2900564529371
1414 -76.268140798 36.8894713705 14.3346269367843 0.0048666174659995 6.88139709692329
1892 -76.1961536234 36.921856631 14.3591911664098 0.00484998108932002 9.17616422099348
2579 -76.1877115507 36.9271975615 14.3761616063864 0.00483853745983301 12.4785881089093
4454 -76.5913765805 36.9863555166 14.4739230333922 0.00477339619096676 21.260706634566
0 -76.3224312991 36.8754844311 14.5325648476907 0.00473495069314583 0
2672 -76.2043886403 36.91268457 14.5875797096436 0.00469930373052717 12.5565395679686
2160 -76.4946903222 36.9015570755 14.6433366593134 0.00466358509516104 10.0733438055478
4678 -76.2340518477 36.8966023609 14.6623781554588 0.00465148010442252 21.7596239284886
2900 -76.2950014637 36.8762310021 14.7706695130695 0.00458352535151944 13.2922235194064
4182 -76.4570957267 36.8822170383 14.9372950528141 0.00448183723928489 18.7430433346894
3578 -76.243177597 36.8871147447 15.0223616986156 0.00443122264102601 15.8549146095911
3116 -76.2570020183 36.8819964945 15.0401409364029 0.00442075236744788 13.7750643769676
4844 -76.4033217346 36.8684719249 15.0730164095694 0.00440148935745674 21.3208144475204
3973 -76.2810900152 36.8747141075 15.0744877636934 0.00440063017954434 17.4837037033296
1934 -76.2684254236 36.8776592429 15.0973179869537 0.00438733094242194 8.48509804264403
3030 -76.2166963281 36.8970009783 15.1147589848307 0.00437721165680871 13.2629513201304
2763 -76.583503774 36.9569946411 15.166399575275 0.00434745417024967 12.0120158723998
22065 -76.3077455957 36.8677187132 15.1954901114674 0.00433082440524905 95.5596405018203
2166 -76.2966607438 36.8689005615 15.2423532248995 0.00430423482094165 9.32297262215961
5546 -76.5073467664 37.273382815 15.4646636115091 0.00418137429153734 23.1899018208661
3907 -76.2276757624 36.8861577977 15.4658743666668 0.00418071963442524 16.3340716116994
1357 -76.2874530972 36.865717732 15.5785924183456 0.00412043976647599 5.59143676310792
2642 -76.2610737108 36.8720154538 15.6026647371434 0.00410773526687943 10.8526365750954
1 -76.200117304 36.8948652101 15.7339739547079 0.00403945845773337 0.00403945845773337
3976 -76.1633900715 36.9162888705 15.8379757092996 0.0039865815719699 15.8506483301523
3097 -76.3023826603 36.8588248374 15.8563278268024 0.00397735877142485 12.3178801151028
7740 -76.2427283957 36.8739779834 15.8591665662919 0.0039759350301629 30.7737371334608
1037 -76.2917984305 36.8598471676 15.9137327721517 0.00394871580481919 4.0948182895975
2355 -76.3276272494 36.8547782572 15.9180310928354 0.00394658356181209 9.29420428806747
2068 -76.266932406 36.8651152962 15.9446478335777 0.00393341832724701 8.13430910074681
3419 -76.2765952478 36.8615803109 16.0162014657225 0.0038983511275868 13.3284625052193
6590 -76.4190985871 36.8565407032 16.044966809233 0.00388438576500015 25.598102191351
4179 -76.3807677259 36.8515610706 16.0886198136354 0.00386333547334526 16.1448789431099
2651 -76.2534562655 36.8666694765 16.098004537795 0.00385883233515689 10.2297645205009
1623 -76.2224482613 36.8780133689 16.099099176471 0.00385830759977039 6.26203323442735
4014 -76.6083058195 37.2058858871 16.1334199539539 0.00384190943153524 15.4214244581825
2029 -76.2829697543 36.8569108672 16.2310801108702 0.00379581604677335 7.70171075890312
2288 -76.3462045078 36.8462723607 16.4261075243598 0.00370621557893318 8.47982124459912
3810 -76.1724999489 36.8970596134 16.5158524322837 0.00366604686374727 13.9676385508771
3930 -76.2910700825 36.8498961029 16.5928744447938 0.0036320912095779 14.2741184536411
3305 -76.2169497491 36.8721696135 16.5989858529717 0.00362941717806285 11.9952237734977
1744 -76.277045077 36.852662135 16.601682679253 0.00362823812738077 6.32764729415206
3499 -76.2650946819 36.8552946989 16.6213110021549 0.00361967391972795 12.6652390451281
8183 -76.4033714211 36.8445055638 16.7116456522277 0.00358064745463452 29.3004381212743
2070 -76.3095623292 36.8450424075 16.7222251367874 0.00357611822229564 7.40256472015197
1460 -76.2539922593 36.8559226498 16.782690259914 0.00355039637378245 5.18357870572238
1692 -76.3238357521 36.8423370541 16.7968283517519 0.00354442206676129 5.99716213696011
1490 -76.355473031 36.8406870245 16.7979740569151 0.00354393858891291 5.28046849748023
5 -76.2375575246 36.8600968626 16.8534277383647 0.00352065535804711 0.0176032767902355
5283 -76.1865317342 36.8819990078 16.8924121167932 0.00350442414297358 18.5138727473294
1924 -76.336374865 36.8383971951 17.0020607669841 0.00345936886125363 6.65582568905198
1402 -76.2798371182 36.8445678435 17.1007359197131 0.00341956134562763 4.79422500656993
4036 -76.6255359094 36.9551098495 17.1820537829775 0.00338727028098179 13.6710228540425
2768 -76.2670955183 36.8460076619 17.1996566198019 0.00338034048514645 9.35678246288538
4795 -76.4498154417 36.8454786645 17.2097065928163 0.00337639359493764 16.189807287726
1555 -76.2173461272 36.8617099899 17.2298782295137 0.00336849249242745 5.23800582572468
3284 -76.471998818 36.8510203631 17.247485182724 0.00336161860715321 11.0395555058911
1374 -76.2505497425 36.8496146666 17.2580350948546 0.0033575099191317 4.61321862888696
4334 -76.1363009623 36.9082129167 17.2833346614768 0.00334768758139176 14.5088779777519
3266 -76.3012043686 36.8378512685 17.292811299014 0.00334401945265493 10.921567532371
1693 -76.3196867708 36.8333869873 17.4391368758768 0.00328813793252093 5.56681751975793
1326 -76.3348518207 36.8295527934 17.6184685392518 0.00322154119686454 4.27176362704239
6718 -76.1667204135 36.8798171048 17.6544024723275 0.00320844023422666 21.5543014935347
1765 -76.1936287951 36.8648611172 17.6775627884123 0.00320003864481093 5.64806820809129
2193 -76.2523516093 36.8423751281 17.6949704171544 0.00319374559281695 7.00388408504757
5997 -76.1498849817 36.8898831384 17.6968984290949 0.00319304973707256 19.1487192732241
1803 -76.3432704128 36.8277222393 17.7154747508754 0.0031863568291485 5.74500136295474
2165 -76.5973970501 37.2558397731 17.7329269418751 0.00318008809033448 6.88489071557415
5392 -76.3770782425 36.8274911091 17.7369780103181 0.00317863561254358 17.139203222835
3277 -76.234934071 36.8469135574 17.749215568536 0.00317425397342852 10.4020302709253
4141 -76.3559018562 36.8261116352 17.8058698339811 0.0031540865868747 13.0610725562481
3271 -76.2835935101 36.8331306414 17.8167756177719 0.00315022648788278 10.3043908418646
3873 -76.3208482191 36.8253877815 17.9805668236173 0.00309309488766843 11.9795564999398
4007 -76.677555312 37.0283518122 17.9824263210539 0.00309245522931133 12.3914681038505
1344 -76.4677276764 37.3303808212 18.0931036100808 0.00305473724176992 4.10556685293878
1366 -76.301031093 36.8259469716 18.1043753686096 0.00305093467569195 4.1675767669952
3384 -76.1987781128 36.8543117957 18.1655149670729 0.00303043220000576 10.2549825648195
5788 -76.1137423481 36.9077211367 18.215181037537 0.00301392899130863 17.4446210016943
3559 -76.2176460347 36.8456240913 18.2209688024081 0.00301201458795722 10.7197599185398
7173 -76.4242568965 36.8248816862 18.247605265026 0.00300322758753474 21.5421514853867
2078 -76.3093891687 36.8227087159 18.2494321543132 0.0030026263316009 6.23945751706667
4522 -76.2596498806 36.8319205302 18.2527107215018 0.00300154775996309 13.5729989705531
4718 -76.5100393635 36.8486568373 18.2590097771579 0.00299947714875924 14.1515331878461
6995 -76.1693848161 36.8673489769 18.2656314028361 0.00299730281222433 20.9661331715092
3070 -76.336417744 36.8173757579 18.4523323029407 0.00293695617325063 9.01645545187943
1688 -76.3179152934 36.8177069806 18.5275649302095 0.00291315311790825 4.91740246302913
1260 -76.4808771868 36.8337533063 18.5388035837775 0.00290962214626976 3.6661239042999
5145 -76.1206024231 36.8916748711 18.7061179719707 0.00285780546317126 14.7034091080161
4616 -76.3730701801 36.8119722408 18.7985818720835 0.00282976143544532 13.0621787860156
1695 -76.276929176 36.8196275955 18.8117929825431 0.0028257882720315 4.78971112109339
1530 -76.2316793418 36.8309184995 18.8411449526295 0.0028169907338303 4.30999582276036
2765 -76.3910327969 36.812158114 18.8523231068837 0.00281365115372404 7.77974544004696
4607 -76.244813373 36.8248639442 18.9761231055079 0.00277705845703488 12.7939083115597
1141 -76.3453680972 36.8092057167 18.9898171332393 0.00277305468981723 3.16405540108146
4771 -76.1553216837 36.8609587824 19.0779532191637 0.00274749202789893 13.1082844651058
78 -76.2981447113 36.8118996339 19.0890254465108 0.00274430569091887 0.214055843891672
2734 -76.1994776893 36.8387064877 19.0974160591323 0.00274189475244717 7.49634025319056
5879 -76.1674861402 36.8513523409 19.2401833861651 0.00270135453161298 15.8812632913527
4107 -76.1396606847 36.8665487425 19.2991320282263 0.00268487731571184 11.0267911356285
3289 -76.3259901638 36.8045975636 19.3804120103857 0.00266240419523338 8.7566473981226
2973 -76.2771921425 36.8086373892 19.5470206864895 0.00261721171052622 7.78097041539445
4121 -76.263771047 36.811285336 19.5559028684455 0.00261483480452909 10.7757342294644
4743 -76.3132130475 36.8024307216 19.6087047044751 0.00260077143955785 12.3354589378229
2333 -76.5667829915 36.8533307372 19.6239853389765 0.00259672272423888 6.05815411564931
4532 -76.2526239696 36.8127956762 19.6314101384095 0.00259475888167221 11.7594472517384
3132 -76.1871632646 36.8351030602 19.6393089244826 0.00259267211539774 8.12024906542572
2142 -76.3402148238 36.7997286587 19.6580343875976 0.00258773511486236 5.54292861603519
6069 -76.3694871995 36.798601863 19.7160320274713 0.00257253309205845 15.6127033357027
4228 -76.077939664 36.9077459825 19.7310848942843 0.0025686094125524 10.8600805962716
4639 -76.2097963196 36.8236926185 19.7795416320783 0.00255603945783773 11.8574670449092
3325 -76.1213767352 36.869229796 19.8105783051894 0.00254803678198409 8.4722223000971
5634 -76.2322594892 36.8147005601 19.8748443664038 0.00253158507698611 14.2629503237398
5563 -76.6665023346 37.2359927752 19.9551773131861 0.00251124345470825 13.970047338542
3438 -76.3552670791 36.7939446951 20.0312119981995 0.00249221522855675 8.56823595577811
4932 -76.172720943 36.8349499063 20.047147117548 0.00248825476844717 12.2720725179814
3963 -76.1462942184 36.8487118876 20.0570141234045 0.00248580718725072 9.8512538830746
4984 -76.5550048925 37.3310006849 20.2344783406361 0.00244239540989873 12.1728987229353
3512 -76.1342552223 36.8524043686 20.252118470726 0.00243814248109057 8.56275639359007
10150 -76.4331245645 36.7957155131 20.322483123835 0.00242128804007841 24.5760736067959
1429 -76.2904048208 36.7935150608 20.4174077959412 0.00239882625754142 3.4279227220267
3502 -76.0898712944 36.879923045 20.4901431390877 0.00238182591072634 8.34115433936365
2043 -76.1473250384 36.8396266165 20.537082008489 0.0023709507092841 4.84385229906742
4683 -76.2130889305 36.8086810552 20.6560516910087 0.00234371811374278 10.9756319266574
3751 -76.2486277104 36.7982608137 20.6571557685666 0.00234346758773148 8.79034692158078
4053 -76.2742663978 36.7922297168 20.6889374687558 0.00233627319430886 9.4689152565338
5126 -76.179654051 36.8206330143 20.7168624555713 0.00232997914969897 11.9434731213569
7671 -76.3689794928 36.7829692956 20.7962187043512 0.00231223115128113 17.7371251614775
4890 -76.3176691757 36.7840011923 20.8448615486926 0.00230145225811499 11.2541015421823
3803 -76.0527786084 36.9074375999 20.8559994819494 0.00229899478039656 8.74307714984811
2795 -76.1158305945 36.8515672102 20.937132958388 0.00228121163531294 6.37598652069966
3625 -76.099824134 36.8628087943 20.9420209327011 0.00228014686676744 8.26553239203198
4894 -76.2294905018 36.7987235258 20.9645894033919 0.00227524033331754 11.135026191256
1689 -76.1247159644 36.8415689483 21.1680406206542 0.00223171472798997 3.76936617557507
3716 -76.2033525689 36.8038732477 21.1759127807889 0.00223005575344088 8.28688717978633
5318 -76.2646801871 36.7866257804 21.1911654963815 0.00222684666473514 11.8423705630614
4259 -76.060480684 36.8913400276 21.1935556107499 0.00222634442545182 9.4820009079993
6605 -76.1469786253 36.8277779945 21.2265729017946 0.00221942378945705 14.6592941293638
6979 -76.6588952729 37.2792356867 21.3558329373927 0.00219263817131717 15.3024217976225
5185 -76.1805140558 36.808233822 21.4520567876916 0.00217301199733449 11.2670672061793
6335 -76.1198117559 36.8368479462 21.5924604039632 0.00214484412815778 13.5875875518795
4837 -76.1006111228 36.8476253859 21.691824803474 0.00212523922856899 10.2797821485882
4002 -76.5122506441 36.7934630068 21.7742992584217 0.00210917019277332 8.44089911147882
4510 -76.1514420724 36.8141961255 21.885707297705 0.00208775160760906 9.41575975031684
2701 -76.2650197512 36.7730186429 22.1002251148403 0.002047418414708 5.53007713812631
4525 -76.1161889764 36.8296678573 22.1085134995514 0.00204588356610447 9.25762313662273
3063 -76.1652990677 36.8037642077 22.1222831588097 0.00204333750410397 6.25874277507047
7044 -76.1954859393 36.7909176394 22.1718533213858 0.00203421103694558 14.3289825442446
4468 -76.0790605472 36.8539555717 22.1784864508778 0.0020329944374734 9.08341914663117
3202 -76.1326379095 36.8184937787 22.2024505410207 0.00202860820365162 6.49560346809248
6317 -76.3235229805 36.7633735861 22.2325537447502 0.00202311839231231 12.7800388842368
1134 -76.018985912 36.9108113782 22.2717059916974 0.00201601161673127 2.28615717337327
4577 -76.3363356802 37.4049808152 22.2730767336086 0.00201576348338038 9.226149463432
3791 -76.7176733608 36.9358501595 22.2789967361094 0.0020146923633892 7.63769874960844
2028 -76.3535653831 36.7613201478 22.288962701859 0.00201289112511852 4.08214320174035
2795 -76.2851705329 36.7661789725 22.3293801531735 0.00200561082454071 5.60568225459127
4138 -76.7003521192 37.2592960904 22.3921245552618 0.00199438682978543 8.25277270165213
3510 -76.721092788 37.2315983484 22.4260305079868 0.00198836075513541 6.97914625052529
3628 -76.0557539817 36.8668851572 22.4895920207278 0.00197713737489637 7.17305439612402
6839 -76.2175669579 36.7782568457 22.5212078566658 0.00197159016130786 13.4837051131844
1515 -76.1321154659 36.8106704777 22.6676693285078 0.00194619459804647 2.94848481604041
1518 -76.1149189862 36.8195075472 22.7129313340846 0.00193844562909722 2.94256046496958
1344 -76.1014772335 36.8269200462 22.7599450945577 0.00193044565425724 2.59451895932173
4095 -76.4692196562 37.4009949563 22.7816721228292 0.00192676525305595 7.89010371126413
4062 -76.1470220504 36.8008659177 22.8010342373945 0.00192349431285415 7.81323389881356
2731 -76.172486997 36.7890096527 22.8384402696583 0.00191719866679082 5.23586955900574
2708 -76.691221734 37.2812243345 22.8435552998947 0.00191634018122645 5.18944921076122
5373 -76.2392574662 36.7658836486 22.9507944393646 0.0018984735622216 10.2004984498167
2330 -76.1182338168 36.813168555 22.9604796175794 0.00189687227365244 4.41971239761019
4086 -76.1048439092 36.8200876747 23.0166233291817 0.0018876296006114 7.7128545480982
2488 -76.071042564 36.8429193246 23.0362323342312 0.00188441737527936 4.68843042969506
6149 -76.1580641082 36.791554362 23.0554170751452 0.00188128257900316 11.5680065782904
5775 -76.0881173445 36.8265120314 23.2509665039674 0.00184977105340769 10.6824278334294
5424 -76.1776498997 36.7798637559 23.2802397908331 0.00184512206053314 10.0079420563318
4549 -76.076152395 36.833089097 23.3426195025759 0.00183527360365488 8.34865962302605
3733 -76.1946879909 36.7719903347 23.3906816189173 0.0018277392775608 6.82295072313448
5881 -76.0367169252 36.8644297464 23.3945228900263 0.00182713911437559 10.7454051316429
3986 -76.0548374615 36.8472887855 23.4524546747707 0.0018181235381585 7.24704042309977
7772 -76.1209840153 36.8022537755 23.4944339335557 0.00181163218856488 14.0800053695262
5208 -76.1385094104 36.7923809605 23.5470364214126 0.00180354710170446 9.39287330567682
6293 -76.106818691 36.8085577088 23.5889411653234 0.00179714494494065 11.3094331385115
7081 -76.2540374652 36.7525204856 23.6229176114659 0.00179197905576316 12.689003693859
5999 -76.0182093451 36.8723202585 23.8437778363434 0.00175893530756574 10.5518529100869
2055 -75.9916283554 36.9028018274 23.8478523483097 0.00175833431502236 3.61337701737094
7456 -76.2166879745 36.7571229931 23.913582904541 0.00174868143678461 13.038168792666
4446 -76.1523810156 36.7793411768 23.9478224139191 0.00174368464076197 7.75242191282772
5762 -76.0381843887 36.8497360972 24.0066502559583 0.00173514937892649 9.99793072137441
6161 -76.0889560872 36.8116333992 24.0190665464539 0.00173335592452655 10.6792058510081
3614 -76.5708525994 36.780151455 24.0263178564628 0.00173230980464097 6.26056763397248
3658 -76.5600144592 37.393239114 24.1103465232976 0.00172025605616701 6.29269665345891
8638 -76.2720683791 36.7410300163 24.1757423831441 0.00171096199040281 14.7792896730995
4780 -76.1361442035 36.7828259395 24.1815691348019 0.00171013754849341 8.1744574817985
2067 -76.1048046379 36.7986204737 24.2116370551199 0.00170589261862396 3.52608004269573
1974 -76.0778592822 36.8136897059 24.2958180076885 0.00169409183182118 3.34413727601501
4354 -76.1657483074 36.7678519465 24.315212779602 0.00169139036084111 7.36431363110218
4651 -76.0941560419 36.8027186706 24.3312124269507 0.0016891666531797 7.8563141039388
9658 -76.3259632071 36.7319773823 24.385995533989 0.00168158575664282 16.2407552376563
7222 -76.7278068401 37.2796765816 24.4288125109981 0.00167569620960065 12.1018780257359
4342 -76.1173879431 36.7863523389 24.5216645781524 0.00166303008086229 7.22087661110408
4397 -76.1068737462 36.7912723156 24.5623481433731 0.00165752556149861 7.28813989390939
4182 -76.6061007521 36.7881156514 24.5731357528638 0.00165607057310519 6.9256871367259
5426 -76.7503732398 37.2550970025 24.6117581567539 0.00165087701969216 8.95765870884968
1724 -75.9898153816 36.882675112 24.6911484721538 0.00164027784155697 2.82783899884421
4711 -76.5225807465 36.7505646207 24.7393403230388 0.0016338935942847 7.69727272267522
4434 -76.062606055 36.8149976808 24.7761039219099 0.00162904834148861 7.22320034616048
3277 -76.021800966 36.8476983435 24.7761935455196 0.00162903655590674 5.33835279370639
5939 -76.136958787 36.770438041 24.9006834439308 0.00161278867625551 9.5783519482815
3714 -75.9941895034 36.8719145565 24.9226142605454 0.00160995155729225 5.97936008378343
3610 -76.6917554557 37.3291054391 24.9851785352684 0.00160189883593053 5.78285479770922
3758 -76.0209309181 36.841896198 25.0786125984163 0.00158998485113361 5.97516307056012
7645 -76.7713783381 37.2370080675 25.0796965569912 0.0015898474140267 12.1543834802341
9254 -76.0875308032 36.7900431443 25.2535962977071 0.00156802698650157 14.5105217330855
5482 -76.2709460619 36.7220067186 25.4785144775906 0.00154046485379128 8.44482832848382
3040 -76.7412276499 37.2922287354 25.5266091393013 0.0015346655452407 4.66538325753173
5403 -76.1072803528 36.7689955994 25.834349557625 0.00149832124252534 8.09542967336442
5535 -75.9925595731 36.8518109922 25.8365791097391 0.00149806266021513 8.29177682429076
6814 -76.1771831 36.7393869416 25.8457109723249 0.00149700424973992 10.2005869577278
1298 -76.0309163895 36.8137836501 26.0289632623299 0.00147599966571073 1.91584756609253
4193 -75.9218567412 37.2309537135 26.1803918046906 0.00145897455102851 6.11748029246254
3447 -76.1246474462 36.751614301 26.3699742909998 0.00143807185696007 4.95703369094137
2544 -76.5957631745 36.7510790391 26.455734478952 0.00142876352211054 3.6347744002492
2069 -75.9792155232 36.8508904501 26.4577652924976 0.00142854419588059 2.95565794127695
6587 -75.9958483085 36.8312056105 26.6087253998587 0.00141238096776683 9.30335343468014
5665 -76.257549346 36.7065637539 26.6742143078055 0.00140545429755887 7.96189859567101
5490 -76.7388625285 36.8439047771 26.73909529064 0.00139864205319027 7.67854487201458
2049 -76.5824005495 36.7384652912 26.8706506729705 0.00138498042107123 2.83782488277495
3656 -76.0637651825 36.7748837065 26.8826152370616 0.00138374787733738 5.05898223954545
2269 -76.5689643051 36.7326449344 26.9003595658334 0.00138192295161314 3.13558317721023
5079 -76.2082644068 36.7130293952 26.9534516288223 0.00137648417655106 6.99116313270285
4972 -76.070930155 36.7688565509 26.9792782830692 0.0013738500834568 6.83078261494721
9721 -76.7742543623 37.2946153802 27.1353091653534 0.00135809594302461 13.2020506621423
935 -76.6324202833 36.7549431303 27.2914467037752 0.00134260074563724 1.25533169717082
3407 -76.8443092963 37.1654156296 27.3475807210586 0.00133709472109883 4.55548171478372
3483 -76.2570479847 36.6962571711 27.3773288288897 0.00133419053508846 4.6469856337131
5469 -75.9758673022 36.8320121474 27.4164591904373 0.00133038478461109 7.27587438703805
4401 -76.354749266 37.4826399186 27.6104248174763 0.00131175830474769 5.77304829919459
2772 -76.5709478561 36.7219805728 27.6144545036348 0.00131137549156549 3.63513286261953
3361 -76.594846797 36.728869954 27.7785139339321 0.00129593131052752 4.35562513468298
6109 -76.2201179922 36.6975159481 27.7872741279421 0.0012951143307731 7.91185344669287
9169 -76.0420238264 36.7712039111 27.8271459979817 0.00129140560438638 11.8408979866187
6415 -76.0192936493 36.7851563005 27.9139718948325 0.00128338431203613 8.23291036171179
3739 -76.5891820436 36.7205245352 28.1469508260756 0.00126222649253771 4.71946485559851
2236 -76.6846507494 36.7693153093 28.2167377208233 0.0012559906237376 2.80839503467726
5809 -76.50336137 37.4754892879 28.2514540941606 0.00125290571005194 7.27812926969173
7933 -76.2822175126 36.6796874813 28.2566527233345 0.0012524447359177 9.93564409003513
4670 -76.1945318408 36.6929319286 28.5124850605603 0.00123007009022494 5.74442732135045
1462 -75.9891429612 36.7945944587 28.6017937622087 0.00122240032994685 1.78714928238229
5657 -76.8311399781 37.2617367743 28.785144567514 0.00120687744260751 6.82730569283071
5396 -76.4220107031 36.6657763128 29.1039673894826 0.00118058051149141 6.37041244000763
8805 -76.0720877809 36.7296147465 29.1805808617869 0.0011743894327827 10.3404989556516
3574 -76.558236761 36.6916172905 29.2590705843928 0.00116809710275787 4.17477904525662
2976 -76.0065235537 36.768185042 29.260027162403 0.00116802072841062 3.47602968775
3734 -75.9716405951 36.7944606987 29.3081774860973 0.00116418600498315 4.34707054260709
1684 -76.6052208655 36.7055494889 29.4743363010994 0.00115109702372436 1.93844738795182
5608 -76.2462843645 36.6634525823 29.7210876510153 0.00113206301751914 6.34860940224734
6281 -75.980555032 36.7735887918 29.9671169667302 0.00111355090200636 6.99421321550195
6739 -75.9894998977 36.765421738 30.0357421781379 0.00110846826634885 7.46996764692493
3574 -76.6539298965 36.7148595117 30.2662417334695 0.00109164896452695 3.90155339921933
4262 -76.2169650162 36.6589331493 30.4059704011493 0.00108163881376941 4.6099446242852
4442 -76.0183966969 36.7382673894 30.4248433086927 0.00108029732203553 4.79868070448182
6745 -76.7897028259 37.365472361 30.7023700950251 0.00106085540885719 7.15546973274173
4636 -75.9930002379 36.7495632024 30.7218297850744 0.00105951190949554 4.9118972124213
7565 -76.608078337 37.4889651838 31.2121878547745 0.0010264825616474 7.76534057886257
3651 -76.9268364782 37.0824147872 31.3231345460885 0.00101922382747378 3.72118619410676
8863 -76.8401154662 37.333764795 31.6476288848678 0.000998430054569906 8.84908557365308
1551 -76.6667955809 36.6891892231 32.1491715888601 0.000967521059305406 1.50062516298268
2573 -76.3683535308 37.5492068055 32.2178946572301 0.000963397878596435 2.47882274162863
3820 -75.9230866742 37.3953876148 32.2844928723589 0.000959427278689328 3.66501220459323
6825 -76.7865811661 37.4090914461 32.5729088185394 0.00094251205327856 6.43264476362617
7898 -76.1522605603 36.6416956547 32.6375131748468 0.000938784433504128 7.4145194558156
5730 -76.3031828719 36.6109082989 32.8381094356877 0.00092735006832204 5.31371589148529
1658 -75.9605975824 36.7309501208 32.8769284053679 0.000925161450138553 1.53391768432972
1397 -76.5588701082 36.6210285564 33.84601957861 0.000872940810188514 1.21949831183335
2880 -76.4584854485 37.5697443789 34.074907589331 0.000861252759824636 2.48040794829495
4039 -76.8424674498 36.7510445644 35.2580561964467 0.000804420757499152 3.24905543953907
1767 -77.0030245787 36.9754479002 36.3297069119798 0.000757663230765585 1.33879092876279
4998 -76.0239972126 36.6262292172 36.6717745992326 0.000743594462260009 3.71648512237553
1455 -76.8050966502 36.6847345186 37.0063952365351 0.000730207743713206 1.06245226710271
3098 -76.7066620562 36.6241943757 37.1388082257273 0.00072501012809436 2.24608137683633
4251 -76.9749976084 36.8536248979 37.5637540113539 0.000708699333360515 3.01268086611555
2192 -76.9732370488 37.333319837 37.9855448799643 0.000693047943295924 1.51916109170467
3906 -76.5832037754 37.6067782846 38.2346603804067 0.00068404634413089 2.67188502017526
3793 -76.3879971141 37.6516130869 39.3295860503549 0.000646489162841489 2.45213339465777
4376 -75.8467665739 37.4913905336 39.8931276124542 0.000628353194765945 2.74967358029577
3064 -76.7391667663 37.5770338532 40.0273225826804 0.000624147043327417 1.9123865407552
2861 -77.0844601341 37.0453952974 40.1177733843902 0.00062133577273426 1.77764164579272
3415 -76.8064089824 37.5597164649 41.1124455644268 0.000591634344694165 2.02043128713057
8318 -76.9164881906 37.4833487923 41.2995462579322 0.00058628588626515 4.87672600195352
6922 -76.1590799333 36.503654574 41.6143470418914 0.000577449262108751 3.99710379231677
1755 -76.8307653141 36.6043955824 42.1870558400146 0.000561877400367221 0.986094837644474
4770 -76.9427766806 36.6895581162 42.248976329545 0.000560231621881133 2.672304836373
3812 -76.9265638746 36.6644384674 42.7306101902983 0.00054767360521523 2.08773178308046
5324 -76.3065220666 36.4577758763 43.3823305572681 0.000531342116825773 2.82886542998041
5182 -77.141478456 37.2123639545 44.0421067956813 0.000515541734829657 2.67153726988728
6361 -76.9960702876 36.695401034 44.2956106956479 0.000509657726755266 3.24193279989025
4098 -76.4136253531 37.7275408761 44.6501140606008 0.000501596912616164 2.05554414790104
1545 -75.9480854858 36.5195676105 45.1697883871722 0.000490121651310275 0.757237951274374
4243 -76.0516478185 36.4692176577 45.7823217405394 0.000477094460244115 2.02431179481578
1600 -76.672333785 37.7012018334 46.0628111386669 0.000471301826181771 0.754082921890834
2338 -77.108601419 37.3859639768 46.2706643375482 0.000467077051535275 1.09202614648947
1082 -77.2024862778 37.0458940538 46.618248481722 0.000460137994422082 0.497869309964693
4174 -76.7138861369 36.466015008 47.0173934592711 0.000452358652538591 1.88814501569608
4684 -76.5951386705 36.4243817712 47.4315858349118 0.000444492778625817 2.08200417508333
3500 -76.51780291 37.7629381462 47.7990265516292 0.000437685234546661 1.53189832091331
4907 -75.8170480049 37.6246038484 47.8508416470114 0.000436737856292754 2.14307266082854
2699 -76.3967307351 36.3864051631 48.2656893607154 0.000429262522320577 1.15857954774324
3336 -75.7235293879 37.5693884726 48.5006152911434 0.000425114094017291 1.41818061764168
3680 -77.2200390571 36.9339770883 48.6614528519161 0.00042230853383251 1.55409540450364
4377 -77.0683980224 37.5176070025 49.2382790520139 0.000412471807076965 1.80538909957588
3210 -76.2673909283 36.3664970159 49.8586433878201 0.000402271333289313 1.29129097985869
2341 -76.9614556754 37.623211058 49.9030173598966 0.000401556248649564 0.940043178088629
