"pop" "long" "lat" "miles" "weight" "fact"
3436 -112.373278078 33.5361010159 1.03887819839517 0.926553999905414 3183.639543675
5183 -112.350113487 33.5295711618 1.15985961238899 0.743342814768553 3852.74580894541
5705 -112.326865792 33.5307884412 2.06875943261053 0.233657656936413 1333.01693282223
3264 -112.349479483 33.5151012865 2.11911530159403 0.222684928772002 726.843607511816
2452 -112.329662069 33.5693581404 2.38068729940773 0.176439285283535 432.629127515228
4638 -112.357657946 33.4991320553 3.1582710642217 0.100253881776288 464.977503678422
5553 -112.409140286 33.5659663222 3.26244531718513 0.0939536199762112 521.724451727901
4525 -112.385039418 33.5877215126 3.33897959077889 0.0896958750414208 405.873834562429
3708 -112.359152896 33.5947291925 3.4551049571686 0.0837678773468397 310.611289202082
4114 -112.298359059 33.5582692352 3.59453029657058 0.0773954987320171 318.405081783518
5709 -112.325203171 33.5006203139 3.61053282628559 0.0767109576141972 437.942857019452
2634 -112.305332601 33.572746176 3.62779240327691 0.0759827741871326 200.138627208907
2120 -112.31741412 33.5876279578 3.79635283043309 0.0693852029094257 147.096630167982
4960 -112.422386249 33.5286616522 3.84451302971409 0.0676577149096972 335.582265952098
2489 -112.401682625 33.5878870964 3.88119649031505 0.0663848135814682 165.231801004274
3835 -112.367812592 33.4857251826 4.11981566386999 0.0589175163519238 225.948675209628
3929 -112.337734208 33.601964582 4.13379612826951 0.058519673134315 229.923795744724
1753 -112.348326667 33.4846932651 4.19842166413458 0.0567319734911386 99.4511495299659
3957 -112.385155355 33.6022212243 4.25828588655774 0.0551480765539409 218.220938923944
4319 -112.329170549 33.6016082675 4.28055738938342 0.0545757046763327 235.712468497081
4905 -112.328064257 33.4860507648 4.42740509692111 0.051015421426011 250.230642094584
3668 -112.303966974 33.5911976696 4.4961019187148 0.0494683819402828 181.450024956957
4983 -112.320312373 33.6017075065 4.51311680297645 0.0490960839531876 244.645786338734
3472 -112.281545591 33.5581938498 4.53649713904611 0.048591322278911 168.709070952379
5708 -112.300005819 33.5001833848 4.57447436934581 0.0477878622114287 272.773117502835
3219 -112.294376001 33.5848482361 4.62319738904857 0.0467859150164749 150.603860438033
4660 -112.401111418 33.4859947549 4.74921645959693 0.0443359553860582 206.605552099031
4407 -112.277991517 33.529831027 4.76000764703616 0.0441351593711311 194.503647348575
3527 -112.311048699 33.6016791644 4.79505955836164 0.0434922612776332 153.397205526212
4277 -112.281156157 33.5154923293 4.90246653388495 0.0416074140409248 177.954909853035
3302 -112.28002574 33.5733063452 4.93906994795371 0.0409929947078739 135.3588685254
6699 -112.350624128 33.6163901793 4.97445629396369 0.0404118526755413 270.719001073451
6764 -112.367887928 33.6165159337 4.99094434004602 0.0401452851358507 271.542708658894
3842 -112.326075697 33.612039718 5.01523189699399 0.0397573987930791 152.74792616301
2391 -112.302035594 33.4895833145 5.02115682473978 0.0396636272802306 94.8357328270315
6011 -112.385216634 33.6167125096 5.20709169803248 0.036881582598321 221.695192998508
4640 -112.335278436 33.6178986922 5.23281516357389 0.0365198689791479 169.452192063246
5757 -112.329972242 33.4720096047 5.29741256000335 0.035634642503522 205.148636892776
3833 -112.303216941 33.4823990496 5.36798813584945 0.0347037898987362 133.019626681856
5807 -112.281301266 33.5009679738 5.38921121936628 0.0344309962873942 199.940795440898
4614 -112.430486663 33.4949548069 5.39246048424063 0.0343895155119706 158.673224572232
2056 -112.26424861 33.5590269625 5.52629540690207 0.0327440057096766 67.321675739095
7680 -112.358111244 33.4642683447 5.56953133125805 0.0322375996200654 247.584765082102
5579 -112.401673804 33.6169364798 5.57493207303334 0.0321751692208218 179.505269082965
5148 -112.278139238 33.5899584982 5.59098821476663 0.0319906339432638 164.687783539922
3315 -112.432859868 33.5988451427 5.68464603360617 0.0309451893746498 102.583302776964
1975 -112.313840372 33.6200853119 5.81194358078601 0.0296044652322338 58.4688188336618
3797 -112.262704756 33.5730087487 5.86107100888889 0.0291102566174869 110.531644376598
4171 -112.316713787 33.4659487156 5.9638653837352 0.0281154044902773 117.269352128947
4905 -112.350699887 33.6312021425 5.99510090757397 0.0278231953633498 136.472773257231
2070 -112.281290167 33.4864345485 6.01309083388961 0.0276569618916706 57.2499111157581
8318 -112.401177606 33.464482976 6.07388201677299 0.0271061162613528 225.468675061932
2417 -112.37659071 33.6313039901 6.0743113955787 0.0271022842614073 65.5062210598214
5366 -112.298399819 33.4696252841 6.25100481856887 0.0255917705109314 137.325440561658
5832 -112.329436321 33.6320225186 6.26389168058738 0.0254865776430735 148.637720814405
4708 -112.278640921 33.6099765617 6.44660316271215 0.0240623547988274 113.285566392879
2817 -112.258010182 33.5857734562 6.45282836973911 0.0240159500668304 67.6529313382613
2801 -112.246389518 33.5447578455 6.46782555332693 0.0239047058665411 66.9570811321817
5964 -112.29821956 33.6238147909 6.4795050960053 0.0238186053394893 142.054162244714
5539 -112.401715365 33.6315025063 6.49336658632613 0.0237170219889454 131.368584796769
2348 -112.263782959 33.4940595226 6.49578994707944 0.0236993292434086 55.6460250635233
4130 -112.246429631 33.5591667714 6.54108978131837 0.0233722099903482 96.5272272601382
4269 -112.246320734 33.5304617193 6.54770146261344 0.0233250326458352 99.5745643650705
5816 -112.246194919 33.5738414234 6.78264400617429 0.0217371175235972 126.423075517241
4081 -112.281208907 33.4702225477 6.82004486463232 0.0214993602425623 87.7388891498967
3496 -112.43836565 33.4711724142 6.86342583383948 0.0212284414297053 74.2146312382497
6114 -112.341754465 33.4462448948 6.88492762903849 0.0210960546064849 128.981277864049
2378 -112.323592974 33.4495410506 6.89031914520492 0.0210630531684654 50.0879404346108
4077 -112.250730996 33.5015203756 6.90164831457733 0.020993959227138 85.5923717690415
7272 -112.440096997 33.6180095993 6.90857335901836 0.0209518922973305 152.362160786187
5458 -112.418123516 33.6316146947 6.91749700248956 0.0208978708436143 114.060579064447
2886 -112.260701847 33.6034007963 6.94690735537815 0.0207212993957355 59.8016700560927
3395 -112.367815096 33.6451318333 6.96184968038855 0.0206324459649338 70.0471540509502
3559 -112.383991593 33.6438332025 7.00639493738052 0.0203709260362658 72.50012576307
1930 -112.363356774 33.4414952338 7.15008133166816 0.0195604137174669 37.7515984747112
5071 -112.245705479 33.5892159934 7.19510597775224 0.0193163741890654 97.9533335127507
3394 -112.280273058 33.6281811665 7.32394422363912 0.0186427486198953 63.2734888159247
5058 -112.242082638 33.5015248193 7.35410636385449 0.0184901394378901 93.5231252768481
4668 -112.250823883 33.4869809443 7.38943536822681 0.0183137588043015 85.4886260984796
4275 -112.263855967 33.4721925451 7.42020492331334 0.0181621894438012 77.6433598722502
3120 -112.229068661 33.5450259461 7.46642856728597 0.0179380062520627 55.9665795064355
8869 -112.401185552 33.4428420071 7.46773292971444 0.0179317404634428 159.036606170274
5995 -112.31510145 33.4424991251 7.5066316681094 0.0177463804081138 106.389550546642
4905 -112.229097006 33.5305945227 7.52963807766254 0.0176380998368947 86.5148796999686
3740 -112.24661214 33.6010762702 7.53677101108069 0.0176047296160108 65.8416887638802
3978 -112.292720042 33.450444981 7.55085391464531 0.0175391225966381 69.7706296894263
6097 -112.360412044 33.6552340317 7.64099879011754 0.0171277272395534 104.427752979557
7445 -112.442410287 33.6314337948 7.69835601439674 0.0168734549846384 125.622872360633
5027 -112.229083834 33.51614456 7.72510576437358 0.0167568017628679 84.2364424619369
3081 -112.229017301 33.5739709065 7.73623084923479 0.0167086421864483 51.4793265764471
1972 -112.349671915 33.4326981296 7.77027903117865 0.0165625335402388 32.6613161413509
4723 -112.233553222 33.5018128188 7.79835612600715 0.0164434851978968 77.6625805896668
3931 -112.242116892 33.487030411 7.81469785369637 0.0163747854220727 64.3692814941677
4260 -112.263113394 33.6255033427 7.83833266908088 0.0162761849757254 69.3365479965903
5209 -112.338381512 33.6575680947 7.88799754554781 0.0160718720544439 83.7183815315982
6212 -112.403733906 33.6527457918 7.90841620223944 0.0159889875968565 99.3235909516725
6813 -112.29838356 33.647623101 7.91417357609843 0.0159657328389026 108.774537831443
4685 -112.246489223 33.4760546041 8.02457296831185 0.0155294522970578 72.7554840117159
3355 -112.220396713 33.5596459364 8.03177168680911 0.0155016272887511 52.00795955376
4184 -112.426579088 33.6463241776 8.04293805523962 0.0154586139716416 64.6788408573485
6218 -112.228899938 33.5885292978 8.0635984391788 0.015379499976399 95.6297308532493
3674 -112.24748621 33.6164844461 8.09843820120163 0.0152474583279088 56.019161896737
5505 -112.344585005 33.4263820933 8.22986002621602 0.0147643761948502 81.2778909526504
4450 -112.225019911 33.5015906756 8.26098530833013 0.014653328993481 65.2073140209906
6799 -112.487697565 33.4929801071 8.26382558715065 0.0146432580191536 99.5595112722251
5053 -112.233057266 33.4869476212 8.2708400693437 0.0146184307185098 73.86693042063
4214 -112.246612252 33.4687813574 8.3272139980055 0.014421171740294 60.7708177135988
4823 -112.320610505 33.4282225538 8.35506696841856 0.0143251813787163 69.0903497895489
3702 -112.211710075 33.5454034664 8.46726943320246 0.0139480418263251 51.6356508410554
3125 -112.215940873 33.5742437806 8.4706676195845 0.0139368529707218 43.5526655335058
5917 -112.228930585 33.6029128298 8.48513299817316 0.0138893746318241 82.1834296965035
3222 -112.393464148 33.663994626 8.48770856462923 0.0138809465432473 44.7244097623428
4870 -112.211748185 33.5345223645 8.49519814804018 0.0138564817392137 67.4810660699706
2365 -112.443289049 33.6454906062 8.50614795502222 0.0138208303152348 32.6862636955303
3791 -112.21182394 33.5272823968 8.54764209150328 0.0136869708394215 51.8873064522469
2360 -112.224621198 33.490954921 8.57574650862917 0.0135974080178702 32.0898829221736
2840 -112.295982155 33.4318151477 8.6083548188046 0.0134945895970967 38.3246344557545
4037 -112.211786563 33.5200390653 8.63532361756481 0.0134104318766185 54.1379134859089
2259 -112.298837463 33.65976805 8.66661511863424 0.01331376784357 30.0758015586246
6545 -112.260653686 33.4490330505 8.70489067144412 0.0131969435199998 86.3739953383984
3908 -112.211830935 33.5127982395 8.74625533394299 0.0130724110816374 51.0869825070391
9200 -112.418301967 33.4283291038 8.76151686925829 0.0130269095299915 119.847567675921
3316 -112.265588464 33.645548296 8.79152671080097 0.012938126710977 42.9028281735999
1803 -112.224373952 33.4839186489 8.81080560784903 0.0128815689040399 23.225468733984
4021 -112.245254854 33.6307518184 8.83201986025294 0.0128197609231429 51.5482586719574
5719 -112.213543985 33.4994169336 8.9330021725189 0.0125315595085666 71.6679888294925
3046 -112.426966574 33.6608677989 8.94462934154297 0.0124990010083465 38.0719570714233
3439 -112.207244208 33.5743536706 8.95978397862187 0.0124567549824802 42.8387803847494
3031 -112.365951473 33.6746187228 8.99121677296683 0.0123698109774949 37.4928970727871
2177 -112.399150648 33.4192631927 8.99267092671277 0.0123658107971749 26.9203701054498
6306 -112.211513735 33.5887873211 9.00633144955293 0.0123283270929892 77.7424306483898
3814 -112.209447121 33.5054747518 9.01924173866414 0.0122930584178811 46.8857248057986
4633 -112.298878748 33.4239631703 9.03933827993319 0.0122384585509923 56.7007784667473
3104 -112.338655156 33.6751639156 9.09159996895867 0.0120981610922607 37.5526920303773
2742 -112.216232962 33.4874627113 9.11656251597655 0.0120319985551982 32.9917400383534
2679 -112.281198756 33.6598987951 9.12590934166214 0.0120073646481026 32.1677298922668
5401 -112.228471744 33.6236863117 9.2736683513208 0.0116277819523598 62.8016503246955
6909 -112.22756766 33.4656790926 9.32956715944529 0.0114888619056872 79.3765469063928
1690 -112.39074463 33.6775031494 9.36587454570229 0.0113999600036221 19.2659324061214
5001 -112.196762222 33.5601144048 9.38824109985317 0.0113457061577033 56.7398764946741
4078 -112.211424838 33.6032436918 9.39556588317206 0.0113280228279346 46.1956770923171
3177 -112.194563363 33.5456811918 9.4559017484922 0.0111839211871544 35.5313176115897
4756 -112.194667837 33.5348346012 9.47529016690078 0.011138198746747 52.9732732395287
6106 -112.245972222 33.6455879546 9.52461384892552 0.0110231380221561 67.3072807632852
5217 -112.194676943 33.5275871952 9.52470507690217 0.011022926863122 57.5066094449074
7467 -112.207580205 33.487532164 9.56638262647346 0.0109270896269566 81.5925782444848
5242 -112.194713491 33.5203302429 9.59863977480892 0.0108537699705707 56.8954621857316
7512 -112.281004414 33.4210686955 9.6573153398859 0.0107222807552832 80.5457730336876
2817 -112.263715296 33.6599286414 9.65975224208477 0.0107168715371077 30.1894271200323
3667 -112.194554397 33.5745956554 9.67692631000409 0.0106788658830558 39.1594011931655
1474 -112.416266514 33.676292003 9.68502460684921 0.0106610147214363 15.7143356993972
4068 -112.194742405 33.513079641 9.69835719189208 0.0106317229183842 43.2498488319871
3161 -112.422093775 33.4133804174 9.80054819929708 0.0104111633900369 32.9096874759068
7944 -112.211999383 33.4730274872 9.80343875443968 0.0104050248082597 82.657517076815
1550 -112.212526021 33.6182469459 9.83172156908962 0.0103452468527954 16.0351326218329
2876 -112.188412238 33.5602575965 9.86772844975487 0.0102698859522417 29.5361919986472
4867 -112.194812272 33.5022070489 9.89230015618732 0.0102189301155749 49.7355328725032
5915 -112.19442842 33.5890635686 9.94457683466258 0.0101117747061389 59.8111473868116
4181 -112.380269512 33.687835541 9.97402096029231 0.0100521612561923 42.0280862121402
3937 -112.295320289 33.6794120423 10.0002866008062 0.00999942682302865 39.3677434022638
3758 -112.199174958 33.4876248353 10.0071145101946 0.0099857861500958 37.52658435206
3300 -112.349412083 33.690660696 10.104642178926 0.00979395539669063 32.3200528090791
2891 -112.32949964 33.4006245168 10.1120661811958 0.00977957976765119 28.2727651082796
3318 -112.228833289 33.6454153673 10.2147746520634 0.00958390322645743 31.7993909053857
5124 -112.246957625 33.4292693836 10.2622083453482 0.00949551108096586 48.6549987788691
1857 -112.194294796 33.603483636 10.3019926319679 0.00942231306835672 17.4972353679384
3776 -112.24461028 33.660244031 10.3393332756428 0.0093543783385956 35.322132606537
4082 -112.283736613 33.6810771145 10.3668960497124 0.00930470293684376 37.9817973881962
2148 -112.212127743 33.4570611618 10.4009231909974 0.00924392092184165 19.8559421401159
4935 -112.177410481 33.5458057671 10.4448359390672 0.00916635672362069 45.2359704310681
3339 -112.209942152 33.6312066946 10.4448707557554 0.00916629561388379 30.606261054758
4546 -112.190760981 33.4877528821 10.4512879251979 0.00915504272064028 41.6188242080307
2866 -112.177484381 33.5313022236 10.4827705843388 0.00910013504575574 26.0809870411359
5847 -112.177579197 33.5603295428 10.4892657410921 0.00908886857486676 53.1426145572459
3596 -112.194854634 33.4768070471 10.5486424625138 0.00898683679844961 32.3166651272248
5893 -112.177554789 33.5747135427 10.6379491764402 0.0088365792709515 52.0739616437172
5341 -112.253719334 33.6721781905 10.6840302621044 0.00876051789430913 46.7899260735051
4771 -112.194170364 33.6179047454 10.7400279978122 0.0086694026254131 41.3617199258459
5397 -112.194903196 33.4695551008 10.7795007284008 0.00860602706581204 46.4467280741876
8290 -112.177631533 33.5022695343 10.8409703134099 0.0085087093672142 70.5372006542057
4162 -112.221053132 33.4373545104 10.8702491834359 0.0084629349082295 35.2227350880512
5359 -112.263709871 33.4088318518 10.881114153845 0.00844604258828976 45.2623422306448
5864 -112.177427013 33.5891294767 10.882330252721 0.00844415500562035 49.5165249529577
4385 -112.172655018 33.5159618947 10.9044091900077 0.00840999465480857 36.8778265613356
3967 -112.267886519 33.6833395948 10.9157714636802 0.00839249576735025 33.2930307090784
2394 -112.290664268 33.3969211469 10.9530559893383 0.00833545640842411 19.9550826417673
7915 -112.494299327 33.4339539206 10.9581468855462 0.0083277132951536 65.9138507311407
2991 -112.227300115 33.6595407254 10.9644366790468 0.00831816158272045 24.8796212939169
2613 -112.209784814 33.6469940165 11.1124706674378 0.00809801813063563 21.1601213753509
7080 -112.177681086 33.4877721476 11.152989315977 0.00803928504800553 56.9181381398792
8369 -112.194896452 33.4587474199 11.1604531668219 0.00802853567090499 67.1908150298039
4045 -112.164393323 33.5457941069 11.1952864503545 0.00797865303685437 32.2736515340759
5898 -112.177232181 33.6035581909 11.2143238857744 0.0079515869084597 46.8984595860953
4026 -112.194169691 33.6318283844 11.2252127835168 0.00793616768684583 31.9510111072413
4560 -112.316113145 33.7047721757 11.3340214462374 0.00778452181169936 35.4974194613491
4841 -112.160719606 33.5342234615 11.430991601448 0.0076530083762281 37.0482135493202
5377 -112.177709652 33.4768820228 11.4401695599539 0.00764073393954503 41.0842263929336
5212 -112.160273263 33.5603262041 11.4820882134757 0.00758504639929623 39.5332618331319
4082 -112.159229524 33.5273004525 11.5574468059813 0.00748645457022416 30.559707555655
2059 -112.163536133 33.586465207 11.6057038807581 0.00742432593010833 15.2866870900931
4882 -112.177106158 33.6179569745 11.6183318594111 0.00740819568358056 36.1668113272403
6612 -112.160239769 33.5747404425 11.6189037865413 0.00740746638176425 48.9781677162252
4075 -112.245693905 33.6842624533 11.6350154091857 0.00738696556310207 30.1018846696409
4906 -112.211679957 33.66030938 11.6399460000353 0.00738070876590544 36.2097572055321
4999 -112.177770964 33.4696207284 11.6526201989341 0.00736466195471076 36.8159451115991
2691 -112.194996705 33.6446054277 11.6840142090685 0.00732513861084176 19.7119480017752
3369 -112.15578559 33.5458111073 11.6915399179467 0.00731571143207779 24.6466318146701
3092 -112.246227131 33.4037815905 11.7112682431552 0.00729108469348677 22.5440338722611
4547 -112.157225481 33.519182958 11.7443713675939 0.00725004077100511 32.9659353857602
4670 -112.160253739 33.5021973295 11.8098980887413 0.0071698108757864 33.4830167899225
4339 -112.160465148 33.4916330599 12.0020959944951 0.00694201916033118 30.121421136677
3230 -112.157543039 33.591128874 12.0222905027043 0.00691871695849643 22.3474557759435
4874 -112.535325156 33.4525315193 12.0279217058056 0.00691224009888863 33.6902582419832
2312 -112.177145816 33.6320313779 12.0716067406694 0.00686230224333585 15.8656427865925
6154 -112.230624933 33.6833989365 12.0941349425962 0.0068367607149714 42.073425439934
2982 -112.159915445 33.6035531393 12.1497161044044 0.00677435169722247 20.2011167611174
4529 -112.160127583 33.4844175425 12.1830071654817 0.00673737934387256 30.5135910483988
5724 -112.215099255 33.6743051489 12.1898395653666 0.00672982886398042 38.5215404174239
3426 -112.14725948 33.5603627654 12.2294269350222 0.00668632968418571 22.9073654980202
2399 -112.168381561 33.4642266327 12.3044192752364 0.0066050750594531 15.845575067628
6754 -112.160275681 33.4768954364 12.3635669961725 0.00654202842655283 44.1848599929378
6816 -112.220993886 33.4071432526 12.3961854387348 0.00650764526427265 44.3561101212824
4362 -112.194829072 33.6610762696 12.3981403062583 0.00650559324983595 28.3773977557844
6298 -112.142908646 33.5458376032 12.4339228259229 0.00646820335069105 40.7367447026522
7123 -112.142873239 33.5312139094 12.4721711932169 0.00642859214491077 45.7908618481994
3813 -112.144549111 33.5725878032 12.4862450782719 0.0064141083226412 24.4569950342309
1796 -112.174841581 33.448509253 12.5172466672678 0.00638237589594664 11.4627471091202
3941 -112.159804002 33.6179611528 12.523478994721 0.00637602507937644 25.1279148378226
5017 -112.160489508 33.4696334251 12.5521750201221 0.00634690543536788 31.8424245692406
4262 -112.142728788 33.5204408979 12.5592931328095 0.00633971312206248 27.0198573262303
4555 -112.177688386 33.6466462516 12.5808333020915 0.00631802273211352 28.7785935447771
5197 -112.143038591 33.5131992476 12.6191253295857 0.00627973753682349 32.6357959788717
3775 -112.138588623 33.5603512807 12.7273459498268 0.0061733983539516 23.3045787861673
4096 -112.142917224 33.5021972889 12.7804759524987 0.00612217789558693 25.0764406603241
8131 -112.189455985 33.4249677239 12.801929589878 0.00610167584072165 49.6127262609077
6211 -112.142760479 33.5891582 12.8122713584557 0.00609182955345039 37.8363533564804
2186 -112.431908496 33.3693346692 12.8530913229697 0.00605319707371259 13.2322888031357
3699 -112.159848737 33.6321493544 12.9482133699785 0.0059645860051514 22.063003633055
6612 -112.142988798 33.4877328361 13.0445284645682 0.00587683138627078 38.8576091260224
4398 -112.212269629 33.6887178218 13.044551902383 0.00587681026788161 25.8462115581433
6174 -112.142597773 33.6035824439 13.0951453712943 0.00583148754085064 36.0036040772118
4305 -112.14769395 33.4724471343 13.1520071429261 0.00578117249630041 24.8879475965732
6027 -112.264069997 33.717942189 13.1567080610886 0.00577704198530983 34.8182320454624
2237 -112.177757347 33.6614083882 13.1760820577958 0.00576006545077059 12.8852664133738
5943 -112.129919019 33.5603372242 13.2253248214765 0.00571725160770125 33.9776263045685
5156 -112.129489541 33.5757839248 13.3780533365226 0.00558745648415866 28.808925632322
4347 -112.160446096 33.6468152105 13.4215496850498 0.00555129968408896 24.1314997267347
4956 -112.125648889 33.5458213669 13.4289688772269 0.00554516745124684 27.4818498883794
5131 -112.142441847 33.6180016717 13.4457919551674 0.00553130014981091 28.3811010686798
7077 -112.125612743 33.5312718098 13.4644676860556 0.00551596654224466 39.0364952194655
4891 -112.194392247 33.683665932 13.4813945795105 0.00550212382559319 26.9108876309763
4928 -112.125609007 33.520365427 13.5388258522122 0.00545554316061268 26.8849166954993
4400 -112.139451466 33.4738375595 13.557656459266 0.00544039897301296 23.937755481257
3300 -112.128801822 33.5891279095 13.5942843186607 0.00541112171038524 17.8567016442713
3009 -112.143535176 33.4639245612 13.6062556292616 0.00540160407037233 16.2534266477503
4301 -112.125576019 33.5131007614 13.6130879052376 0.00539618340626051 23.2089848303265
3270 -112.249768232 33.7207509719 13.6907029662561 0.00533517296612507 17.446015599229
3283 -112.125600636 33.5058196578 13.7023532222106 0.00532610449359787 17.4856010524818
3791 -112.121285164 33.5603213294 13.7213706422517 0.0053113510732091 20.1353319185357
5299 -112.125658333 33.4985598239 13.8072241321783 0.00524550433662618 27.7959274797821
4373 -112.142518742 33.6323153868 13.8442451181016 0.00521748777188354 22.8160740264467
7935 -112.143020523 33.4566578212 13.8476049260348 0.00521495626837777 41.3806779895776
3219 -112.160353146 33.658087174 13.8512661266498 0.00521219977268013 16.7780710682573
6725 -112.125288123 33.6036327667 14.0478363415074 0.0050673525677302 34.0779460179856
3209 -112.120768948 33.5892802963 14.0480244983595 0.00506721682612144 16.2606987950237
1671 -112.114627944 33.5458407588 14.0643496597785 0.0050554601328809 8.44767388204398
5736 -112.20729755 33.3848104028 14.0946595333553 0.00503374047374954 28.8735353574274
3941 -112.11457575 33.5313268895 14.0991083317867 0.00503056430641934 19.8254539315986
2387 -112.12362999 33.4877111194 14.1131326489184 0.00502057146105832 11.9841040775462
3572 -112.160456153 33.6654746586 14.1415110696987 0.00500044165564823 17.8615775939755
3026 -112.143182514 33.6433642993 14.1609319656262 0.00498673542998993 15.0898614111495
2355 -112.112648564 33.5603718939 14.2180340607193 0.00494676067248534 11.649621383703
1914 -112.143181008 33.4441416794 14.2426613947473 0.00492966833302501 9.43538518940988
5911 -112.21143834 33.7110189973 14.2845894702939 0.00490077171452103 28.9684616045338
3838 -112.125768379 33.4732061372 14.3112836280253 0.00488250641162532 18.739059607818
26 -112.379564496 33.3384546918 14.3237451331801 0.00487401465032874 0.126724380908547
4477 -112.516544042 33.3846602439 14.3450290766948 0.00485956207683844 21.7562594180057
4146 -112.114853616 33.5024289814 14.3567918783935 0.00485160226958698 20.1147430097076
6567 -112.125125537 33.6180646721 14.3766455768535 0.00483821169958437 31.7725362311706
3851 -112.143189237 33.6509647403 14.4206643284 0.00480871971672884 18.5183796291228
7163 -112.564582221 33.4267057921 14.4210103643211 0.0048084889465192 34.443206323917
3633 -112.165035354 33.4124555324 14.4388774613265 0.00479659597456523 17.4260331755955
6202 -112.108382102 33.5168317834 14.5556543279204 0.00471994060354227 29.2730716231692
2248 -112.105989088 33.5494732536 14.5655179361527 0.00471355018451121 10.5960608147812
3175 -112.105929698 33.542230084 14.5670088926196 0.00471258535521323 14.962458502802
2538 -112.108308068 33.5747746698 14.5745119319713 0.00470773447415419 11.9482300954033
3248 -112.105941758 33.5313797575 14.5956343182671 0.00469411853508235 15.2464970019475
6740 -112.125887328 33.4586553356 14.6846539082301 0.00463737876674196 31.2559328878408
3279 -112.1040221 33.5567488597 14.6980103946687 0.00462895436887172 15.1783413755304
1891 -112.103914049 33.5639656798 14.7401487270913 0.00460252619460405 8.70337703399625
5017 -112.108235735 33.5892400504 14.7531310155536 0.00459442960371578 23.0502533218421
4240 -112.124928212 33.632630627 14.7713809874991 0.00458308382441347 19.4322754155131
4563 -112.106226353 33.5059176151 14.7981508105551 0.0045665172448286 20.8370181881529
3124 -112.163901998 33.6845111798 14.8048409411692 0.00456239106823325 14.2529096971607
2044 -112.143270544 33.662122245 14.8240593717652 0.00455056904878617 9.30136313571892
5474 -112.106351337 33.4986590783 14.8911092083224 0.00450968183347578 24.6859983564464
2461 -112.245800445 33.7393446558 14.9435108890607 0.00447810952460669 11.0206275400571
5827 -112.108203865 33.6037428408 14.9949830784512 0.00444741892718332 25.9151100886972
4142 -112.310483728 33.7583787824 15.032394301305 0.00442530982898543 18.3296333116576
5678 -112.106468011 33.4878359977 15.063655176112 0.00440696162454835 25.0227281041855
3647 -112.12490322 33.6435725435 15.0990440935038 0.00438632788980989 15.9969378141367
4198 -112.126029811 33.4440615529 15.1161035228067 0.00437643300832294 18.3722657689397
3961 -112.095368431 33.5349441827 15.1907268128723 0.00433354083143978 17.165155233333
6304 -112.177696618 33.7051885929 15.2204125906453 0.00431665310574025 27.2121811785865
4000 -112.176773689 33.3847559844 15.2511761686916 0.00429925618365665 17.1970247346266
5280 -112.108079526 33.6181919055 15.3027180808678 0.00427034384198405 22.5474154856758
7621 -112.516883236 33.7233761753 15.3540311468638 0.00424184861788004 32.3271283168638
3849 -112.124547581 33.6510282361 15.3568313049439 0.0042403018451708 16.3209218020624
7519 -112.43273556 33.3307478688 15.4119761776977 0.00421001207917685 31.6550808233307
2655 -112.108613437 33.4658575527 15.4166452048766 0.00420746240848144 11.1708126945182
5282 -112.091067392 33.5457599304 15.4226370934481 0.00420419373938927 22.2065513314541
3553 -112.199064931 33.3656653254 15.4357273510176 0.00419706603598969 14.9121756258714
3603 -112.09108025 33.5603053141 15.4577864956416 0.00418509567715402 15.078899724786
2029 -112.09106143 33.5276208587 15.470069374064 0.00417845257647424 8.47808027766622
3567 -112.141352118 33.6770695324 15.5026957456169 0.0041608834654667 14.8418713213197
3697 -112.091309222 33.5711643133 15.5139841752337 0.00415483050688468 15.3604083839527
6572 -112.091118907 33.5167366175 15.5436560105185 0.00413898304111546 27.2013965462108
8071 -112.125894204 33.4296269677 15.6091933555038 0.00410429982637595 33.1258038986803
5107 -112.090599141 33.5782796856 15.6193975977008 0.00409893885280718 20.9332807212863
3858 -112.091674925 33.5052128141 15.6325735936889 0.00409203214083654 15.7870599993474
3587 -112.107922456 33.6326335632 15.6698148823088 0.00407260479455352 14.6084333980635
1213 -112.086786851 33.5348027866 15.6854657770522 0.00406448159181744 4.93021617087456
5701 -112.124201721 33.6618457857 15.7450282658896 0.00403378838145992 22.996627562703
2508 -112.090860368 33.4981062457 15.772692687691 0.00401965071175289 10.0812839850762
6232 -112.195360946 33.7282283609 15.7917538254299 0.00400995288136647 24.9900263566759
1724 -112.11277785 33.4439982943 15.8003810202385 0.00400557511350199 6.90561149567744
5125 -112.091569803 33.4877031993 15.8968410699788 0.003957111934396 20.2801986637795
5066 -112.159600915 33.3847834239 15.9477601489139 0.00393188320964927 19.9189203400832
3699 -112.14229815 33.399404655 16.0270390326382 0.00389308073961996 14.4005056558542
4241 -112.107345934 33.6472634933 16.1180682045082 0.00384923141555679 16.3245904333763
2238 -112.091426525 33.4731507842 16.1853809661419 0.00381728114984885 8.54307521336172
2014 -112.10408306 33.4439877244 16.2523086645675 0.0037859064320387 7.62481555412595
4748 -112.082146085 33.5922487082 16.2673332307872 0.00377891630857358 17.9422946331074
2998 -112.085484672 33.6052245625 16.2847804246864 0.00377082333280149 11.3049283517389
6628 -112.123663925 33.6764067807 16.310719504348 0.00375883932297245 24.9135870326614
5639 -112.175348672 33.7249755917 16.3315452779736 0.00374925898942577 21.1420714413719
3285 -112.073852944 33.5455789363 16.4150532394581 0.00371120896607054 12.1913214535417
4995 -112.073866647 33.5602693997 16.4476979004656 0.00369649189969012 18.4639770389522
3607 -112.073739402 33.5310755998 16.4502340106255 0.00369535222131065 13.3291354622675
4805 -112.091324339 33.4585884858 16.5283245078636 0.00366051624115479 17.5887805387488
3337 -112.073731345 33.516564844 16.5403068860641 0.00365521454961548 12.1974509520668
1677 -112.114286557 33.4192922017 16.5528801322715 0.00364966379859966 6.12048619025162
4253 -112.073652394 33.5751687394 16.5576615343861 0.00364755625574989 15.5130567557043
3438 -112.106756629 33.6616195072 16.607429676883 0.00362572745974583 12.4652510066062
2899 -112.078489969 33.487626765 16.6298588596363 0.00361595380336904 10.4826500759668
6540 -112.143656648 33.7055157014 16.6391613777896 0.00361191176396343 23.6219029363209
1819 -112.07371866 33.5064026306 16.6395876229284 0.00361172671849869 6.56973090094911
5663 -112.142334894 33.3848787057 16.6750735913956 0.00359637095456793 20.3662487157182
5967 -112.081892877 33.617028746 16.7096583442398 0.003581499210223 21.3708057874007
2600 -112.074002049 33.4991068392 16.7121629493599 0.00358042579212457 9.30910705952389
5828 -112.648601799 33.5469336565 16.7212886464351 0.00357651880075182 20.8439515707816
3176 -112.177139299 33.3551963335 16.7822322339263 0.00355059017350753 11.2766743910599
2526 -112.12499699 33.3994271928 16.8150998969129 0.0035367234051379 8.93376332137834
1570 -112.091290221 33.4476679672 16.8182885700735 0.00353538243802658 5.55055042770173
4098 -112.086941375 33.6348631883 16.8469912843595 0.00352334603018762 14.4386720317089
5074 -112.091324586 33.6437932544 16.8532930918988 0.00352071161360412 17.8640907274273
4656 -112.123798429 33.6916363951 16.9142245398091 0.00349539142692832 16.2745424837782
5092 -112.581764942 33.3850970933 16.9673947219057 0.00347351895862403 17.6871585373135
4437 -112.151833416 33.3702547785 16.9736555346744 0.00347095698356181 15.4006361360637
2477 -112.091293596 33.4403856196 17.0261750366139 0.00344957675244839 8.54460161581466
3062 -112.150820627 33.7200619494 17.0346407739031 0.00344614891920607 10.552107990609
2859 -112.091285534 33.6510304465 17.0643154764111 0.00343417369213314 9.81830258580866
2319 -112.069414006 33.4875196004 17.1404513361429 0.00340373306185767 7.89325697044794
3487 -112.073962783 33.4730631964 17.1488008325667 0.00340041941458876 11.857262498671
2877 -112.060645989 33.5310233844 17.2041696191203 0.00337856725531503 9.72013799354135
2800 -112.060624701 33.5165150909 17.2914069575875 0.00334456265145437 9.36477542407223
2474 -112.060310301 33.5769086873 17.3356332022606 0.00332751928618084 8.23228271401141
4762 -112.075666761 33.6300639503 17.3369177184441 0.00332702622344607 15.8432988760502
3505 -112.240959132 33.7758100415 17.356466938458 0.00331953574292679 11.6349727789584
1895 -112.073907521 33.4622365197 17.3842314725462 0.00330894088121957 6.27044296991108
5696 -112.091418517 33.6619297419 17.3946981847506 0.00330495997719259 18.825052030089
5093 -112.056315773 33.5456324604 17.4261159575068 0.00329305360866951 16.7715220289538
2808 -112.073869427 33.4550290556 17.5570011207705 0.00324413804643477 9.10953963438883
2679 -112.059113917 33.4977493338 17.573273955179 0.00323813269091518 8.67495747896178
3864 -112.107831703 33.399447114 17.6181467139052 0.00322165889177289 12.4484899578104
3285 -112.091003237 33.4217359011 17.6282553805833 0.00321796512426825 10.5710154332212
5280 -112.582277748 33.3707258898 17.6531354972144 0.00320890079374634 16.9429961909807
4441 -112.053650606 33.5733598872 17.6876566479191 0.00319638733875412 14.195156171407
3542 -112.05188027 33.5310136722 17.708862712424 0.00318873668237818 11.2945053289835
5819 -112.051936052 33.5613803567 17.7141519074182 0.0031868327433994 18.5441797338411
4530 -112.055001143 33.5039369747 17.7325757945656 0.00318021403824487 14.4063695932492
2401 -112.073901445 33.447766387 17.7398080329769 0.00317762152115563 7.62946927229467
2680 -112.05188323 33.5164963873 17.7924612690692 0.00315884227635872 8.46569730064137
3056 -112.055581437 33.5941817567 17.7946134622179 0.00315807822182095 9.65108704588483
6215 -112.074204143 33.6475170203 17.859758460762 0.00313508151811485 19.4845316350838
4881 -112.056350229 33.4874662953 17.87513978255 0.00312968844693546 15.276009309492
1539 -112.07373656 33.4405183287 17.9448208652127 0.00310543000820509 4.77925678262763
3171 -112.133072977 33.724023786 17.9554448139697 0.00310175622911248 9.83566900251568
4154 -112.086693683 33.6727267958 17.9905769269652 0.0030896537989467 12.8344218808246
4862 -112.125810392 33.3703963413 18.0543839234942 0.00306785375684395 14.9159049657753
5647 -112.056380023 33.4729944844 18.1232346982119 0.00304458827607685 17.192789995006
3217 -112.153829747 33.3438557223 18.2438572782896 0.0030044616701309 9.66535319281109
2663 -112.073985634 33.429065767 18.265683921096 0.00299728557630779 7.98177148970763
2061 -112.060729154 33.4549693224 18.2693696826254 0.00299607632106881 6.17491329772282
4738 -112.074219226 33.6617303004 18.2712532431736 0.00299545862941921 14.1924829861882
5121 -112.056249061 33.6265166869 18.3161383936454 0.0029807954000576 15.264653243695
2954 -112.063374176 33.6438940005 18.3390853176433 0.0029733405797933 8.78324807270942
2317 -112.056422762 33.4622143594 18.3402732139997 0.00297295542674615 6.88833772377083
2250 -112.043229868 33.5019885951 18.4244037723847 0.00294586685928569 6.62820043339281
6427 -112.090628678 33.399505129 18.4398171057737 0.00294094418016073 18.901448245893
4700 -112.047150231 33.6060785321 18.4421742736821 0.00294019244057553 13.818904470705
2732 -112.038713455 33.5308500761 18.4675769297289 0.00293210937376145 8.01052280911629
3797 -112.038807243 33.5166053052 18.5412581329253 0.00290885182768827 11.0449103897323
2612 -112.084503126 33.6864022969 18.5803599610812 0.00289662152194905 7.56597541533091
2570 -112.043872652 33.4851096313 18.6132192494161 0.00288640331030463 7.4180565074829
2666 -112.051990914 33.4550968344 18.7412249825123 0.00284710871992955 7.59039184733219
2614 -112.056455095 33.444097172 18.7683355798807 0.00283888944335022 7.42085700491748
6489 -112.105259364 33.3746189216 18.7685666418908 0.00283881954398326 18.4211000209074
2232 -112.073204951 33.4140076613 18.7862602335661 0.00283347465260983 6.32431542462514
4453 -112.054731741 33.6439788092 18.804006880598 0.00282812888281902 12.5936579151931
3619 -112.03427786 33.5787499866 18.8400608234885 0.00281731494399524 10.1958627823188
5055 -112.043299012 33.4730256446 18.8493917719575 0.00281452634325965 14.2274306651775
3068 -112.056951308 33.6512277578 18.8742254134031 0.00280712482562288 8.612258965011
3529 -112.034554818 33.5020313696 18.9178720564572 0.00279418677041332 9.8606851127886
3833 -112.036658593 33.4886246097 18.9674826341611 0.00277958916286095 10.654165261246
4496 -112.041276106 33.6180201909 18.9742361939124 0.00277761081912229 12.4881382427738
6505 -112.627628686 33.3862980038 19.0062815538702 0.00276825238660331 18.0074817748545
7325 -112.090546734 33.3849886252 19.010618916259 0.00276698935102092 20.2681969962283
3389 -112.07765027 33.3994773514 19.073086696215 0.00274889425911595 9.31600264414394
5595 -112.057078797 33.6619158201 19.1671034236573 0.00272199314699043 15.2295516574114
3161 -112.034575999 33.4730182759 19.3353338587774 0.00267483285698026 8.45514666091462
5175 -112.038939411 33.4585828207 19.3773143103317 0.00266325549884599 13.782347206528
4089 -112.039165201 33.6336128315 19.4040137338848 0.00265593139914154 10.8601034910898
4659 -112.156761664 33.7703615388 19.4552654386479 0.00264195659955505 12.308875797327
3862 -112.068977761 33.3994942977 19.4995524206609 0.00262996951256747 10.1569422575356
5688 -112.024394442 33.5894677359 19.5079083862142 0.00262771696681406 14.9464541072384
2408 -112.021500871 33.519859967 19.5123895879719 0.00262651014612403 6.32463643186668
4269 -112.039546784 33.6440483074 19.6228977349083 0.00259701058024292 11.086638167057
7278 -112.086771143 33.7159007099 19.6259957773975 0.00259619074779267 18.8950762624351
4888 -112.021582922 33.5023322522 19.6539197809954 0.00258881872837573 12.6541459443005
5914 -112.025582979 33.6062213303 19.6560430784658 0.00258825945656866 15.306966426147
3595 -112.359892082 33.8296649636 19.7063805017149 0.00257505359038839 9.25731765744626
1372 -112.038914576 33.4440581829 19.7124668886768 0.00257346369774451 3.53079219330547
1353 -112.046845817 33.4274804914 19.7300193022264 0.00256888687438973 3.47570394104931
4165 -112.016109384 33.5510031776 19.7480880101556 0.00256418816816454 10.6798437204053
3446 -112.103107029 33.354507719 19.7646629796163 0.00255988923127267 8.8213782909656
5006 -112.02158113 33.4913712126 19.7827252308246 0.00255521684627642 12.7914155324598
3972 -112.039608666 33.651340405 19.80101222909 0.00255049934312169 10.1305833908794
4920 -112.073302136 33.3849882383 19.8286940292328 0.00254338307708692 12.5134447392676
2315 -112.02153909 33.484063762 19.8865038851378 0.00252861739490087 5.85374926919552
2115 -112.025139606 33.4688141247 19.9369656067295 0.0025158334126529 5.32098766776089
2323 -112.048660114 33.4126546871 20.0815648312116 0.00247973285774943 5.76041942855194
3619 -112.025309873 33.6298043343 20.0845848509963 0.00247898718346076 8.97145461694448
3495 -112.048346159 33.6775472161 20.0933526033467 0.00247682423892299 8.65650071503584
6524 -112.020217774 33.4746715961 20.1087622336636 0.00247302964216942 16.1340453855133
4288 -112.039238961 33.6625552312 20.1210705053637 0.00247000501076064 10.5913814861416
5332 -112.055988059 33.3995811742 20.1425522032592 0.00246473938134545 13.1419903813339
3107 -112.020748299 33.620222865 20.1554228941422 0.00246159255875862 7.64816808006302
684 -112.025822125 33.454949782 20.1749415170721 0.00245683183566177 1.68047297559265
3092 -112.025426299 33.6368891316 20.226401391861 0.00244434642837352 7.55791915653093
4416 -112.021553755 33.4621590637 20.2622788455137 0.00243569791593569 10.756041996772
7839 -112.073975101 33.367813267 20.484852017206 0.00238305649406329 18.6807798569621
3405 -112.004769577 33.5089366389 20.5522402561885 0.00236745462280759 8.06118299065983
3075 -112.008583524 33.487852609 20.5652135877655 0.00236446860119721 7.27074094868143
4674 -112.0166947 33.6334714414 20.6333755844549 0.00234887244299383 10.9786297985532
4003 -112.004481628 33.5898108797 20.6454691098014 0.0023461214443588 9.39152414176828
5092 -112.022223619 33.6478191287 20.6490889639401 0.00234529895063589 11.9422622566379
2638 -112.017193231 33.4549267467 20.649531990754 0.00234519831695797 6.18663316013512
5604 -112.055924131 33.3850641308 20.6659876014675 0.00234146500339097 13.121569879003
2700 -112.004178785 33.4988504101 20.682876119609 0.00233764273715834 6.31163539032752
4310 -112.008566133 33.4731238772 20.7870230732406 0.00231427734400462 9.97453535265991
4656 -112.004535599 33.6046903276 20.8208487518635 0.00230676387383779 10.7402925965887
2931 -112.169404012 33.2871909064 20.8997411653399 0.00228938158313026 6.7101774201548
4417 -111.996538386 33.5742097237 20.967915250205 0.00227451861152597 10.0465487071102
5558 -112.038626191 33.3998913854 21.0065765201238 0.00226615410169886 12.5952844972422
6246 -112.004681594 33.6193389536 21.0361290746586 0.00225979137206686 14.1146569099296
4304 -111.999852947 33.487801949 21.060285232767 0.00225461038131476 9.70384308117875
5891 -112.022483798 33.6665093179 21.1145341380238 0.00224303986591781 13.2137478501218
3383 -112.080747663 33.7456110689 21.1884495708659 0.00222741757364166 7.53535365162973
3400 -112.007156715 33.4553135368 21.1944598269856 0.00222615446507067 7.56892518124027
3017 -111.990661447 33.535715319 21.2216377897534 0.0022204561677074 6.69911625797322
4448 -112.057598177 33.3678265179 21.2496432578266 0.00221460722841132 9.85057295197356
4150 -111.99989112 33.4730795548 21.2739887251544 0.00220954143668785 9.16959696225456
3475 -112.004772433 33.6335176741 21.2912009023773 0.00220597041723289 7.66574719988428
3957 -112.001894084 33.4607211766 21.3796054368503 0.00218776478760081 8.6569852645364
6118 -112.038718406 33.3853363325 21.501921896789 0.00216294481962682 13.2328964064769
3158 -111.988875762 33.5001450239 21.5421462890036 0.00215487487973744 6.80509487021083
1912 -112.004906271 33.6479197003 21.5905965360515 0.00214521446333549 4.10165005389746
3927 -111.987116469 33.5904370127 21.6416284366368 0.00213510937361138 8.3845745101719
1793 -112.125407477 33.299081299 21.681445868857 0.00212727442480644 3.81420304367794
2538 -112.007175405 33.6588054489 21.7279071454938 0.0021181865533088 5.37595747229774
6044 -111.987380334 33.6053399958 21.7991729564038 0.00210435964960301 12.7187497222006
4745 -111.986798121 33.4875439499 21.8035963974412 0.00210350588525861 9.98113542555212
2222 -112.009214053 33.6671639285 21.8351866677373 0.00209742375262842 4.66047557834034
3963 -112.021289331 33.4001757225 21.8819034571588 0.00208847751927247 8.27663640887679
1850 -111.981322489 33.5046633379 21.9310160011545 0.00207913407659862 3.84639804170745
17 -112.002894434 33.4328582179 21.9312895192371 0.00207908221670052 0.0353443976839088
5447 -111.986893212 33.4729827158 22.0052209201889 0.00206513541279559 11.2487925934976
4395 -111.986918637 33.6190011244 22.0245412612923 0.00206151385082996 9.06035337439769
283 -112.069855258 33.3363829639 22.0352721483614 0.00205950647958939 0.582840333723798
2135 -111.993751176 33.4473663971 22.0975032717344 0.00204792282417346 4.37231522961034
7720 -111.986811691 33.4583850149 22.2611519411144 0.00201792365905391 15.5783706478962
2779 -111.986946487 33.633433323 22.275146719868 0.00201538885879188 5.60076563858265
4230 -112.386788483 33.2234145364 22.2897758806803 0.00201274425862837 8.513908213998
2623 -112.002529747 33.4140609212 22.4446300913884 0.00198506666135842 5.20682985274315
4312 -111.986755453 33.6442677601 22.5022083055402 0.00197492095816073 8.51585917158909
3030 -111.991993749 33.6580818823 22.5277859589529 0.00197043892272141 5.97042993584588
3701 -111.96949986 33.5128194897 22.5441084719784 0.00196758665896665 7.28203822483558
6630 -112.001533865 33.6816019102 22.6410805311559 0.00195076835136289 12.933594169536
3443 -111.986846081 33.65156954 22.6559841557182 0.00194820267544221 6.70766181154753
3234 -112.100291801 33.2967905795 22.7298336952085 0.00193556376674994 6.25961322166931
4760 -112.010194512 33.3901694589 22.7710053729698 0.00192857080677442 9.17999704024623
2652 -111.969469006 33.6042880388 22.7999571037745 0.00192367605962877 5.10158891013549
5242 -111.971006611 33.4740147261 22.8832889399497 0.00190969104392941 10.010600452278
1964 -111.973878241 33.4605169074 22.9424839423915 0.00189984918626861 3.73130380183154
2710 -112.081990993 33.7847383422 23.0015944672699 0.00189009709846611 5.12216313684316
4245 -111.969166184 33.6188291569 23.018003587047 0.00188740322672304 8.01202669743931
4376 -111.96563417 33.4861711865 23.021643698956 0.00188680641305565 8.25666486353153
2856 -112.719585535 33.6875490339 23.0217718175332 0.00188678541256252 5.38865913827856
1410 -111.97461711 33.4534012922 23.0323407855105 0.00188505421211782 2.65792643908613
5353 -111.961183162 33.5864177415 23.08558532142 0.00187636887102065 10.0442025665736
7105 -112.016212148 33.3714918323 23.1098956722211 0.001872423271803 13.3035673461603
5546 -112.112532137 33.8095488768 23.1522795260443 0.00186557402196849 10.3464735258372
3467 -111.959341612 33.4967528791 23.2618055713812 0.00184804761694554 6.40718108795018
5192 -111.969049087 33.6332729062 23.2654309870036 0.00184747170509722 9.59207309286476
3114 -111.953616245 33.5442616189 23.3471077225025 0.00183456804989547 5.71284490737449
4612 -112.06199367 33.3124412891 23.4831065667443 0.00181338033645607 8.36331011173539
4549 -111.949639317 33.5658574174 23.6184466046146 0.00179265756854657 8.15479927931837
4065 -112.0736361 33.2992316642 23.6461394812054 0.00178846113090187 7.27009449711609
3638 -111.986896666 33.3999950311 23.66960262387 0.00178491716602134 6.49352864998564
6679 -112.528972152 33.8562220934 23.6700713995681 0.00178484646767059 11.9209895575719
2574 -111.9483076 33.522399064 23.7067484722704 0.00177932801334745 4.57999030635634
5990 -111.964068225 33.6460784661 23.7865343947224 0.00176741141960415 10.5867944034289
2521 -111.9519205 33.6042242626 23.7946555060847 0.00176620519112475 4.45260328682549
6840 -112.029154737 33.753987958 23.8588181053775 0.00175671838954965 12.0159537845196
3085 -111.950386698 33.4799262122 23.9656922125906 0.00174108528528498 5.37124810510416
5033 -111.987500633 33.3885781459 23.9845749336918 0.00173834490015246 8.74908988246734
2154 -111.95507845 33.4607642836 23.9886858037673 0.00173774916116239 3.74311169314378
3852 -111.951723046 33.6186897044 23.997017221984 0.00173654272774428 6.68916258727096
3383 -111.978477777 33.6905954468 24.1066789043938 0.00172077953960525 5.82139718248457
1483 -111.969553832 33.4148057355 24.1788265213051 0.00171052553360311 2.53670936633341
6295 -111.951627317 33.6331684818 24.2335890418747 0.00170280345415081 10.7191477438793
4256 -111.986283877 33.3814503833 24.2736006686477 0.00169719441540676 7.22325943197118
3293 -111.938682145 33.4863597803 24.5510816416405 0.00165904718891644 5.46324239310185
2755 -111.935807304 33.5018979184 24.5596047489906 0.0016578958850712 4.56750316337114
3144 -111.934785068 33.5822287226 24.5643306944743 0.00165725801938165 5.21041921293592
6057 -111.952524085 33.4290917359 24.7548760083731 0.00163184343724947 9.88407569942002
2459 -111.934411219 33.6043915211 24.7910964679721 0.00162707858616263 4.0009862433739
8959 -112.133729434 33.8505756547 24.7967645345107 0.00162633483302934 14.5703337691098
4773 -112.046950335 33.2976619 24.8175573299462 0.0016236108033385 7.74949436433467
4303 -112.026725629 33.3149064225 24.8969780399785 0.00161326877293475 6.94189552993824
2994 -111.934778838 33.6174547894 24.9347380581983 0.00160838635282474 4.81550874035728
5388 -111.934823309 33.4729692889 24.9403419682434 0.00160766364903464 8.66209174099866
2558 -111.942988766 33.4428170959 24.989875956424 0.00160129666517423 4.09611686951569
4348 -111.969870131 33.3851736417 25.0005695414371 0.0015999271011872 6.95648303596195
2754 -111.930872187 33.4850382763 25.0105927775843 0.0015986449857319 4.40266829070566
2896 -111.927115202 33.5912794507 25.0752979425806 0.0015904052330497 4.60581355491193
2738 -111.98964177 33.3523436747 25.1121669896913 0.0015857386759175 4.34175249466212
6254 -111.952182881 33.4146522136 25.1157814028627 0.00158528230131754 9.9143555124399
4638 -112.005418852 33.3316018384 25.1600166018507 0.00157971285884701 7.32670823933244
5386 -111.948859685 33.6716669544 25.1828952208792 0.00157684382960784 8.49288086626785
3012 -111.934122552 33.6315611863 25.1844137815837 0.00157665367541921 4.74888087036266
1861 -111.932929545 33.4619886303 25.2105434487112 0.00157338709879076 2.92807339084961
3200 -111.93459487 33.4551746754 25.2295902222134 0.00157101237645333 5.02723960465066
1383 -111.92466133 33.4945072647 25.2641202094109 0.00156672091762095 2.16677502906977
6496 -112.090828651 33.8359037392 25.3575726642412 0.00155519425284197 10.1025418664615
2075 -111.98307984 33.3544278806 25.3587225525429 0.0015550532158375 3.22673542286281
5129 -112.110163158 33.8480342403 25.3853963053789 0.00155178698256671 7.95911543358468
2705 -111.917877735 33.5310562272 25.4271832262198 0.00154669077377901 4.18379854307223
7102 -111.969328247 33.7188366447 25.4469789616529 0.00154428530378144 10.9675142274558
3890 -111.918302942 33.5167623046 25.4609158582631 0.00154259513252542 6.0006950655239
2218 -111.916786279 33.5568694275 25.4822933208447 0.00154000800765674 3.41573776098265
2110 -111.987587496 33.7467966581 25.527770609431 0.00153452589907515 3.23784964704857
2804 -111.917375716 33.5058401566 25.584314273209 0.00152775051058563 4.2838124316821
3412 -111.952031604 33.3965655232 25.6010916550765 0.00152574877914743 5.20585483445102
2483 -111.914481456 33.5456714338 25.6031770987905 0.00152550023705416 3.78781708860548
2675 -111.934912744 33.4287260228 25.72636860747 0.00151092540704784 4.04172546385296
3536 -112.013714467 33.3092202087 25.7272737033033 0.00151081909899119 5.34225633403283
1789 -111.974441579 33.3558552612 25.7356722928523 0.00150983317727715 2.70109155414882
4041 -111.912705919 33.5701867179 25.7618227896192 0.00150676950832359 6.08885558313564
3295 -112.023715237 33.2981850744 25.7826160711786 0.00150434011569023 4.95680068119932
4298 -111.916097473 33.4864275583 25.8359674869217 0.0014981335892524 6.4389781666068
3166 -111.913370273 33.4985175179 25.8728601703833 0.00149386419170994 4.72957403095367
1878 -111.992867668 33.327912571 25.8978864252361 0.00149097841473275 2.80005746286811
5033 -111.982503879 33.3404957332 25.9015634051093 0.00149055512688686 7.50196395362156
3719 -111.917564029 33.4730707567 25.915252304493 0.00148898086706306 5.5375198446075
5523 -111.96308626 33.3665370738 25.9419260582756 0.00148592047051558 8.20673875865755
4946 -111.952511851 33.3820183294 25.9972164502771 0.00147960673609414 7.31813491672164
9107 -111.934917323 33.4147055124 26.0469238330261 0.0014739648260773 13.423397671086
3774 -111.999134058 33.3165780962 26.0720859467527 0.00147112115842062 5.55201125187943
2342 -111.990325331 33.7643581427 26.0823731660473 0.00146996092952592 3.44264849694972
5264 -111.917691194 33.458544705 26.1211459590299 0.00146560030988405 7.71492003122966
6674 -111.95296257 33.371672188 26.2931557879053 0.00144648711943471 9.65385503510727
7612 -112.107153216 33.8624252385 26.308193617539 0.00144483396069422 10.9980761088044
2466 -111.904618157 33.5020100435 26.3450264428124 0.00144079675727511 3.55300480344041
2271 -111.97960556 33.7593726198 26.3916061320863 0.00143571539613282 3.26050966461763
5531 -111.907610037 33.6116746318 26.3980109266096 0.00143501880224085 7.93708899519416
2599 -111.984486547 33.3252438265 26.3997763591303 0.0014348268806035 3.72911506268849
5436 -111.934889096 33.4001730123 26.4144463923103 0.00143323357726054 7.79105772598828
3930 -111.900115518 33.5311532659 26.4503621105724 0.00142934397718798 5.61732183034874
2409 -111.969089246 33.7480974213 26.4732059643108 0.00142687826622442 3.43734974333462
5351 -111.900176718 33.516645502 26.5038066548572 0.00142358528613119 7.617604866088
2967 -111.898560729 33.5448337766 26.5210997366771 0.00142172939395971 4.21827111187846
6104 -112.00587113 33.2983089826 26.5583614871212 0.00141774278034412 8.65390193122053
7023 -111.957212257 33.3551789822 26.6202087024629 0.00141116269784029 9.91059562693237
2942 -111.922126546 33.4166928311 26.6944690989067 0.0014033222916244 4.12857418195897
4917 -111.900399701 33.4876062646 26.7181780367612 0.00140083286147161 6.88789517985591
4911 -111.896071414 33.5713654115 26.7238567610676 0.00140023758074606 6.8765667590439
4021 -111.97609956 33.3268511498 26.7342257433966 0.00139915161526981 5.6259886449999
6595 -111.935107084 33.3857257311 26.7992517437755 0.00139237001887311 9.18268027446813
1892 -111.908688575 33.644448126 26.8233457806811 0.00138986975304096 2.6296335727535
2472 -111.895960352 33.502126907 26.8402875456745 0.00138811571704372 3.43142205253208
6059 -111.900373885 33.4731133816 26.8885072710749 0.0013831415070253 8.38045439106628
4504 -111.916178353 33.4189918542 26.9663820332309 0.00137516444223556 6.19374064782894
6404 -111.983598764 33.3121060174 26.9752284485109 0.00137426263108082 8.80077788944159
4650 -111.910003496 33.4340668626 26.9874476536758 0.00137301845299643 6.38453580643339
3953 -111.901103156 33.4593202815 27.0416698848835 0.00136751779530679 5.40579784484772
5102 -111.917664414 33.4111314816 27.0671950991653 0.00136493978707078 6.96392279363512
2472 -111.93728622 33.3709664196 27.1234005872948 0.0013592887537776 3.36016179933824
3727 -112.772229956 33.3550319475 27.2447080343449 0.00134721119679473 5.02105613045397
4306 -111.98354787 33.7865197253 27.3091487089259 0.00134086074101984 5.77374635083143
5449 -111.917726648 33.4002228423 27.3322815094002 0.00133859201435535 7.29398788622231
2965 -111.904770873 33.6632392659 27.3990722400013 0.00133207379608338 3.94959880538721
3556 -111.91051785 33.6779884625 27.4071543134464 0.00133128828360334 4.73406113649346
4011 -111.950280741 33.3418623934 27.430397528167 0.00132903309868246 5.33075175881535
1711 -111.958483478 33.3292568799 27.4891145389725 0.00132336150769855 2.26427153967222
6397 -111.984375072 33.2981550005 27.5280842639569 0.00131961736548871 8.44159228703126
2211 -111.937164522 33.3564418442 27.5914669240498 0.0013135615229369 2.90428452721349
4521 -111.882836365 33.5897689163 27.5965242997646 0.00131308011699205 5.93643520892105
1318 -111.880269082 33.5752021881 27.6509934679772 0.00130791198901435 1.72382800152091
5480 -111.918058514 33.3855219942 27.7048886102538 0.00130282829851632 7.13949907586944
4791 -111.882847019 33.6042452946 27.7244178469468 0.00130099350572314 6.23305988591957
2861 -111.884834705 33.6151314881 27.7316159278057 0.00130031821574943 3.72021041525912
5305 -111.900292794 33.4184027882 27.8482889377316 0.00128944543038413 6.84050800818779
3056 -111.907989881 33.6914688688 27.8682556291144 0.00128759840154685 3.93490071512718
4168 -111.882665135 33.6244304482 27.9728102854354 0.00127799101405076 5.32666654656359
4661 -111.958836037 33.3154018525 28.0052142310587 0.0012750352792539 5.94293943660241
3552 -111.943300362 33.7557041775 28.0120916846513 0.00127440926962987 4.52670172572529
3232 -111.90024675 33.4111166753 28.0141499579144 0.001274222008109 4.11828553020829
5666 -111.919736078 33.3711748655 28.028665881747 0.00127290252183286 7.212265688705
1322 -112.107230621 33.892164792 28.0455686872415 0.00127136865098532 1.68074935660259
2945 -111.958140643 33.7770732236 28.1020534058061 0.00126626292237794 3.72914430640303
7044 -112.167091025 33.9202107921 28.2092417913557 0.00125665821119551 8.85190043966114
4520 -111.900218107 33.4002438536 28.2743972992644 0.00125087319918588 5.65394686032018
4594 -111.907978675 33.7126994479 28.4335455539881 0.00123690961122542 5.68236275396957
4790 -111.919867893 33.3564585991 28.4748224004561 0.00123332618426404 5.90763242262473
4516 -111.86990383 33.6166651477 28.5971259098246 0.00122279942249907 5.52216219200579
2268 -111.864055869 33.5780308682 28.5975469469059 0.00122276341660591 2.77322742886221
2420 -111.886721316 33.4170372426 28.6219929896623 0.00122067558425176 2.95403491388926
4088 -111.900429792 33.3858295042 28.6329206524061 0.00121974402817001 4.98631358715901
15 -111.958727584 33.2980512739 28.7091439760462 0.00121327573908225 0.0181991360862338
5825 -111.877897503 33.6566711305 28.7555944433117 0.00120935916509689 7.04451713668938
3953 -111.862454913 33.6035006842 28.8800251618729 0.00119896047247074 4.73949074767684
3580 -111.859995427 33.5894969874 28.9030325153093 0.00119705244235099 4.28544774361653
4865 -111.902313191 33.371053577 28.9438884306847 0.00119367541468236 5.80723089242969
4806 -111.874488554 33.4347769048 28.9448331054506 0.00119359749979943 5.73642958403604
2225 -111.919814206 33.3419157752 28.9534362982134 0.00119288827664237 2.65417641552928
7193 -112.021539673 33.855753773 28.9641347050685 0.00119200721133094 8.57410787110347
6585 -111.866001785 33.6315675781 29.0118313836962 0.00118809101257099 7.82357931777995
5168 -111.937465967 33.3137171204 29.0942458142698 0.0011813696035885 6.10531811134538
3333 -111.886796625 33.3933802827 29.1681817863861 0.00117538808522991 3.9175684880713
4498 -111.852171257 33.5734776888 29.2581411752731 0.00116817131508301 5.2544345752434
6272 -111.922393241 33.329311556 29.2592851262697 0.00116807997282288 7.32619758954509
5807 -111.879947338 33.4013286909 29.3457572513803 0.00116120623358215 6.74312459841153
3173 -111.902765079 33.3565166921 29.3542430715968 0.00116053496006125 3.68237742827435
2640 -111.940549078 33.7891205962 29.4082904309175 0.00115627315420514 3.05256112710157
2918 -111.872162122 33.4111399453 29.5480833777481 0.00114535830262494 3.34215552705958
4773 -111.868728935 33.418306198 29.5848159012364 0.00114251591329614 5.45322845416245
1384 -111.881480852 33.3839452518 29.6943831844612 0.00113410008509444 1.5695945177707
3764 -111.863572831 33.4267145072 29.7026333547355 0.00113347015984369 4.26638168165164
5636 -111.936611156 33.2981395574 29.7420675138379 0.00113046648089177 6.37130908630601
4142 -111.88611263 33.3709952636 29.7985986983757 0.00112618131359279 4.66464300090132
2278 -111.902339043 33.3419302351 29.8392465941474 0.00112311516906443 2.55845635512876
4156 -111.908561776 33.7593755475 29.8628573699992 0.00112133991110866 4.66028867056759
6540 -111.919158051 33.3156309828 29.9123948467637 0.00111762891747717 7.3092931203007
4903 -111.869803496 33.3966913348 30.0059425887399 0.00111067105011199 5.44562015869911
4354 -111.865745637 33.4041287145 30.0545120852362 0.00110708415807272 4.82024442424864
2455 -111.885420497 33.3603410981 30.141170396667 0.00110072739570032 2.70228575644429
4608 -111.83740878 33.5890141842 30.1944017679069 0.0010968497510646 5.0542836529057
3886 -111.847189533 33.4465979272 30.271276857333 0.00109128583940047 4.24073677191023
3095 -111.885425615 33.3531327864 30.3563474687043 0.00108517797208467 3.35862582360204
3412 -111.902660189 33.3238975752 30.4320674957856 0.00107978448513058 3.68422466326553
2794 -111.866595061 33.3858969663 30.4432144254968 0.00107899389330808 3.01470893790276
3688 -111.861264485 33.3971319078 30.459220099842 0.00107786021442174 3.97514847078736
5280 -111.848231908 33.4301701507 30.4909444252863 0.00107561846034807 5.67926547063779
4075 -111.872302001 33.3718796683 30.5054050742199 0.00107459893909961 4.3789906768309
2776 -111.919403878 33.2980969519 30.562782399071 0.00107056790979986 2.9718965176044
2679 -111.884990099 33.3422760718 30.7156422595854 0.00105993882013632 2.8395760991452
5978 -111.848268436 33.4149888096 30.7811557000866 0.0010554317546757 6.30937102945132
6775 -111.902787909 33.3129247151 30.8152747498422 0.00105309587460939 7.13472455047864
5624 -111.848459365 33.4040930091 31.0006728525312 0.00104053755626696 5.85198321644536
2143 -111.862796211 33.37075077 31.0411824786913 0.0010378234661837 2.22405568803166
2006 -111.8678428 33.3605648733 31.0568637768497 0.00103677569067947 2.07977203550302
3178 -111.848575096 33.3968178359 31.1571779992233 0.00103011039373596 3.2736908312929
5557 -111.884967815 33.3276149021 31.1943659642804 0.00102765579181536 5.71068323511795
3556 -111.835645157 33.4296027243 31.2027742273496 0.00102710201823396 3.65237477683996
6278 -111.831159891 33.4441474881 31.2108566580537 0.00102657012600846 6.44480725108112
2923 -111.867815906 33.3533041741 31.2687742552283 0.00102277071830497 2.98955880960542
4654 -111.826194057 33.4572479179 31.3000393903691 0.00102072847844549 4.75047033868529
4143 -111.838281639 33.6773344902 31.3443888969802 0.00101784204292447 4.21691958383609
2225 -111.902639946 33.2983747533 31.359909293602 0.00101683480767282 2.26245744707202
4454 -111.849018272 33.3858232209 31.3930206122083 0.00101469095627973 4.51943351926992
6736 -111.819604034 33.6200278011 31.4927274898842 0.00100827604598715 6.79174744576947
63 -111.94424061 33.2478113425 31.536731879838 0.00100546423797182 0.0633442469922246
5314 -111.867734014 33.3423759563 31.6022406700038 0.00100130007262949 5.32090858595309
4283 -111.916724143 33.8167705503 31.6362383451154 0.000999149147936784 4.27935580061325
5129 -111.850732727 33.3715634785 31.6625919436967 0.000997486604481504 5.11610879438563
4235 -111.885416069 33.3131525304 31.667901748525 0.000997152132359036 4.22293928054052
2646 -111.827055959 33.4295593905 31.6828813737696 0.0009962094507898 2.63597020678981
2415 -111.831449327 33.4151019117 31.7083814404147 0.000994607780099002 2.40197778893909
4126 -111.831612411 33.4042363971 31.9220046742904 0.00098134041800258 4.04901056467864
3430 -111.817609861 33.4454432799 31.9536670559842 0.000979396592233436 3.35933031136069
4939 -111.805322947 33.5745252313 31.9573138910928 0.000979173075695317 4.83613582085917
3527 -111.850468776 33.3606164731 31.9725099081786 0.000978242526618585 3.45026139138375
4853 -111.867768416 33.3278855228 32.059254001529 0.000972955943171427 4.72175519221094
3885 -111.831438359 33.3969869499 32.0890101782323 0.000971152333433854 3.77292681539052
1974 -111.850460475 33.3533550306 32.1775019171487 0.000965818122712835 1.90652497423514
2429 -111.885237744 33.2986354708 32.1983101101641 0.000964570204047848 2.34294102563222
3158 -111.814164943 33.4331798229 32.3418721107994 0.000956025968342627 3.01913000802602
3238 -111.809780201 33.4425929808 32.4378077691139 0.000950379387438313 3.07732845652526
3363 -111.81417738 33.4260943081 32.4629020067918 0.00094891064453794 3.19118649758109
6520 -111.850419845 33.3424184786 32.4999218515476 0.000946750115174322 6.17281075093658
5448 -111.867765267 33.3133264671 32.5449646543191 0.000944131291098224 5.14362727390313
3390 -111.814126265 33.4187506012 32.5992043055582 0.000940992150059474 3.18996338870162
3895 -111.936853676 33.8600587346 32.6281753552545 0.000939321849646764 3.65865860437415
6293 -111.792850943 33.519687447 32.6664462561984 0.000937122183662577 5.8973099017886
3314 -111.828509131 33.714709848 32.7143132815782 0.000934381827551119 3.09654137650441
3423 -111.814158738 33.4114713885 32.7369262848621 0.000933091426511637 3.19397195294933
2028 -111.88486653 33.2836898627 32.7766111045263 0.000930833282873988 1.88772989766845
5617 -111.823021165 33.3861733183 32.7942044421688 0.000929834809411103 5.22288212446216
5902 -111.814128487 33.4042180051 32.8847069383181 0.000924723827402773 5.45772002933117
6568 -111.850399214 33.3278643878 32.9493237267691 0.000921100439314461 6.04978768541738
4001 -111.814196284 33.3969756033 33.0338302629575 0.000916393782906082 3.66649152540723
2224 -111.795561376 33.456479518 33.0453019217675 0.000915757642124325 2.0366449960845
6026 -111.787982642 33.5931584122 33.0568172595641 0.000915119745149163 5.51451158426886
5839 -111.867600627 33.2987148841 33.0641013928733 0.000914716581616412 5.34103012005823
2786 -111.836348739 33.3463529998 33.1204143805438 0.00091160873201707 2.53974192739956
4350 -111.826351227 33.3654214827 33.1270914690247 0.000911241281784801 3.96389957576388
4273 -111.796410675 33.4443513987 33.1649269053007 0.000909163330864865 3.88485491278557
4745 -111.796662417 33.4298294969 33.3783330228879 0.000897574928603915 4.25899303622558
5832 -111.850338411 33.3133400169 33.4240632738638 0.000895120514431368 5.22034284016374
3326 -111.796745652 33.4189108255 33.5636127287022 0.000887692595365992 2.95246557218729
5544 -111.867441047 33.2838572106 33.6145544560895 0.000885004097494592 4.90646271651002
4174 -111.796798369 33.411648867 33.6957988557894 0.000880741551564492 3.67621523623019
4690 -111.839209077 33.7704871945 33.7340615705688 0.000878744729988824 4.12131278364758
1625 -111.779782947 33.4719922736 33.7605932595535 0.00087736410136706 1.42571666472147
6229 -111.875987459 33.2689110907 33.7745122383194 0.00087664110078989 5.46059741682022
4734 -111.796842229 33.4043643316 33.8358687107898 0.000873464658772683 4.13498169462988
4410 -111.832923013 33.3279271899 33.8486387675946 0.000872805720059196 3.84907322546105
5346 -111.815753732 33.3570656328 33.9134402525527 0.000869473408738817 4.64820484311771
6026 -111.850226124 33.2988424317 33.9235630451004 0.000868954584360208 5.23632032535461
4939 -111.77927845 33.4589970584 33.9374317997534 0.000868244521466761 4.28825969152433
2733 -111.796848484 33.3970865066 33.9847620261848 0.000865827815177818 2.36630741888098
5168 -111.837165671 33.3134582767 34.0896966768046 0.000860505649655019 4.44709319741714
3682 -111.779310694 33.4445059788 34.1278938829115 0.000858580507850753 3.16129342990647
4774 -111.797075127 33.3861436409 34.2094850561275 0.000854489884942042 4.07933471071331
5926 -111.815607866 33.3428349987 34.312435741781 0.000849369971708799 5.03336645234635
0 -111.886186306 33.2439074004 34.3141073678427 0.000849287218899191 0
4746 -111.779501976 33.429930611 34.3390026511559 0.000848056223236981 4.02487483548271
3617 -111.850100754 33.284077425 34.4553868958466 0.000842336729387369 3.04673195019411
4400 -111.87329877 33.2547197576 34.4666855800547 0.00084178455927948 3.70385206082971
5476 -111.798391166 33.3718444667 34.4707444593771 0.000841586333169813 4.60852676043789
4601 -111.779645212 33.4190344309 34.5152082096006 0.00083941940540142 3.86216868425194
4549 -111.828439844 33.3134648798 34.5350887185304 0.000838453241290486 3.81412379463042
2624 -111.815706977 33.331909416 34.623608919442 0.000834171470867965 2.18886593955754
3404 -111.779673208 33.4117687117 34.6450763921537 0.00083313801924745 2.83600181751832
5327 -111.83288266 33.298906634 34.7913035084254 0.000826149413543405 4.40089792594572
3307 -111.798390813 33.3571545313 34.8389833069109 0.000823889664303989 2.72460311985329
6086 -111.779744337 33.4008717567 34.8509189407639 0.00082332543462115 5.01075859510432
2839 -111.815509699 33.3243467109 34.860777805566 0.000822859816417547 2.33609901880942
4139 -111.76201888 33.4591157762 34.9166626810157 0.000820227914368749 3.39492333757225
4511 -111.850002791 33.2692582508 35.0096577584284 0.000815876209328775 3.6804175802821
6333 -111.77977243 33.3863349821 35.1524752846621 0.000809260190440273 5.12504478605825
5228 -111.815534836 33.3135594059 35.194004043626 0.000807351470820972 4.22083348945204
5189 -111.798335214 33.3426821893 35.2296027539314 0.000805720674673276 4.18088458087963
2963 -111.869274505 33.2391389148 35.2928720381219 0.000802834444450814 2.37879845890776
4910 -111.762309034 33.4300175781 35.3033418187445 0.000802358327818071 3.93957938958673
3670 -111.781188711 33.3719018216 35.402126940239 0.000797886817895447 2.92824462167629
2276 -111.76236599 33.4191062952 35.479603012625 0.000794405964829641 1.80806797595226
5737 -111.744771889 33.5851428603 35.4891502009253 0.000793978604741776 4.55505525540357
6086 -111.749692677 33.6255888121 35.5297498350979 0.000792165092204605 4.82111675115723
2730 -111.996102935 33.1298527419 35.5331857373188 0.000792011901875617 2.16219249212044
5771 -111.85114945 33.2542305242 35.5337093338181 0.000791988561131762 4.5705659862914
3569 -111.753507899 33.4445754102 35.5856209337622 0.000789679572019573 2.81836639253785
5248 -111.875520231 33.2254434325 35.5866342952205 0.000789634598986022 4.14400237547864
2626 -111.762423755 33.4118402393 35.6042647532098 0.000788852772826765 2.07152738144308
4040 -111.798457043 33.3281229372 35.6373163122776 0.000787390220300553 3.18105649001423
4159 -111.815572102 33.299028481 35.6624635783436 0.000786280160692827 3.27013918832147
4977 -111.781418823 33.3572857852 35.7465554945299 0.000782585145452707 3.89492626891812
5643 -111.762479652 33.4009280556 35.805633322891 0.000780004809065368 4.40156713755587
2755 -111.884582058 33.2109063396 35.8195219602981 0.000779400049250243 2.14724713568442
1081 -111.744151282 33.4666174886 35.8493186766514 0.000778104966847647 0.841131469162306
4671 -111.762538238 33.3863829528 36.0977185925568 0.000767433035156817 3.58467970721749
4334 -111.781367422 33.3427121574 36.1298514266263 0.000766068577150329 3.32014121336953
6130 -111.813383564 33.2874596745 36.1625468190501 0.000764683962834692 4.68751269217666
2500 -111.798381494 33.30998877 36.1896606222198 0.000763538568090028 1.90884642022507
4300 -111.745023492 33.430011204 36.2758090200782 0.000759916345941569 3.26764028754875
5072 -111.764236573 33.3718474171 36.3256831360987 0.000757831091938193 3.84371929831052
2699 -111.851223958 33.2341122521 36.338233071964 0.000757307726410369 2.04397355358159
3754 -111.74506528 33.4191362695 36.4476499711036 0.000752767632015866 2.82588969058756
4909 -111.781472139 33.3282796121 36.524703647622 0.000749594857165106 3.6797611538235
4487 -111.798290503 33.2991273975 36.5394504265578 0.000748989928580586 3.36071780954109
2987 -111.745084222 33.4118754522 36.5710480493487 0.000747696223391353 2.23336861926997
2704 -111.867083781 33.2109401856 36.596446936178 0.000746658742250605 2.01896523904564
6098 -111.818850167 33.2673868368 36.5997342712296 0.000746524620663484 4.55230713680592
3015 -111.787185864 33.3149612405 36.6169057678911 0.000745824619445972 2.24866122762961
2727 -112.067241811 33.0745155472 36.6311272648684 0.000745245620959881 2.0322848083576
5113 -111.764482514 33.3573739964 36.6569664520728 0.000744195356516885 3.80507085787083
4280 -111.745128958 33.4010033341 36.7669660229301 0.000739749043840684 3.16612590763813
6644 -111.720611808 33.5925940986 36.9185788851337 0.000733685691468728 4.87460773411823
2446 -111.832554376 33.2404301023 36.9616440650153 0.00073197700668747 1.79041575835755
4 -111.73922935 33.6845909257 36.9655350357002 0.000731822919850767 0.00292729167940307
4352 -111.745601485 33.3867097848 37.0233885467373 0.000729537583607674 3.1749475638606
3044 -111.76431525 33.3428704504 37.0352540927764 0.000729070192452266 2.2192896658247
1760 -111.727563021 33.4445658469 37.0548798147587 0.000728298108462558 1.2818046708941
1087 -112.158331593 33.0349441864 37.1192629747232 0.000725773841301874 0.788916165495137
4861 -112.746427655 33.9755757253 37.22235999311 0.000721758969850968 3.50847035244555
4523 -111.747489184 33.3716946302 37.243052673004 0.0007209571570464 3.26088922132087
5279 -111.727720707 33.4300638761 37.249674302556 0.000720700860206615 3.80457984103072
3595 -111.717366134 33.4735752637 37.3092447289343 0.000718401259481162 2.58265252783478
2528 -111.849742197 33.2111745522 37.3688431275267 0.000716111575432676 1.8103300626938
2001 -112.054873326 33.0672528137 37.4085247750449 0.000714593129266424 1.42990085166211
1753 -111.727756862 33.419195639 37.4172326675967 0.000714260561854576 1.25209876493107
5029 -111.764371601 33.3283808824 37.4243972536668 0.000713987109678586 3.59064117457361
7209 -112.026864695 33.0796487958 37.4554719181936 0.000712802892517872 5.13859605216134
3416 -111.747231377 33.3574760524 37.5874697616756 0.000707805310204954 2.41786293966012
2771 -111.726489894 33.4117614213 37.6123470359363 0.000706869317370209 1.95873487843285
3926 -111.781526727 33.2920667161 37.6246044059729 0.000706408823627521 2.77336104156165
4061 -111.709182507 33.6130082201 37.7208535686324 0.00070280845367147 2.85410513035984
4148 -111.72785698 33.4010803629 37.7259545580113 0.000702618410708665 2.91446116761954
4212 -111.815300505 33.240758642 37.7722306544352 0.000700897859951335 2.95218178611503
4262 -111.764696444 33.3139331713 37.8208138038196 0.000699098324130496 2.97955705744417
3792 -111.832534601 33.2186342253 37.8446775255433 0.000698216941118302 2.6476386407206
5037 -111.747000499 33.3429672806 37.9602521478275 0.000693971799949385 3.49553595634505
2489 -111.728460444 33.3863025788 37.9777196449113 0.000693333575073522 1.725707268358
4872 -112.038862708 33.0649629328 37.9901955354586 0.00069287827162687 3.37570293936611
3889 -111.710258725 33.4446127629 38.0353267330372 0.000691234963852728 2.68821277442326
3261 -111.730681888 33.3720428513 38.1551688174283 0.000686899564675723 2.23997948040753
3980 -111.71041904 33.4300815801 38.2252408565676 0.000684383513215842 2.72384638259905
2070 -111.784252798 33.2689889422 38.2596465546265 0.000683153177484525 1.41412707739297
6420 -112.060176892 33.0490553107 38.3866220389244 0.000678641176412153 4.35687635256603
4390 -111.789716926 33.2555759578 38.4629737325696 0.000675949550176689 2.96741852527567
3325 -111.714393142 33.4003581231 38.4890018530755 0.000675035639882949 2.24449350261081
2738 -112.004800206 33.0730194804 38.5124071272073 0.00067421540586129 1.84600178124821
4461 -111.747212022 33.3211203672 38.5345273929381 0.000673441578107396 3.00422287993709
2709 -111.692185784 33.4910962285 38.6100981651714 0.000670807930585536 1.81721868395622
4648 -111.692581765 33.4735871352 38.7265543351717 0.00066677956992859 3.09919144102809
2902 -111.806699652 33.2262830771 38.7485080165904 0.000666024231454208 1.93280231968011
5070 -112.039691933 33.0509184573 38.8197532477216 0.00066358178897114 3.36435967008368
5073 -111.730276826 33.7482384161 38.8212300232548 0.000663531304083848 3.36609430561736
2825 -111.692707069 33.459095279 38.862789346223 0.000662112920710828 1.87046900100809
3511 -111.701768158 33.4192194864 38.8768470624802 0.000661634172384178 2.32299757924085
5979 -112.022046508 33.0579404595 38.892804686641 0.00066109134994921 3.95266518134633
2962 -111.815127391 33.2116578456 38.9412127644707 0.000659448757528394 1.9532872197991
4096 -111.710284172 33.3859863227 38.9893372827302 0.000657821847694426 2.69443828815637
4816 -111.789573891 33.2410224511 39.005337679222 0.000657282267616744 3.16547140084224
5049 -111.692923118 33.4446059129 39.0191232366975 0.000656817910599541 3.31627363061709
3724 -111.700765543 33.4121560596 39.0466416941706 0.000655892440657145 2.44254344900721
4302 -111.713518977 33.3721108559 39.0955969325219 0.000654250861056577 2.81458720426539
9135 -111.721484727 33.3503771247 39.1530751691745 0.000652331339653868 5.95904678773808
5087 -111.693114331 33.430124273 39.2017603195039 0.000650712069079111 3.31017229540544
4148 -111.729770424 33.3285648965 39.2582411683054 0.000648841056482477 2.69139270228932
6288 -111.751429939 33.2885796694 39.2805281693362 0.0006481049859863 4.07528415188186
3658 -111.695861416 33.3960377411 39.6001374901233 0.000637685603567585 2.33265393785023
5607 -111.738324682 33.2996171107 39.6224835445432 0.000636966530067957 3.57147133409103
4423 -111.72973628 33.3141149898 39.6543835645203 0.000635942125183216 2.81277201968537
5202 -111.797797242 33.2119122206 39.7423574795711 0.000633129790913522 3.29354117233214
5981 -111.757981729 33.2640180361 39.7495678102938 0.000632900119931127 3.78537561730807
6556 -111.66911228 33.4825369145 39.9961505400188 0.000625120312991885 4.0982887719748
4237 -111.696331871 33.37216166 40.0401285953399 0.000623747865949794 2.64281970802928
3380 -111.675966661 33.4189954661 40.332581727841 0.000614735020601098 2.07780436963171
3138 -111.772352863 33.226501407 40.3879290199923 0.000613051319230222 1.92375503974444
4812 -111.695951623 33.3505048473 40.5373269144564 0.000608540918020315 2.92829889751376
1531 -111.780911138 33.212012399 40.5373510850382 0.000608540192329896 0.931675034457071
971 -111.664518181 33.6411965241 40.5442006038744 0.000608334596690554 0.590692893386528
3819 -111.6760919 33.4006936592 40.6215357735571 0.000606020510053274 2.31439232789345
5465 -111.704135681 33.3287469533 40.6256366607329 0.000605898168767874 3.31123349231643
2510 -111.672541033 33.4116192798 40.6398356335869 0.00060547485855456 1.51974189497195
5259 -112.462021883 32.9617960204 40.7687017628449 0.000601653207005126 3.16409421563996
3838 -111.658904065 33.4586951893 40.7949773899126 0.000600878419266318 2.30617137314413
2753 -111.676554511 33.3861646542 40.8572052414291 0.000599049468987562 1.64918318812276
4324 -111.966004764 33.0525855365 40.9187193504648 0.000597249691468134 2.58250766590821
5195 -111.658860624 33.444072722 40.9606786480349 0.000596026696987422 3.09635869084966
5866 -111.678855947 33.3723950188 40.9991269596688 0.000594909332952723 3.48973814710067
6720 -111.703031509 33.3144683356 41.0608445300715 0.000593122289100087 3.98578178275258
5068 -111.658493671 33.4296647201 41.1659707419866 0.000590096824971364 2.99061070895487
5525 -111.713514998 33.2859957902 41.3236171846901 0.000585603064413974 3.23545693088721
5874 -111.764038603 33.2119703242 41.3449207799979 0.000584999738231327 3.43628846237081
5183 -111.70376939 33.2993934377 41.4407049968674 0.000582298578352871 3.01805353160293
3039 -111.65879952 33.4006140129 41.5908718889039 0.000578101305924238 1.75684986870376
1406 -111.640477822 33.4795991816 41.6605766859738 0.000576168412707981 0.810092788267421
8186 -111.738659366 33.2367184383 41.665177307234 0.000576041180017527 4.71547309962347
3275 -111.650034901 33.4187733113 41.7979673391722 0.000572386886514455 1.87456705333484
4191 -111.658771382 33.3862731112 41.8446068748163 0.000571111645419642 2.39352890595372
2954 -111.661821079 33.3717699684 41.9531337767831 0.000568160694970288 1.67834669294223
2157 -111.991910235 33.0207527118 41.9946404017076 0.000567038133688866 1.22310125436688
7264 -111.708586232 33.269477273 42.0880351347411 0.000564524373340634 4.10070504794637
3438 -111.646542318 33.4114928583 42.1041553726371 0.000564092182027182 1.93934892180945
4083 -111.697143297 33.2844802972 42.2224855270292 0.000560934832067038 2.29029691932972
6346 -111.661679787 33.3576004368 42.2540711820734 0.000560096528370158 3.55437256903702
3975 -111.641416514 33.4005890033 42.565709775946 0.000551925221804761 2.19390275667393
4792 -113.016682993 33.8287623335 42.6697559538298 0.000549236868195321 2.63194307239198
3982 -111.693570738 33.2730320657 42.7536637166215 0.000547083134001845 2.17848503959535
1111 -111.641777496 33.3865436923 42.7868958824602 0.00054623363573126 0.60686556929743
3292 -111.702923631 33.2563898108 42.7968533454794 0.000545979483005075 1.79736445805271
3496 -112.471286265 34.1565868919 42.8129734537028 0.000545568411747755 1.90730716747015
4647 -111.644759708 33.3719381487 42.8944708602429 0.000543497274300486 2.52563183367436
3948 -111.623975632 33.4295996389 43.12229949859 0.000537769511902877 2.12311403299256
6823 -111.711868785 33.2265950614 43.355215456796 0.000532006945730335 3.62988339071807
3870 -111.625674107 33.4010233338 43.4422944951878 0.000529876292943389 2.05062125369091
1685 -111.662140139 33.305855433 43.4710864023021 0.000529174626708641 0.89165924600406
2577 -111.620210514 33.4187194907 43.4830769339205 0.000528882825359399 1.36293104095117
4278 -111.678402477 33.2744059602 43.5007989379727 0.00052845198479672 2.26071759096037
4536 -113.061811682 33.316889248 43.5500659398956 0.000527257014460474 2.39163781759271
3616 -111.619691577 33.4114614883 43.6175425479824 0.000525626936582115 1.90066700268093
4865 -111.60806772 33.4559769361 43.7246560274791 0.000523054805740462 2.54466162992735
3883 -111.623704262 33.3884424763 43.7628302792815 0.00052214268387619 2.02748004149125
5715 -111.62742723 33.3718048193 43.8585181651364 0.000519866810053794 2.97103881945743
2348 -111.677623725 33.2572378193 44.0680265149701 0.000514935455479227 1.20906844946523
3883 -111.694515922 33.2268041392 44.2144150453616 0.000511531323300114 1.98627612837434
6698 -111.607119006 33.3934186249 44.6075635553208 0.000502554300998833 3.36610870809018
5789 -111.618522912 33.3572620675 44.6384359696818 0.000501859397645207 2.9052640529681
998 -111.633563117 33.3099555376 44.8970689457409 0.00049609405310249 0.495101864996285
2865 -111.594194258 33.4186958497 44.9549076592824 0.000494818331054985 1.41765451847253
0 -111.619139872 33.335543676 45.0692411772559 0.000492310964210927 0
3626 -111.593667205 33.4114558399 45.0863188466642 0.000491938082511167 1.78376748718549
2875 -111.65530782 33.2588284478 45.1731097458992 0.000490049581444447 1.40889254665278
3272 -111.587843872 33.4283501912 45.1881610187597 0.000489723184378408 1.60237425928615
3523 -111.66025871 33.2414769165 45.4611622611873 0.000483859119248465 1.70463567711234
7287 -111.598539087 33.3668284824 45.5577010695885 0.000481810653668907 3.51095423328533
4513 -111.5895804 33.3930255243 45.598286139224 0.000480953357557284 2.17054250265602
4966 -111.572048137 33.4259474257 46.1150868477916 0.000470233903541255 2.33518156498587
4152 -111.572019281 33.400596235 46.4678371352377 0.000463121649017316 1.9228810867199
7730 -111.593178514 33.3353780696 46.4945045543477 0.00046259054464616 3.57582491011481
3773 -111.563766542 33.4113832166 46.777353113595 0.000457013166873141 1.72431067861236
2778 -111.554709865 33.4260215934 47.0987684866162 0.000450796875065014 1.25231371893061
2333 -111.563383463 33.3860957795 47.1816078727716 0.000449215286185335 1.04801926267039
6151 -111.638955809 33.2179468452 47.316830571051 0.000446651407552646 2.74735280785633
5230 -111.554754635 33.40059151 47.4413480627105 0.00044430986673633 2.323740603031
3393 -111.611655109 33.2591528099 47.4428433283323 0.000444281860371064 1.50744835223902
7549 -111.619327197 33.2366588341 47.7197848312653 0.00043914004947033 3.31506823345152
2426 -111.538880533 33.4507808496 47.7282689783599 0.000438983940828095 1.06497504044896
4640 -111.547218669 33.7440093557 48.7128512948033 0.000421417822279305 1.95537869537597
3022 -111.525931026 33.4204526794 48.8024156973243 0.000419872431538127 1.26885448810822
5001 -111.529397112 33.4008139269 48.8695547597169 0.000418719546994039 2.09401645451719
6486 -111.528637681 33.3862022916 49.1321425436757 0.000414255796157898 2.68686309388013
2500 -112.142151987 34.2365076573 49.4363142766376 0.000409173812851193 1.02293453212798
2314 -111.638833984 33.1569629842 49.4895443459639 0.000408294086135806 0.944792515318254
6610 -111.562880842 33.2787616741 49.4923848801795 0.000408247220742559 2.69851412910831
6041 -111.689771734 33.0872905399 49.9606964626091 0.000400629598864834 2.42020340674246
