"pop" "long" "lat" "miles"
2507 -122.4889611 47.1290698691 0.388782566745691
4213 -122.505432136 47.144376493 1.16213718169377
5115 -122.451553715 47.133440529 1.60931744988548
1909 -122.467276094 47.1565115852 1.76825584284528
3625 -122.500196985 47.159935824 1.90307637450983
5539 -122.445287111 47.1456925831 2.06125798377488
4713 -122.516205966 47.1575110881 2.15547337427286
4360 -122.466777429 47.1638450405 2.23339420445114
3994 -122.449721152 47.1102297601 2.37321021103845
3480 -122.495166397 47.168551867 2.41438580963507
2853 -122.442317752 47.1547502288 2.48683790471904
5183 -122.536542032 47.153170386 2.7256059580241
3670 -122.463189961 47.1710462592 2.75780951513216
3768 -122.443417673 47.1641798798 2.87245085966725
4779 -122.545324325 47.1242363925 2.88868234240078
5202 -122.42357366 47.132383041 2.92789679972533
3920 -122.475153581 47.1781340803 3.07658424863114
4679 -122.539940513 47.1060728173 3.21057284531249
5179 -122.452560633 47.175606353 3.25903887360814
5648 -122.556821616 47.1455764601 3.43557488263151
4005 -122.420469334 47.1098283434 3.50545479036337
7355 -122.418306649 47.1599575745 3.63678101999828
5254 -122.507849461 47.1847236603 3.64356759773174
5314 -122.40542422 47.1216363439 3.87883211573405
4164 -122.452401748 47.1863834605 3.93268249182228
4409 -122.417465982 47.1007091604 3.96320975854423
4197 -122.558745775 47.1668761779 4.1101426987694
7592 -122.431461301 47.1809644087 4.11841246025662
4112 -122.496473532 47.1940391288 4.16701922764554
5921 -122.533947007 47.186148238 4.24665000796176
2956 -122.467791401 47.1971751377 4.43422556866091
5724 -122.419968242 47.0857696604 4.56386713858651
7365 -122.478616997 47.2004225977 4.59006205647515
4369 -122.577337157 47.1604665454 4.67583133538524
4920 -122.41003551 47.1797735875 4.75361749458744
4270 -122.451880098 47.1990865103 4.75957771138103
3705 -122.3846658 47.1506620392 4.88893823348667
5230 -122.557285454 47.1883003286 5.03074582551047
6166 -122.379347455 47.1240744394 5.05583782512665
5612 -122.520334175 47.2043152995 5.112963473879
4855 -122.432185168 47.1989982929 5.13866923557306
2514 -122.590844449 47.1661691916 5.41558088984881
2716 -122.601873214 47.1287741941 5.47866076945921
4725 -122.408873997 47.0718295369 5.63345365263029
3797 -122.517447707 47.2136262041 5.69009929179049
2362 -122.37754561 47.1712984441 5.69826043929002
7857 -122.408713166 47.1990229956 5.76188429066127
7073 -122.452233838 47.2149446538 5.80035722556457
6886 -122.559460795 47.2030313902 5.8875492891893
2977 -122.476156356 47.2197451816 5.93157013312626
5471 -122.433811102 47.2145390883 6.06722130904981
3468 -122.605184711 47.1679117885 6.08286321015973
6126 -122.380033869 47.0824073083 6.13356608384343
6130 -122.497199867 47.2243122616 6.25366461582791
5244 -122.416806369 47.2142389791 6.41285443160396
5214 -122.606719719 47.0909325704 6.43556357981741
4357 -122.55294828 47.2165581726 6.51236181375431
2880 -122.451848099 47.2267948384 6.59734314021734
5903 -122.515864026 47.2311300877 6.85007438382391
2447 -122.401226943 47.2153896821 6.87727282570696
1961 -122.434170031 47.2276833051 6.90323234307046
1392 -122.545290957 47.0427557914 6.92230700213218
4571 -122.338356403 47.1307102796 6.93965641898543
4231 -122.531194697 47.2297429591 6.94322175815222
4335 -122.340317612 47.1150605123 6.97151247497653
4629 -122.336056089 47.1474708081 7.10168431698327
3803 -122.543567984 47.2295928907 7.13418115301233
6504 -122.374544074 47.2050671621 7.16527425587176
4228 -122.418714689 47.2289536873 7.26974987829154
4578 -122.457794455 47.238708148 7.34457430964697
5892 -122.557488107 47.2309325176 7.49097484084279
7451 -122.337046187 47.0941148928 7.52973679477184
4668 -122.342913149 47.1853763376 7.59177127184845
956 -122.437751375 47.2401553255 7.66565854580384
6200 -122.493979824 47.2456972196 7.71938853022219
6589 -122.326275251 47.1622485181 7.74774967119349
3150 -122.402620967 47.232184152 7.82093392796629
4968 -122.47455008 47.249089591 7.96167746411739
6632 -122.351123189 47.0618308914 8.07890390467786
4808 -122.459025037 47.2500384725 8.10772693950974
4187 -122.52250694 47.2494456168 8.15427296958005
4442 -122.448340739 47.2502705917 8.21619893437024
5895 -122.305282952 47.1393559267 8.49842656509508
5610 -122.375888539 47.0366998268 8.50261715314141
8267 -122.659751908 47.1011882798 8.50460640173359
3791 -122.543421196 47.2515666046 8.55670036713564
3412 -122.30502036 47.1191805328 8.56861873331334
1824 -122.440242548 47.2542254138 8.57057588324283
4708 -122.305447136 47.1034935276 8.74871075908665
6523 -122.478539832 47.2613716708 8.80039492140931
9584 -122.316579175 47.0793054202 8.82424014738021
6099 -122.307852462 47.1810654812 8.97188429776941
4124 -122.319017251 47.1979120828 8.99276887768447
2045 -122.509812693 47.2633007208 8.99879635282903
4742 -122.449492002 47.2621830918 9.01245134590186
4940 -122.496345192 47.2655930184 9.09958636249629
4449 -122.351030589 47.0386799205 9.16237773755801
3616 -122.30149829 47.0907162547 9.18087549774016
5262 -122.460451719 47.2661260617 9.19982433933576
6790 -122.34586233 47.2287534284 9.27278736911176
6359 -122.528897592 47.2656142957 9.31108037864011
1928 -122.403458695 47.2595763112 9.49302898717592
3923 -122.478043085 47.2732691725 9.62367625069279
3945 -122.364775823 47.2474326138 9.67639720731763
7128 -122.279304206 47.1406511282 9.72348815805474
4346 -122.279212872 47.1196066429 9.77219014116585
2793 -122.304115187 47.0645010299 9.81890951603984
3608 -122.298360822 47.1972268431 9.83019288340896
5671 -122.279152032 47.156728539 9.84274104520733
3985 -122.303864198 47.207755978 9.94990403797403
3649 -122.281892755 47.1768056905 10.0301556283439
3633 -122.624392149 47.2465776601 10.1423310744877
4392 -122.274160105 47.1057842836 10.1514042652818
5015 -122.509918674 47.2808039053 10.2016051798673
3043 -122.523103602 47.2811179793 10.3104825663985
3896 -122.494666931 47.2835479987 10.3364411806929
2845 -122.312769824 47.2297445703 10.4770265770188
4205 -122.264998655 47.163538011 10.5801584512585
3352 -122.316784646 47.030726363 10.7052989764159
3864 -122.254416191 47.134956001 10.8851687508433
4775 -122.265239355 47.1852023931 10.9535472909853
4549 -122.254405558 47.1020468793 11.1143498515514
6065 -122.316285382 47.2491934106 11.2547314262001
6364 -122.264212316 47.0711373452 11.3069512368545
5919 -122.583988968 47.2842304265 11.356119162838
5839 -122.372185762 47.2792510541 11.3616169058201
6082 -122.506214472 46.9689937214 11.4715465969241
4515 -122.245647467 47.1700005331 11.5616429280301
5431 -122.398681454 46.9752739498 11.7367790839311
4106 -122.523260028 47.3026620854 11.7827621388486
5902 -122.395460405 47.294008627 11.8375108709686
7030 -122.273974936 47.2311566909 12.0023516463339
2510 -122.61909322 47.2822365802 12.0030842907841
4106 -122.416021415 47.3011924017 12.0038971390767
4790 -122.571667979 47.3009525318 12.2182375192595
2839 -122.694571246 47.0292455952 12.2278644419234
2987 -122.330381336 47.2767673234 12.2676815284016
4736 -122.368186585 47.293235697 12.3069746798021
4270 -122.30993702 47.2662846954 12.3162095999367
2760 -122.419990316 47.3084909742 12.4427183518485
4033 -122.236773581 47.1965826888 12.4773271448395
5551 -122.349594415 47.2901073004 12.5365028944714
4465 -122.221462456 47.1107309306 12.5444765754044
2046 -122.223456117 47.1670353191 12.5450039467777
7128 -122.749539631 47.0910603811 12.77332258371
5681 -122.39123519 47.3093156736 12.8984185789194
6462 -122.740473655 47.208340176 13.029599681182
4601 -122.247727775 47.0382282091 13.0297853929216
5034 -122.368661878 47.3074353386 13.1824678725421
4208 -122.281162949 47.2676523023 13.3266383024295
5467 -122.238196791 47.228164211 13.328676397921
5730 -122.338743529 47.3020934421 13.5093368453019
3693 -122.209039068 47.0807058787 13.5431827685765
6266 -122.352037288 47.3083340605 13.5820349454101
4246 -122.753246091 47.0571225346 13.6806224888803
3791 -122.326630189 46.9678593584 13.7365881905993
4869 -122.19817278 47.1699148127 13.7504676312359
4906 -122.382947308 47.3206756374 13.7703735158816
3612 -122.313947608 47.3002397554 14.035356797728
5831 -122.631398571 47.3115288872 14.043574495391
3795 -122.323667537 47.3080846701 14.232921927303
9225 -122.744161193 47.0272584387 14.2462168508058
5203 -122.182566832 47.1244324575 14.2836185145162
4107 -122.666303912 47.3033191076 14.4484998536582
2643 -122.589909326 47.3313204883 14.484073082411
7354 -122.625533453 46.9476139924 14.494583202171
5605 -122.244247071 47.2655012373 14.5345173969855
8134 -122.283312989 47.2934883294 14.5533991448031
5327 -122.345480968 47.3222967385 14.5814794785834
6029 -122.194367212 47.2088659427 14.6413627564987
3782 -122.179506981 47.1848873101 14.8232072394098
5207 -122.215672333 47.2465448872 14.883084239342
3606 -122.253073925 47.2807352537 14.9070227615937
5759 -122.779509106 47.0528049009 14.9379012828437
5219 -122.804623138 47.1117998275 15.0894270888657
4794 -122.596598723 46.9279174171 15.1993583708012
6484 -122.323126988 47.3243881856 15.2098838861845
5178 -122.164557563 47.1599019619 15.2138807452268
2880 -122.193078122 47.2287162461 15.2323535929518
7323 -122.345049419 47.3342183415 15.3301020408451
3736 -122.304372282 47.3225091695 15.5619644456107
7501 -122.774521867 47.0241470225 15.5904205371168
6575 -122.234584965 47.2869687935 15.839225436363
4021 -122.712174765 46.9604756439 16.0748021576267
4823 -122.282961921 47.3245936206 16.2509989562888
5601 -122.146856884 47.1814502964 16.2705607408154
4638 -122.632799676 47.3482298825 16.3342082169664
5530 -122.302808816 47.3365329999 16.4200936942066
4597 -122.176931497 47.2460234236 16.4469832444028
3683 -122.213733665 47.2860668965 16.542532089308
3438 -122.563783558 47.3684215642 16.6082815249887
4624 -122.133986044 47.1564041206 16.6196525617213
4427 -122.261742864 47.3204366952 16.6311289839868
3708 -122.769536291 46.9907351912 16.6548274374662
3828 -122.419189191 46.8976715785 16.6626524040769
3347 -122.188681463 47.267745605 16.7387980882106
3796 -122.221594106 47.2971663844 16.7640694540384
4960 -122.816442791 47.0434671915 16.7937613453302
5159 -122.809261829 47.029879102 16.8628620477021
3598 -122.127085327 47.1388923357 16.8793095571773
3154 -122.216647909 46.972221425 16.9243787708272
4945 -122.470277645 47.3795746079 16.9858946337623
6707 -122.801721816 47.0152544834 17.0102298262723
2563 -122.8454763 47.0954733817 17.1458302641808
8055 -122.303406137 47.3501144636 17.2131993428875
7005 -122.83524119 47.0583657951 17.2753586723023
4414 -122.796907829 46.999160077 17.3861568786605
5877 -122.312976229 47.359349054 17.5577301679995
6904 -122.598501349 47.3774277759 17.6353988064846
6718 -122.189436496 47.2908489832 17.6404152131355
4876 -122.128503764 47.2125097942 17.6487654450475
8969 -122.274082991 47.3456945611 17.6845449272481
5331 -122.207816075 47.3071477987 17.7067379691934
1686 -122.237144277 47.3279681041 17.7740787411257
3898 -122.763898989 47.3107722011 17.8853251821878
4336 -122.834879885 47.0246160545 18.1109545294711
4484 -122.213361497 47.3213107229 18.1973690258438
4175 -122.875527405 47.1187204489 18.3768228143543
6863 -122.827971134 47.0042193443 18.4633741718151
5581 -122.817450165 46.9895720908 18.5600548466538
3458 -122.089693255 47.1618034616 18.729003930766
4877 -122.183955351 47.3122266753 18.7767471373046
4172 -122.084110033 47.112475454 18.9630278533016
4230 -122.319785669 47.3845548771 18.9868050278089
7914 -122.26843964 47.366048585 19.0055807749206
5422 -122.859862434 47.0286412745 19.077025197512
5466 -122.305728914 47.3825476038 19.1423650374226
3751 -122.296872834 47.3798383203 19.163279264117
4181 -122.216005773 47.342233751 19.1694848954142
5141 -122.879867491 47.0609969204 19.2389057274259
5064 -122.873587238 47.0437554573 19.309616908395
4186 -122.669436961 47.3861312636 19.4414397274537
4329 -122.284083713 47.3799463721 19.45490234718
3909 -122.719085432 46.8987037738 19.6616193483998
6673 -122.177673628 47.3277262783 19.7106351935042
7502 -122.857327508 47.0014388796 19.7718549392474
5462 -122.185849082 47.3385980172 19.9549054617448
7056 -122.224564769 47.3645889574 20.1064929898169
2788 -122.586042741 47.4174486733 20.1479900473728
3368 -122.317920318 47.4030119871 20.1913963514515
6495 -122.301763254 47.3994136077 20.2737897601103
3513 -122.88642444 47.0251588139 20.3272744036345
4602 -122.263053469 47.3883386803 20.4503146813606
2990 -122.280479273 47.3964371838 20.5371357166905
3100 -122.900541158 47.0400118856 20.5957928989431
4540 -122.853217999 46.9708773517 20.6800849155855
6038 -122.122878779 47.3041615083 20.7068359995811
7153 -122.184587177 47.3573123857 20.9302440526756
2487 -122.054353563 47.2091009606 20.9357230096292
5235 -122.753508706 47.3770096992 20.977607213455
3537 -122.231384129 47.3862817304 21.1313150332122
5055 -122.327809611 47.4212352172 21.1904981131382
7896 -122.204448735 47.3760982427 21.31423003559
6401 -122.067827 47.2557729641 21.3663175269528
3095 -122.308589338 47.4206985896 21.4883506204908
5960 -122.926844092 47.0545961856 21.4912984791424
6035 -122.920598128 47.0344734646 21.6142494569308
5292 -122.194531978 47.3797235506 21.8002664309616
7154 -122.600920863 46.828351556 21.8466640803154
5679 -122.47518455 47.4502709201 21.8662908988107
6214 -122.343083704 47.4353103271 21.8750774303504
5539 -122.142180816 47.3502890554 21.9917780434817
3568 -122.942496356 47.064260255 22.046314836419
6780 -122.175394625 47.3746451509 22.1097059858809
4395 -122.578271661 47.4478931487 22.1263818946286
6128 -122.288024693 47.4250287171 22.1513029073254
6309 -122.9036559 46.9856822131 22.2137906648106
5791 -122.936507206 47.2316926513 22.2390676359174
5422 -122.647089745 47.4368197091 22.2575955418326
6666 -122.216680711 47.3992900044 22.2629553827049
4948 -122.011844067 47.1501525951 22.3237288723207
6567 -122.927811221 47.0179175001 22.3262778837497
4885 -122.201760361 47.3942407976 22.3864125438761
3853 -122.243562395 47.4132033178 22.3951479562374
1703 -122.944236651 47.0417098292 22.5234317253301
4371 -122.011851139 47.1859381682 22.5737751179492
4376 -122.191648616 47.394708008 22.6978726072289
7158 -122.96222712 47.0808635037 22.7356926391156
3847 -122.326436814 47.4450535942 22.7618640067828
6649 -122.14920334 47.3718890984 22.8012036523371
3290 -122.363030288 47.4534947162 22.8216645707532
4580 -122.269884175 47.4309718253 22.8888129327104
5134 -122.087981168 47.3298670379 23.0684680208145
3233 -122.401658992 46.8052591936 23.1003484372533
5004 -122.176186792 47.3944874573 23.1346240758116
4986 -122.284113696 47.4396837015 23.1496033517207
4122 -122.935613918 46.99637332 23.24421778138
5535 -122.1972427 47.4089150121 23.3311226723203
5097 -122.303038916 47.450153048 23.4734571648835
6310 -122.117160584 47.3641329926 23.5030671631983
6514 -122.347745777 47.4642408878 23.7270805097203
3914 -122.209098648 47.4229932275 23.8220594930873
5645 -122.725663036 47.4384796756 23.8671271119172
5780 -121.989431719 47.2064870522 23.8677367864172
5861 -122.175912536 47.4089267549 23.9266821932308
4275 -122.08095447 47.3505871941 24.1929391536977
3366 -122.323967804 47.466623778 24.2117560688119
4224 -122.910556845 46.9328144138 24.398774761542
3283 -122.186477612 47.4230513216 24.4201008876464
4648 -122.358452647 47.4769400069 24.4456872648789
3744 -122.111967587 47.3805427764 24.4578877925863
3589 -122.042874623 47.3207284694 24.478032158627
2477 -122.299208275 47.4686930527 24.7342852514602
5682 -122.867290592 46.8878336117 24.7872996698737
7517 -122.201441421 47.4368853574 24.8236722120554
6457 -122.084971093 47.3707893507 24.9360481566606
4718 -122.277046002 47.4658051057 24.9371188083539
4718 -122.341194709 47.4816396011 24.9685113445158
4879 -122.980390888 47.0014177003 25.0520615869102
3743 -122.963270378 47.2980132419 25.1347532662253
3883 -122.159931309 47.4231094958 25.1603912188612
8817 -122.849522523 47.4018840316 25.1860636191772
4311 -122.614202542 47.4884271767 25.2301063442273
5421 -122.323635958 47.482734957 25.2768113084385
4998 -122.24333628 47.4605931007 25.2769936801093
4639 -122.567710881 47.496963237 25.3833826471243
6327 -122.300262176 47.4796840854 25.4295673025478
4777 -122.122574892 47.4075147269 25.4532157332196
3215 -122.524100096 47.502178434 25.5148235086495
4954 -122.209679103 47.4546586472 25.670651857619
4836 -122.17015119 47.4381058499 25.7114600147855
5472 -122.362124461 47.4982814215 25.8403041917409
4797 -122.034861532 47.3507314759 25.9340378563127
4090 -122.052035418 47.3672417106 25.9702084187638
4906 -122.343764816 47.4976867731 26.0072091644782
4551 -122.193803892 47.4546809976 26.0556546195823
4676 -122.178461364 47.4504006473 26.1937077109526
2681 -122.383434101 47.5069661669 26.2249400584712
2558 -122.281140903 47.4872991238 26.2394672664338
3431 -122.299854914 47.4920387948 26.2402508266056
3489 -122.322837637 47.4972621636 26.2474822781503
6220 -122.129565123 46.8414623572 26.3176813717915
3037 -122.143481411 47.4378541842 26.4381615707648
4127 -122.96960279 46.9373134829 26.569584195746
5728 -121.991067684 47.3211535632 26.5914435263891
5385 -122.343762729 47.5072490557 26.6470345417429
3349 -122.380678318 47.5129374292 26.6546585179082
4117 -122.035475418 47.3690732429 26.6609980452513
4852 -123.048054888 47.1830333679 26.6637252002428
3457 -122.065096939 47.3932812255 26.663914030512
3714 -122.169173455 47.454768556 26.6861913478434
2306 -122.363270818 47.5128536904 26.8118428884371
6712 -122.25008403 47.489615062 26.9523598802326
4266 -122.142750983 47.4471098653 26.9691571273656
3459 -122.337487141 47.512810783 27.093639845242
4519 -122.820311931 46.8158780472 27.0989775020438
5545 -122.191377585 47.4716052037 27.1152435031893
7911 -122.2283396 47.4858336784 27.1519788219795
5745 -122.311867981 47.5102247072 27.2557308132528
6029 -122.59640823 47.5212678701 27.2700454585742
3495 -122.164565071 47.4638192525 27.3264777547731
4174 -122.364617084 47.5206657967 27.3266630352703
6565 -122.723220672 47.4958678853 27.3821567510182
6123 -122.624978329 47.5189229817 27.3988104568389
5175 -122.023360936 47.3780526391 27.4894153282545
4366 -122.211991045 47.4857516829 27.4964578463282
1626 -122.28915938 47.5100039112 27.5785568696925
7399 -122.130455144 47.4532892344 27.6565949366415
6413 -122.388103485 47.5288422067 27.6768146232749
5274 -122.236215217 47.4990417659 27.8152759711168
7108 -122.258505053 47.5059407602 27.8319554261042
4191 -122.375543973 47.5301799034 27.871172186344
6767 -123.073104447 47.0748100496 27.9595168293295
4027 -122.362013726 47.5297020665 27.9633501946092
5984 -122.344726507 47.5274433152 27.990807998207
6804 -122.645940655 47.5261023582 28.1276225157966
3594 -122.097706665 47.4442762075 28.1317011329123
4941 -122.174858413 47.4827596034 28.1744117084908
3906 -122.326173337 47.5290482815 28.3159352782979
5538 -122.282845234 47.520163866 28.3396202136068
5474 -122.14889169 47.477710934 28.5325100795584
6925 -122.183904033 47.4945428143 28.6622561298239
7383 -122.266127122 47.5225976849 28.7693116746771
3385 -122.366053133 47.5428884102 28.8186722259503
5004 -122.201225629 47.5039852851 28.8468410039816
7310 -122.388702496 47.5471492859 28.9219427926239
3679 -122.373035833 47.5468052133 29.0230801641019
4014 -123.086964876 47.2299490307 29.0318282868385
5609 -122.590599055 47.5484783602 29.0725827858281
4841 -122.169949685 47.4970795453 29.141838756926
1287 -122.319681375 47.5421688455 29.2714804186114
4596 -122.351579177 47.5480230085 29.3051351303794
4888 -123.046021418 47.3236321218 29.3989881315597
4479 -122.298901148 47.5404104052 29.4293322287678
4534 -122.286224859 47.5383747236 29.4780903103351
6035 -122.555877909 47.5599301124 29.6291419496861
4794 -123.108275106 47.2015640288 29.6446931102936
6342 -122.385549302 47.5574461507 29.6485385358271
2906 -122.031696802 47.432502008 29.6578848558419
7929 -122.182736648 47.5106920278 29.6638959883692
4390 -122.277387733 47.5394767035 29.6840690971666
6411 -122.110882242 47.4822004346 29.806792277675
4419 -122.266956832 47.5396176039 29.8576712712134
7456 -122.140707352 47.4981083455 29.9218393182174
4669 -122.310241087 47.553792747 30.1647722349517
3662 -122.226815577 47.5342558603 30.2153910990575
5797 -122.154979226 47.5093968871 30.2319772780603
3329 -122.062797375 47.4648107129 30.2738467874895
4432 -122.295629222 47.5531938551 30.319091909832
3513 -122.641634902 47.5601254946 30.3523359227582
1754 -123.11946703 47.2244623881 30.4430768554314
3652 -122.670809572 47.5567892254 30.4889631346849
5290 -122.407335291 47.5718298862 30.4914724036818
5173 -122.39599894 47.5719222789 30.5663639205016
5940 -122.282635052 47.5541546446 30.5667616175639
3521 -123.084394996 46.9636888182 30.5837102428343
6198 -122.383095819 47.5719535644 30.6575407252241
4835 -122.262761725 47.5532499177 30.8106933648473
3017 -122.642929174 47.5671040093 30.8354057853265
4787 -122.361200067 47.5721463266 30.848272459653
2900 -122.62913521 47.569565223 30.8534844744087
2897 -122.657590183 47.5649560845 30.8633289431921
7058 -122.186917021 47.5344263151 31.0246146380443
4302 -122.223655954 47.5481933057 31.1581564492947
3616 -121.881895923 47.321003099 31.1683228246334
3769 -122.305019778 47.5680006871 31.176776964071
6553 -122.282943498 47.56616159 31.3523697936379
4430 -122.699884108 47.5642005074 31.3893836181712
2354 -122.330681731 47.5759766606 31.408154734584
3361 -122.606612708 47.5809432427 31.4146144823026
4921 -122.648704013 47.576918189 31.559272407236
5429 -123.139438089 47.2408530641 31.6032345025204
4635 -122.169483632 47.5377859519 31.6069332323693
3149 -122.621052934 47.5821894774 31.628079443852
5252 -122.387560276 47.586846366 31.6441918111161
4313 -122.309566497 47.5765799205 31.6919743895938
4645 -122.146688518 47.5307257028 31.6990671238741
6144 -122.977387894 47.4501743229 31.7755852915924
3236 -122.671587101 47.5829159752 32.2348921273219
5906 -122.292359216 47.5823390337 32.2935498509029
4595 -122.219517239 47.5671512862 32.4407064740549
5700 -122.309873625 47.5881948817 32.4644701335256
2246 -122.963422734 46.7947140833 32.5596167744378
4615 -122.635381483 47.5939728795 32.5648179375212
5088 -122.098717459 47.5269340628 32.6663036885489
3511 -122.621312279 47.5975697178 32.6732575712427
6033 -122.053169978 47.5051396169 32.7059283792377
3276 -123.182766366 47.1228034431 32.8136086908682
3598 -122.180845529 47.5614709466 32.8260546469172
1921 -122.69257159 47.5892049921 32.9296700848498
2417 -122.647168646 47.5977121025 32.939802586475
6641 -122.538030582 47.609793806 32.9865282456218
2508 -122.321751678 47.5984348017 33.0159781759179
6864 -122.141311933 47.5508739006 33.0332870006884
2825 -122.330523319 47.600430271 33.057383583153
2925 -122.309092907 47.5982697655 33.1479498960362
6342 -123.063265994 46.8599709892 33.2017042605671
4829 -122.294231828 47.5967242801 33.2256867713679
7255 -122.238887283 47.584913807 33.2509376757217
4175 -122.293993792 46.6716358681 33.2584056148814
2885 -122.21785276 47.5795359501 33.2619443880647
2944 -122.609042118 47.6085965768 33.3172123170349
4070 -122.336907239 47.6065035489 33.4035380629104
4754 -121.916655023 47.4246360665 33.4172320162883
5017 -122.157532607 47.5633110333 33.4290339851083
4341 -122.324950413 47.6051241117 33.4319778057409
5055 -122.316690739 47.6071042098 33.6543519078453
3843 -122.307795892 47.6059293797 33.6761130578323
3013 -122.345302463 47.6121004408 33.7032225561735
3280 -122.331956822 47.6103919728 33.7153697459685
2505 -122.328000779 47.611822146 33.851967498579
5588 -122.35228712 47.6155772614 33.8771945453831
3503 -122.297642872 47.6073358931 33.8908996346927
4160 -122.644896747 47.6129804036 33.94482778878
3760 -122.323953598 47.6134731721 34.0051532868859
6924 -122.19761382 47.586624241 34.0806082212038
3795 -122.133730753 47.5653671465 34.0809886272642
6817 -122.108110968 47.5567306368 34.1664513064379
5683 -122.849962794 47.5623086735 34.1788708850906
5318 -122.343128784 47.619452087 34.2217629007261
5668 -122.152034267 47.5743967526 34.227911677091
5147 -122.30766795 47.6143867469 34.2445331460416
3055 -122.357527694 47.6224817527 34.3028153150562
3819 -122.774311565 46.6784796907 34.3499522968801
4668 -122.333524268 47.6200113505 34.3502496795438
4921 -122.324431488 47.6187606817 34.3567918715623
6282 -122.316898957 47.618382309 34.4106407089451
5145 -122.28697502 47.6134459864 34.430824509042
5703 -122.931305203 46.7395751002 34.4704164812783
730 -123.160523532 47.334913552 34.6003127065115
7032 -122.516060299 47.6344484648 34.6300080537224
4115 -122.324661556 47.6229267772 34.6355629488196
4546 -121.967146375 47.491189362 34.6578681137567
4476 -122.297342703 47.6191320531 34.6827898221613
3093 -122.712477399 47.6116112936 34.687477922681
4280 -122.048833579 47.5390634975 34.6931565188019
6959 -122.356818151 47.6282408896 34.7008222289067
3498 -122.307589462 47.6218607452 34.7469312134106
2536 -122.188734112 47.5957421387 34.8243123184281
3667 -122.172880883 47.5913722536 34.8534806876802
4080 -122.366979892 47.6343563772 35.0387258065011
6544 -122.345347331 47.6321972703 35.0670680862068
3546 -122.146740762 47.586758413 35.1014469251415
7944 -122.613209726 47.6345123105 35.1165389079515
5059 -122.380375832 47.6372997372 35.1461825360587
3540 -122.326878066 47.6319894314 35.225455736995
3207 -122.304830392 47.6285331345 35.2258850365384
2834 -122.35647361 47.6360344135 35.2345190615517
4157 -122.317752153 47.630957717 35.2486511754785
3321 -122.086763283 47.5673788249 35.3169810485899
3968 -122.66144514 47.6308342239 35.3229522022598
6382 -122.405914581 47.6428837139 35.3823604316434
6356 -122.639686533 47.6357686938 35.4335627994931
3888 -122.113180279 47.5806641762 35.4733917457418
3406 -121.768645306 46.9737900147 35.5709133376447
5838 -122.153941012 47.5994020316 35.7346877300034
3646 -122.198476222 47.6132940146 35.7654811689429
5150 -122.352901402 47.6439531338 35.802870543686
4962 -122.285246565 47.6341860869 35.8347850975104
3848 -122.301573977 47.6383276475 35.9200090882985
6836 -122.368435674 47.6477270285 35.9416003744845
2953 -122.233785475 47.6255844825 35.9781356575373
7936 -122.046066107 47.5620032486 36.057580516094
3812 -122.17192237 47.6104675261 36.073334860542
2099 -122.965128884 46.7280015943 36.0896853626835
4796 -122.321471552 47.6443811874 36.1166476253565
3501 -122.19790284 47.6192536456 36.1574923462563
4743 -122.3862743 47.6546703051 36.2996739230543
6217 -122.128442592 47.6002494532 36.3222508138141
4184 -122.928463242 46.7045051915 36.3483786800458
6001 -122.408580108 47.6578649964 36.4003772202949
4948 -122.339240607 47.6511981595 36.4115219108586
4973 -123.000843948 46.7413610702 36.4758429237357
7612 -122.203014393 47.6280147255 36.6328787642573
3135 -122.672326792 47.6488797473 36.6558260517552
6139 -122.351191281 47.6569326836 36.700915349476
2005 -122.967367737 46.7176747268 36.7154392475441
6400 -123.08278209 46.7935484757 36.7397894854167
4169 -122.555058515 47.6643998827 36.8160779893266
3254 -122.059944863 47.5815459903 36.8163739925931
4379 -122.219871858 47.6354984059 36.841407642654
4539 -122.36061348 47.6604891376 36.8705952529964
5963 -122.150813369 47.6174069377 36.921008137772
3662 -122.332242524 47.6585242092 36.9715479565057
5706 -122.303700204 47.6551264677 37.0257268717514
3886 -122.70385741 47.6487610022 37.0276782249401
3600 -122.341831169 47.6608706343 37.0464618014522
3792 -122.107340229 47.6046126253 37.0527273925344
4327 -122.807457829 47.6240412939 37.081127566481
6076 -122.323017372 47.6595388537 37.1266153730492
6739 -122.375588521 47.6665210092 37.1788247068554
6223 -122.137548982 47.6186101401 37.2640143532899
7085 -122.313122148 47.6615025998 37.3570371093088
7787 -122.008239661 47.5678068294 37.4194691782877
4345 -122.12708429 47.6179645636 37.4412814160711
3971 -122.173719879 47.6327177875 37.4499510148456
5609 -122.740400509 47.6488055233 37.5387241207636
7683 -122.397386973 47.6736434898 37.5406613160527
3518 -122.303599312 47.6647387696 37.6739854432989
3667 -123.274758365 47.041913111 37.7064374927881
6638 -122.066635371 47.6000710079 37.7337852061616
2676 -122.322911532 47.6685922166 37.7406246209503
3936 -122.35211591 47.6725684466 37.759543152216
4803 -122.019350458 47.5798210083 37.7837770931395
3302 -122.361747547 47.6740696828 37.7900575981912
6224 -122.376815928 47.6759878322 37.8196013213586
10572 -121.963567849 47.5527905089 37.9109536188157
7789 -122.27275898 47.6633335872 37.9331047829739
6260 -122.311924627 47.6703413764 37.9660272317258
3251 -122.337792178 47.6740009685 37.9738255078072
3531 -122.300216114 47.6693967933 38.0236882776708
5190 -122.101375673 47.6205723032 38.1556071983259
2546 -122.204583499 47.6529964431 38.2227364050092
7618 -122.284104953 47.6702099415 38.2575432873916
7182 -122.665889059 47.6742863408 38.2969205979323
5672 -122.324220117 47.6771950035 38.3113677353295
4866 -122.637890635 47.6791814382 38.3623389515271
5183 -122.528109421 47.6881000361 38.3634452953371
6219 -122.39371702 47.6856911062 38.3879173741642
5637 -122.374066021 47.6851084083 38.4620605563865
4177 -122.360668763 47.6851008199 38.5517855293378
5743 -123.284046286 47.2633596916 38.5691593086668
4481 -122.34993043 47.6851300419 38.6333127537909
3729 -122.194224719 47.6568515337 38.6416950327049
4109 -122.933069192 46.6664209402 38.6553396652957
8314 -122.153241728 47.6464455115 38.7010916131677
2058 -122.295540183 47.6794142966 38.7481629265639
2924 -122.118407284 47.6366012293 38.7749954632491
4660 -122.311937319 47.6827381276 38.8037315614823
2772 -122.282333305 47.6794177445 38.895121091687
5289 -122.331153343 47.6868589525 38.9051242901512
4376 -121.992193489 47.5865703257 38.9073770748539
4987 -122.131283027 47.643944825 38.9697302484244
2802 -122.30227194 47.6838966469 38.979260169396
2373 -122.175832584 47.6573010239 38.9830757654976
6264 -122.021272455 47.6027803336 39.0371883850246
2454 -122.394150749 47.6956959676 39.0734156621678
2690 -122.259670849 47.6808452229 39.2634051954827
4535 -122.341969409 47.6940469746 39.3038453622858
4234 -122.363944712 47.6965303906 39.3107969118618
6299 -122.100239881 47.6390978453 39.3130497608529
2972 -122.287821732 47.6866810615 39.3209667386431
3818 -122.354484323 47.6963730466 39.3666985227216
4131 -122.380595735 47.6992616925 39.3927912465242
3248 -123.002908869 46.6866519223 39.4444956261551
4157 -122.326212354 47.6965332798 39.6056753116874
3406 -122.311893614 47.6954631103 39.6650417457815
11041 -121.877892959 47.5347919688 39.74501233602
3807 -122.298068803 47.6953633538 39.7961016299943
6038 -122.047969922 47.6276185556 39.8140532620412
4340 -122.342170209 47.7022813071 39.8634756352465
5286 -122.279382828 47.693598057 39.8798113466952
5495 -122.073166587 47.6388743776 39.8977052379776
4848 -122.36482642 47.7062887421 39.9728608792752
5430 -122.154186377 47.6687721128 40.1013731802201
4791 -122.135024172 47.6634030893 40.1183139343656
1799 -122.970791821 46.6565305374 40.2199971292102
7143 -122.192100979 47.6806893572 40.2213690657546
4233 -122.173999881 47.6762352776 40.2317534114052
6494 -122.322816096 47.7071244574 40.3549929782876
4629 -121.985677204 47.6104174097 40.4190292577202
2503 -122.306831608 47.7065505945 40.4641800063997
1941 -122.296083083 47.7064074182 40.5615995818263
5646 -122.032069524 47.6350786147 40.6408505394051
7935 -122.203586327 47.6898937247 40.6420222671538
3876 -121.634440952 47.2384647901 40.6642601623036
2949 -122.949607598 46.6386245867 40.6975231222298
4574 -122.6817749 47.7083679733 40.7602203506344
4841 -122.352360395 47.7168697524 40.7826659789612
2019 -122.277728279 47.7077646793 40.8493523643677
2020 -121.818689072 47.5166874395 40.9639828524722
2583 -122.286089818 47.7112452585 40.9921799408363
7626 -122.332540777 47.7179169748 41.0061904750411
3165 -122.368359089 47.7219516175 41.0231116650923
4438 -122.301877944 47.7156909363 41.1306927358783
5576 -122.088932226 47.6695908373 41.4305430172662
5324 -122.17300471 47.6950142255 41.4604552435854
5410 -122.155766035 47.6914859871 41.5257130686042
5212 -122.133825473 47.6856324117 41.5468905395135
6149 -122.584969942 47.7317114889 41.5889127653231
4865 -122.227104878 47.7096299614 41.6012298969903
5551 -122.35266098 47.7289501366 41.606443068328
3686 -122.199202012 47.7043407155 41.6534312217754
6014 -121.770270522 47.4922460047 41.7029296159479
7646 -122.310000223 47.7266403396 41.7950192340254
5053 -122.11998714 47.6855326468 41.8016861611294
2603 -122.332930003 47.7305266321 41.8620241690219
2681 -122.248766633 47.7192277987 41.9573061690546
6255 -122.288692198 47.7262766596 41.9780368108352
3245 -122.0461323 47.6641801985 42.0407419842079
6054 -122.714478283 47.7226698078 42.0874222748451
5791 -122.104949566 47.6864852269 42.1545414238056
4725 -122.193906929 47.711632534 42.2105175906812
4559 -122.626744273 47.7401863339 42.4311778705688
3240 -122.362768615 47.7431034799 42.5079992320062
7073 -122.214334225 47.7207120012 42.509574347185
2608 -122.957645965 46.6098273537 42.5901379124834
5594 -122.334506733 47.7414051117 42.5912195456848
4268 -122.232046607 47.7263357605 42.642654897156
4125 -122.312880838 47.7412061438 42.7574328094115
5483 -122.111758628 47.6985919476 42.7826712052524
3955 -122.655885846 47.7422266262 42.8030830145994
5695 -122.178127416 47.7179387438 42.8655529332931
3759 -122.292546541 47.7400000241 42.8660045056566
2785 -121.86000878 47.5881169295 42.9568148363873
3500 -122.512590068 47.7554852294 42.9917450761838
5031 -122.198250004 47.7257365045 43.0703192772137
5043 -122.161595376 47.7229399449 43.4552872795883
4734 -122.250903065 47.7424379226 43.4818140086015
3569 -122.347314629 47.7561637215 43.5048992577396
4309 -122.368673449 47.7585167458 43.5288923373133
5256 -121.975397755 47.6609388064 43.5703552976391
6599 -122.029713647 47.6836734604 43.5909194471785
3661 -122.332091387 47.7560234993 43.6070153723958
4959 -122.126321224 47.7179264461 43.7385881726515
6327 -122.313805217 47.7562530844 43.7717533969923
5871 -122.22589515 47.742422509 43.791066705073
3690 -122.292448885 47.7539900185 43.8131488326837
3303 -122.736583599 46.5223779575 43.9582474423251
3156 -122.384445528 47.7710952274 44.3071878152844
4738 -122.198923234 47.7451401244 44.3370640535309
5566 -122.363351742 47.7716696848 44.4629190001379
4950 -122.181430229 47.7431927443 44.4640277942524
6434 -122.340563408 47.7705060914 44.5331274156832
3911 -122.164701205 47.740638218 44.5545107398983
6803 -123.421335683 47.0319746375 44.6333264338541
3426 -122.319546527 47.7708206716 44.7150021276373
3762 -122.071352207 47.717294859 44.7514662389442
3344 -122.09784575 47.7260129046 44.7783200388653
4294 -122.275830615 47.7661514464 44.8003252560749
5368 -122.297037685 47.7695180134 44.8216658909948
3834 -122.040279207 47.7101268821 44.9612740389682
4513 -122.257995611 47.7671820631 45.0597641696998
3379 -123.202585558 46.7042697703 45.0747591386563
7681 -122.235218516 47.7641846619 45.1232885907704
5863 -122.365097549 47.7846516646 45.3432790882174
4348 -122.214428988 47.7644568293 45.4036167930998
2931 -122.170216912 46.5142680187 45.4113640548985
5571 -122.878342019 46.5335380111 45.5171352876564
1271 -122.385716381 47.7895964873 45.5736247888634
3233 -122.336184272 47.7857392335 45.6056276603163
724 -123.332310115 47.4597484761 45.6539803350448
4573 -122.669671708 47.7826585058 45.6705672093417
3748 -122.307131675 47.7839838214 45.7143017595818
4374 -122.196388273 47.7657484649 45.7319686483178
6090 -122.350191025 47.7927474755 45.9898224615631
4052 -122.272653216 47.7843342546 46.0598956985075
4703 -122.147608814 47.7596214516 46.060430364848
4205 -122.124294259 47.7550794093 46.1540259121299
4382 -122.322433217 47.7923840068 46.1618327154607
5401 -122.172753704 47.7674172674 46.1806501248702
5079 -122.614195127 47.7983793345 46.331588771507
4045 -122.245183115 47.7840202546 46.3337598675679
7157 -122.291203496 47.792372252 46.4249829509683
4652 -122.5255446 46.4609800975 46.6099947825122
4973 -122.214394645 47.7834424562 46.6658247636574
4208 -122.305807552 47.7978101641 46.6658680733428
6010 -121.951526304 47.7039716241 46.6721823327151
6594 -122.37639807 47.8062196573 46.7631321164215
5352 -122.349940006 47.804389272 46.7890663681851
6368 -122.090535177 47.7564650893 46.8436481612877
4202 -122.268212639 47.7999916689 47.1619313465933
5781 -122.520185642 47.8201601614 47.4744957432298
7052 -122.349554897 47.8147371564 47.5006675528791
3677 -122.229205361 47.7997764877 47.5742596508451
7491 -122.306535149 47.8133169786 47.7151342311711
5837 -122.039040147 47.7544937823 47.7231369137817
6295 -122.191050717 47.7949423183 47.7350684260431
6863 -122.246662188 47.806019021 47.794597749208
4611 -122.161933352 47.7937181417 48.065474387747
5601 -122.326440428 47.8207404361 48.0676984869149
6545 -121.565681046 47.4424511103 48.1467254239677
8009 -122.270905806 47.8160481622 48.2203542064686
5327 -122.353345718 47.8271355369 48.3275887429197
4687 -122.22485168 47.8110646507 48.3808693528822
2286 -122.115108892 47.7883003208 48.4497270752366
5597 -122.299969988 47.8299703974 48.902962530206
4129 -122.315619957 47.8339893219 49.0526180265083
3882 -122.220473457 47.8208419083 49.0866714305726
4707 -122.286397186 47.831198726 49.1030091850137
5974 -122.196206067 47.8189037408 49.2566493369398
5859 -121.945515823 47.7462021822 49.3022046427405
4538 -123.464135392 46.882986269 49.313649247475
4154 -122.333733739 47.8442341318 49.6236476647785
5176 -122.273584053 47.8396248957 49.7910808767118
4767 -122.309301393 47.8448043556 49.8388651986584
4714 -122.238201186 47.8354186327 49.8637165351594
5611 -122.563611241 47.8534518467 49.8830302352437
