"pop" "long" "lat" "miles"
5214 -82.4956493782 27.8731416734 1.21949480360559
1643 -82.5011099492 27.8436499926 1.22420366839808
3165 -82.5128226254 27.870454711 1.79112754466134
3042 -82.4878149423 27.8869377537 2.07688626678617
4461 -82.5002046471 27.8864383711 2.17742001881774
3491 -82.5124617367 27.8845950644 2.43518503697622
3768 -82.5227013788 27.8827786108 2.78225569588609
3753 -82.5340457702 27.8594429825 2.8301025761201
5381 -82.4974081554 27.9009899837 3.10434024684252
2386 -82.5319953878 27.8833636508 3.26070608179619
0 -82.4333976832 27.8556236979 3.33186233919413
3736 -82.5123064355 27.9012032656 3.40893433337015
3100 -82.5225875573 27.9011028218 3.7219608732197
1783 -82.5321097942 27.8996392271 4.00701867332176
3526 -82.5003247285 27.9168540744 4.21577429859769
3539 -82.4909259833 27.9180803262 4.23527596075053
3733 -82.5119722863 27.9156522974 4.32239126541436
3830 -82.5254875312 27.9160627143 4.6940403622145
5465 -82.4553902499 27.9215762524 4.89363404334685
5271 -82.4949248816 27.9308011833 5.12929229072135
3073 -82.4760916677 27.9328384144 5.30102040384686
4363 -82.5119720179 27.9337149269 5.51336994230018
3670 -82.4958237199 27.9409116936 5.83081279401021
1931 -82.4680394665 27.9400998289 5.88045073892507
3533 -82.4498944677 27.9353981761 5.90434012800589
5863 -82.5274004853 27.9354741025 5.94774527082254
1184 -82.3939060171 27.8876381157 6.12556105319551
3982 -82.4805076603 27.9465824637 6.21896239569153
1965 -82.4351534579 27.9347774793 6.27632557659122
5505 -82.4694499453 27.9490833643 6.47425016487283
3886 -82.4952561804 27.9504762789 6.48783841462458
2721 -82.390297987 27.8188031017 6.5239093397838
2245 -82.5176495732 27.947967976 6.55656223172331
1134 -82.4566656551 27.9486829553 6.62821161292427
1844 -82.4465034234 27.9492937548 6.87215074789653
2960 -82.4147211599 27.780386369 6.93130958934432
3052 -82.4717920071 27.9598897451 7.19059891003016
2958 -82.5246340498 27.9558133472 7.20114536959699
4244 -82.4931702228 27.9614786439 7.24041180502743
2071 -82.4807911949 27.9614044368 7.24089022984543
140 -82.4533323976 27.9573871707 7.26348655162831
1838 -82.3851786245 27.9117815912 7.33611264023128
1055 -82.4651879891 27.9629271341 7.46310640086089
1835 -82.4563254469 27.9624511107 7.55056636246171
3346 -82.3995483244 27.9335683242 7.5673039411593
1491 -82.364598561 27.8457995409 7.57770374251699
1975 -82.4430390919 27.9604485371 7.66800584937298
4235 -82.6132913669 27.8543186225 7.67336173621013
4945 -82.608221388 27.8212484163 7.76466904470506
3266 -82.4189996697 27.7618137326 7.81181870213843
2976 -82.3948425678 27.7781455937 7.87851353924098
3095 -82.6041513223 27.8078228862 7.88272054085738
6380 -82.3641413648 27.8190705895 8.00746357755736
6298 -82.3590384242 27.8794056297 8.02962254192
6888 -82.4900557713 27.9740639355 8.10480632489314
1047 -82.4247970109 27.9602231229 8.11965423950489
2792 -82.4734968764 27.9740805608 8.15224107490828
2887 -82.3541600541 27.8561168156 8.17682569003676
2463 -82.4470888554 27.9696338492 8.18580036718049
1922 -82.4635385339 27.9742171516 8.24932909647294
2914 -82.4552532153 27.9740412998 8.34363744612046
3153 -82.6224051809 27.8364454417 8.35023109295921
2063 -82.438848031 27.9696421766 8.35348105332546
3625 -82.377130101 27.9296739533 8.43556648732103
3243 -82.4488106299 27.737527472 8.59702648832027
7802 -82.626448403 27.8779012399 8.59844906860296
2416 -82.4265363713 27.969586319 8.64845090098023
1784 -82.512693035 27.9807168283 8.69738813621972
2673 -82.4429564711 27.9778215048 8.80241410737272
0 -82.5333553188 27.9777731549 8.8106630072127
5287 -82.3566081212 27.9109389004 8.85239934379928
5115 -82.6258654002 27.812786361 8.97678089482036
2014 -82.3931060678 27.9563596551 8.99275415322169
3221 -82.6181978429 27.7965284697 9.00130810499464
4064 -82.3873167023 27.7598599066 9.10567313334852
6637 -82.4928215053 27.9886900598 9.12047750676666
4290 -82.6337249909 27.8293071617 9.12404569261461
3057 -82.4648642124 27.9874330649 9.13720840470937
3953 -82.558592228 27.9735002871 9.1505655197926
3009 -82.4263988237 27.9778241858 9.16870097945914
3583 -82.373639559 27.9430458379 9.1790043116595
3792 -82.4765765949 27.9896023179 9.20439745288999
6830 -82.3392397125 27.8791571082 9.21749755968614
1207 -82.3370552358 27.8454142527 9.25742075467468
1580 -82.4552781714 27.9888004667 9.33785680466289
6187 -82.3425837667 27.8137442131 9.37466773259515
2701 -82.4470558334 27.9887944346 9.45737541351094
3481 -82.6427838922 27.8533053037 9.47829871007538
3251 -82.3600664696 27.9349528126 9.49617643610053
4333 -82.4057867593 27.9746660851 9.5662015108199
5359 -82.6429919407 27.8776492755 9.59449496480043
2729 -82.4388617709 27.9887774334 9.60048163163727
3982 -82.6427817437 27.8321444719 9.62945725977688
2001 -82.3427710182 27.9160854466 9.76950261252545
4260 -82.640785017 27.8141662728 9.81067691173341
2831 -82.4285791279 27.9887820874 9.8150006170865
2588 -82.6304694218 27.7882984123 9.93198784441577
2017 -82.6387440508 27.8032614728 9.94825696087614
4640 -82.3348177438 27.9073324393 9.98618223714683
4375 -82.4944883571 28.0019228066 10.0389656414916
1803 -82.5030319162 28.0015129855 10.0453340603997
7227 -82.5573482379 27.9892349687 10.0905263122453
3838 -82.6509870657 27.8321837742 10.123254282369
3511 -82.6296957258 27.7814327473 10.1271562234308
1426 -82.4864584668 28.0034052038 10.1336872166582
2412 -82.465050748 28.0025407529 10.169509701859
4456 -82.3239148892 27.8822671499 10.1773999799381
2332 -82.6393645702 27.7955745669 10.193409049836
4462 -82.4763288181 28.0039393489 10.1946541111968
4561 -82.6544222339 27.8500825557 10.1978978082383
4129 -82.4139050777 27.9903105354 10.2750859447833
6670 -82.5155054803 28.0034352343 10.2752856832325
1923 -82.4553708427 28.0033653825 10.3233050211913
3427 -82.4059270758 27.7251392692 10.4031363428246
5093 -82.4339182492 27.7140073454 10.4218711759421
3185 -82.3424380056 27.9357112556 10.4281843890751
3894 -82.3244591389 27.9024117906 10.4749333969087
4184 -82.4430104012 28.0033799378 10.4957817178692
7351 -82.3180082659 27.835177611 10.4968369314199
2255 -82.3540359701 27.7618332813 10.5022299463868
3652 -82.3775593394 27.9733895971 10.5057029449491
4903 -82.5761996928 27.9872383522 10.5083259616683
3192 -82.6599550181 27.8743261877 10.5928530385352
5097 -82.655537533 27.8140130702 10.6775277915426
4512 -82.6601003233 27.8315021174 10.68075152247
3338 -82.6426333943 27.7847736414 10.7032557634722
0 -82.6058025263 27.9712930306 10.703969503794
2996 -82.6508342389 27.7993617512 10.7352828754378
3775 -82.3116383669 27.8658916158 10.7945569312035
3333 -82.6376963695 27.7740184249 10.8128616939732
6188 -82.318812127 27.8096299731 10.8455897669186
3161 -82.3239113499 27.9177266016 10.8706480630135
1888 -82.3122711662 27.8838402945 10.8974505441527
6748 -82.5411188393 28.0078435105 10.9359874518575
5172 -82.4162415241 28.0020523307 10.9523519232055
7183 -82.4952575035 28.0167489143 11.0655986660301
3327 -82.6360985437 27.7641265674 11.1111698928663
2511 -82.383281659 27.9885008995 11.1223563640278
2879 -82.4578807777 28.015531413 11.1240254430309
2599 -82.6585546367 27.7996238721 11.1688065318086
2354 -82.6537519001 27.7884783582 11.1985858354042
2688 -82.3455653943 27.9589733961 11.2026222513326
5706 -82.4715592374 28.0188650167 11.2469252740418
5649 -82.5153323626 28.0181265654 11.2773402670153
2166 -82.4409815356 28.0146987973 11.2842371681462
2493 -82.3233970836 27.9311260505 11.2892457637049
3842 -82.6715895213 27.8372168956 11.3198438184983
3285 -82.4281191087 28.0122960915 11.3514524105381
5666 -82.5722241569 28.0036926895 11.3874138030785
2748 -82.3107293664 27.9080373023 11.3929161199039
1883 -82.6536789433 27.781125211 11.4192438188541
1900 -82.372392623 27.7247848979 11.55255886169
7109 -82.3050548696 27.9005869457 11.5785656730042
2590 -82.6674487606 27.8025127522 11.6126621584103
2395 -82.6331700468 27.7489099763 11.6133856519372
5547 -82.6727936856 27.8170138595 11.6440794646321
2052 -82.6524393479 27.7717246595 11.666871724838
6648 -82.3061146918 27.802812394 11.7306680882251
5870 -82.5974914163 27.996451155 11.7500764532961
4677 -82.4239868397 27.6967117154 11.7509385769697
5024 -82.407347412 28.011436601 11.7669697646452
1241 -82.2981539912 27.886518987 11.779590263434
4107 -82.5517004268 28.0189169311 11.8660639552777
6975 -82.3058861099 27.9172584437 11.8831089939649
5724 -82.4444500225 28.0244679571 11.8899884011766
3271 -82.6826019373 27.8560877309 11.9102017296776
3435 -82.6750241706 27.9049278548 11.9162653201547
3964 -82.4759852666 28.0290614453 11.930135721779
2128 -82.3976344013 28.0102216152 11.9526569390862
4506 -82.3191758494 27.9453517535 11.9900287039356
3720 -82.6425596123 27.7503713779 11.9964968476764
4746 -82.4949224421 28.030485001 12.0142843725823
2583 -82.4595129408 28.0289979134 12.0290222144481
3374 -82.2910683378 27.8639661009 12.0446232066174
2427 -82.6736778485 27.7978282253 12.0797751271705
2529 -82.6686355779 27.7856341491 12.1088276829223
6738 -82.5153644234 28.0311137438 12.1666859696973
4156 -82.5884778957 28.0090030047 12.185893175722
6680 -82.2885088414 27.844751917 12.2213340680057
3415 -82.3468986443 27.7317253567 12.2226059741608
1304 -82.5016851715 27.6806375272 12.2229244251172
3264 -82.4253348167 28.0247759115 12.2240690433662
3375 -82.6527468418 27.7566105531 12.2443480842901
6423 -82.5734595633 28.0177973924 12.297081149944
3604 -82.630468918 27.7314895071 12.3056400158632
3888 -82.3043862686 27.9303755417 12.3142309972253
9219 -82.3048845403 27.7824945449 12.3209418236431
2724 -82.6651369517 27.7697842649 12.4083127860774
2821 -82.6851146539 27.8145525556 12.4167539206943
5264 -82.3428686023 27.9844097244 12.5025946574179
3107 -82.6896841275 27.8247111519 12.5443390391501
2882 -82.6613841354 27.760301839 12.5453152067091
6351 -82.6924049214 27.8399245702 12.5655972626127
3289 -82.3767856584 27.7038992703 12.57934554339
4457 -82.4065004967 28.0239707475 12.5800473877382
2415 -82.3525900641 27.7199366596 12.5817693121929
4154 -82.5466571571 28.0319866012 12.6321811650773
2949 -82.6929147364 27.880160999 12.6420733548484
2485 -82.459462568 28.0381561838 12.6566683634028
4392 -82.3185060924 27.9628997617 12.685212496895
3916 -82.6547993206 27.7471616617 12.7271337207909
5094 -82.3714698747 28.0106252986 12.792555004527
6749 -82.280051478 27.8787551854 12.7971134921544
2567 -82.4108525718 28.0289634766 12.7978131741479
3779 -82.4743185563 28.0425614877 12.8685190669798
4381 -82.6897599207 27.8037267824 12.8871344647356
7000 -82.4386706119 28.0381125413 12.8894843391323
15 -82.6186286711 28.0031721992 12.8931320529101
3737 -82.6414665409 27.7293179144 12.8941180302371
2693 -82.6754244886 27.7715118303 12.9068819753536
6854 -82.5934585041 28.0193279152 12.9563118531642
2085 -82.6948104644 27.814851862 12.9891714311691
3020 -82.6896228739 27.7955051437 13.0533876662377
5084 -82.4912081426 28.0458893392 13.0736981916395
2799 -82.2796539981 27.9002249378 13.0784415894631
3231 -82.3863723624 28.0240008938 13.1167689706944
6658 -82.5243932249 28.0439077996 13.1262634559619
4750 -82.2829592872 27.9139031121 13.1333740063859
1218 -82.4029325214 27.6823795042 13.1445274484907
1827 -82.274836638 27.8297749726 13.1639886068844
5998 -82.2980917821 27.9487150531 13.2250160207747
2108 -82.3579586371 27.70406448 13.2283977598396
5142 -82.5746333862 28.0328723329 13.2765726067305
4032 -82.6896957968 27.7863713755 13.2770753473483
2647 -82.4674702245 27.6649908635 13.3344478964615
5093 -82.4118897158 28.0380763132 13.3638093630829
3550 -82.6696921936 27.7493928308 13.3830166773055
2308 -82.4594053456 28.049122702 13.4089413261577
6500 -82.7084020682 27.8573544146 13.4878932408921
4064 -82.7080855571 27.8447326063 13.495614459296
2796 -82.4470183712 28.0490035795 13.5198104147929
4802 -82.6896436482 27.77594737 13.5563100772713
2821 -82.2823009898 27.9307271834 13.5646976189725
5195 -82.3057715426 27.7440126113 13.6062311926497
4276 -82.7061195736 27.8183019439 13.615213077074
2622 -82.3729930427 27.687279027 13.6790436728515
4825 -82.4345160131 28.0489700931 13.6791807054864
3097 -82.6403831931 27.7123043235 13.6817376703558
2884 -82.5103350277 28.0539702799 13.7000930733841
4711 -82.6617817415 27.7308906873 13.7573339033288
1420 -82.3449366675 27.7030966063 13.7738108809216
5827 -82.7070557765 27.904122077 13.7947276800006
1089 -82.607179319 28.0262714665 13.798949025493
5350 -82.3706910678 28.0275637319 13.8061647491986
5152 -82.5418243647 28.0507860788 13.8102661034466
3328 -82.6896309661 27.7668934836 13.8265903191324
4556 -82.7061509913 27.7999451559 13.9230334344961
5459 -82.7141657221 27.8337212024 13.9345143353201
5917 -82.2981069523 27.9685738877 13.9351533782658
6993 -82.3146786574 27.9896220967 14.0109361858149
6233 -82.6197458274 28.0227244293 14.0183178227696
3905 -82.2586576734 27.8689143619 14.0410654487607
2977 -82.4953564537 28.0599405391 14.0515349054267
3033 -82.3855574318 28.0389305349 14.0571545373851
4308 -82.4118885377 28.0489978463 14.0746372981088
7558 -82.6007402379 28.0346197584 14.0956610793205
4651 -82.6889555231 27.7572523343 14.1038947677047
2975 -82.2817274592 27.9487101009 14.1105449217669
2300 -82.6546419473 27.7157170508 14.1269694605233
2793 -82.5232334879 28.058791391 14.1308591100484
2697 -82.475377537 28.0618778492 14.198565474091
3248 -82.7061279797 27.7863240147 14.2179246162919
6825 -82.558529177 28.052837834 14.2240395870073
6674 -82.7195594638 27.8762838522 14.232191296243
6121 -82.2570557896 27.8838795124 14.2362245536837
3471 -82.2637350859 27.8002405882 14.2597940991861
2852 -82.4611898032 28.061971049 14.2778012258824
2688 -82.71634999 27.8146143053 14.2796709202719
3583 -82.4367986773 28.0590674921 14.3274499420134
3919 -82.7225158615 27.851811978 14.3557232671682
4436 -82.2600720756 27.9075134978 14.3606129533436
4943 -82.4488116074 28.0618631346 14.3763880083162
2555 -82.7204235805 27.8246278502 14.3994487896235
868 -82.3558491209 27.6843089694 14.4165371155642
4587 -82.7127630763 27.9200537324 14.4275691321693
5253 -82.6860227646 27.743713932 14.4341186943625
4715 -82.6543720344 27.7066932126 14.5542406110705
3843 -82.7059190791 27.772411121 14.5655711767578
2331 -82.4299709179 28.0616422939 14.5967613553432
4415 -82.7210374858 27.9049283082 14.6392263136663
1411 -82.4014780941 27.6590938872 14.669892855063
4363 -82.2621030869 27.9301828157 14.7030584611125
5165 -82.7204594944 27.7999836655 14.763907216648
2281 -82.7244802632 27.8145904661 14.7671213087295
5798 -82.3820370947 28.049049242 14.7800850206213
4775 -82.2664238649 27.9438305374 14.8120083363083
5024 -82.3621495553 28.0409790128 14.8700876502534
1592 -82.4345021046 28.0673689724 14.9184439801764
3221 -82.5739935664 28.0588401659 14.9265433184061
3969 -82.6715123881 27.714458263 14.9473187582704
870 -82.6426668504 28.025089506 14.9943880436698
4968 -82.6109939434 28.04442663 14.9952417178184
4528 -82.5365822078 28.0695409635 15.0063950607943
3341 -82.7060508711 27.756142554 15.060550910962
3665 -82.3269433549 28.0227267282 15.1081685460771
4845 -82.2940946462 27.9926274424 15.1121894726465
2896 -82.6995839779 27.9702784173 15.1322492738728
4515 -82.4448551304 28.0725380607 15.1451059419555
2075 -82.6995905877 27.7425533 15.1799847709819
3300 -82.7222440445 27.9296104867 15.1863636716506
2279 -82.5125471458 28.0755877942 15.2014584389651
2618 -82.3978154484 28.0618086741 15.2035887136125
3041 -82.4978777583 28.0766669711 15.2134078626864
3011 -82.7324305091 27.8161951592 15.2230471368307
3008 -82.483647126 28.0770359406 15.2287828287314
5358 -82.7244739617 27.7862508412 15.2785023979648
5837 -82.7376488492 27.849746401 15.2850876071792
5160 -82.4075027437 28.0662087017 15.2874521876973
3723 -82.7371628237 27.8758598203 15.3017129441222
4797 -82.6861632252 27.7211795203 15.3435416709954
3719 -82.5267859682 28.0761891012 15.3533563404572
7312 -82.6036141438 28.0541932256 15.3705126832698
5763 -82.5522158864 28.0721199254 15.3970898806158
6029 -82.4655944337 28.0788467501 15.4120079997201
5827 -82.384204694 28.061053586 15.4762191413721
2956 -82.430282216 28.0748885662 15.4829546257414
4537 -82.7398729282 27.8318199396 15.5117680761805
3628 -82.7243301638 27.7758979941 15.514888562811
6761 -82.2715311065 27.9743634971 15.5192938184859
4697 -82.2348861803 27.8762939394 15.5276777432738
6208 -82.2624815643 27.9605055296 15.5289991586265
3687 -82.4449646577 28.0783439532 15.5396439862479
6253 -82.7373081713 27.9011861593 15.5570027506414
4923 -82.4211775029 28.0742738144 15.5776847879356
2431 -82.7170868005 27.7570544543 15.6342057824542
3591 -82.7358120915 27.8017249381 15.641102245535
2800 -82.7228876776 27.7667852501 15.6730946877472
5818 -82.2363443937 27.9024515558 15.6979638381992
1269 -82.7098101231 27.7429741243 15.7024149876227
4322 -82.7212903757 27.9521301423 15.7165294441977
3358 -82.2445527093 27.9305815982 15.7235118246536
4734 -82.2314090556 27.8361365411 15.7509406220438
2600 -82.6716878628 27.697550897 15.7512159770908
4198 -82.7378470523 27.912339517 15.758275291943
5273 -82.6947507857 27.9929504866 15.7622391091731
4479 -82.4136810637 28.0755162496 15.7859840809309
3010 -82.2818205424 27.995769816 15.8377112909944
4531 -82.3299493459 27.6753405445 15.8484189810691
3851 -82.6634562706 28.0256431711 15.8548151600855
2515 -82.737306362 27.9240431923 15.9421422809948
2569 -82.745276315 27.8173328144 15.9821527948109
1887 -82.7194240619 27.9642741955 15.9848448526986
1977 -82.3391926163 28.0474947267 16.0098023393949
3206 -82.365756747 28.0624160506 16.0539955753178
2134 -82.6378164724 28.0477585925 16.0697504386244
1463 -82.7140636192 27.7386534301 16.0782843946882
8030 -82.2335445264 27.9176252514 16.1059412762778
2808 -82.7491888387 27.8245832412 16.1403633006156
5537 -82.7520159891 27.8628441781 16.1599625635228
3503 -82.7234899971 27.7513433057 16.1615759583619
3047 -82.512641167 28.0897128281 16.1745300728256
4357 -82.71870081 27.9721629485 16.2066045718715
1762 -82.5481905356 28.085948502 16.2662260787231
2454 -82.7497839538 27.8118665321 16.3222163100342
5085 -82.6965290663 28.0046846513 16.3439928760696
4530 -82.2389709692 27.9439761004 16.363685040269
1651 -82.697584948 27.710025238 16.3700415383322
4202 -82.755376486 27.8471857161 16.3752802394958
3494 -82.5273077478 28.0912289548 16.3865816804528
4359 -82.7391656499 27.9397574908 16.3973970399109
5019 -82.7470088371 27.7939057131 16.4417733841146
4520 -82.4414475268 28.0917293442 16.4885953799167
1444 -82.4664113454 28.0948041792 16.5077726385253
7333 -82.6064584419 28.0713440346 16.5081870766651
1939 -82.7540298499 27.8980948032 16.5226839002769
5335 -82.7559034186 27.8899436611 16.5489267069355
5809 -82.2165714442 27.8475796474 16.6044315954795
2809 -82.7540506295 27.9054322611 16.6184177128147
2946 -82.2290549715 27.931633828 16.6450705611283
5284 -82.7196386387 27.9833664018 16.6496667250343
3243 -82.7375205981 27.9543343228 16.683421743046
3426 -82.7542558539 27.9127786193 16.7401233221052
3708 -82.7430372814 27.7694845659 16.742796802424
1731 -82.7360432773 27.7532108164 16.7946661779988
4497 -82.4718658175 27.6141679704 16.8200331349402
5112 -82.7623263992 27.8766641373 16.8397365891533
5199 -82.4217032543 28.0934817702 16.8558847866489
4939 -82.21426779 27.8873842687 16.861949051958
6517 -82.4822730499 28.1015396838 16.9250542679413
1968 -82.7636670976 27.8340157552 16.9437218659544
4638 -82.2382110547 27.9655208329 17.0091535557131
4761 -82.6972973485 28.019111434 17.0206238818716
6140 -82.3791469274 28.0836050646 17.0295020771508
5156 -82.7554210358 27.925696862 17.0361534528089
3252 -82.7418869868 27.7552662034 17.0594227151934
1913 -82.208892624 27.8645359999 17.0683225056537
4822 -82.5080081959 28.1034475069 17.0979520973963
5718 -82.529669976 28.1022390062 17.1611340082899
5887 -82.5646173047 28.0962231775 17.2051932392842
4031 -82.7529111778 27.9407195648 17.2094717948088
4651 -82.6661738046 28.0497841667 17.225270304795
2032 -82.7160506082 27.7091492469 17.3060964232708
3592 -82.7192043462 28.0012157652 17.3075619891324
4184 -82.7713986942 27.8522489236 17.3439645994486
4849 -82.2564516388 28.0034747173 17.4010111230434
1920 -82.4978208915 28.108550683 17.4172254451967
6074 -82.7428672853 27.9697583615 17.4328258267172
3392 -82.5524287634 27.6085002829 17.6324952246954
3026 -82.755475058 27.95536078 17.72010062228
4636 -82.772052784 27.9073331541 17.7231060306194
1389 -82.7597969827 27.7659687699 17.7876346341388
4685 -82.7687044422 27.9276739858 17.8542575514615
3370 -82.7442936937 27.7337483854 17.8555019531882
5240 -82.6919089769 28.0426857147 17.9052630436545
3593 -82.7355476433 27.9951955666 17.9071908037444
2221 -82.7767282618 27.8128234517 17.9313914779324
3613 -82.7796577183 27.8285048574 17.9558830807602
1984 -82.7549433722 27.7489049247 17.9692206453275
3218 -82.4475485401 28.1143326952 17.9759860350055
2552 -82.7028679562 28.0347449806 17.998417813735
1966 -82.3260973787 28.0744158347 18.0009645956748
3010 -82.7815615453 27.8784775558 18.022172912182
3077 -82.7695852264 27.779843561 18.041460675907
4073 -82.7232248812 28.015497004 18.0895261928494
1311 -82.782700753 27.8890907622 18.1659925514059
6287 -82.7465352217 27.9865868044 18.177807613357
1776 -82.5247700197 28.1182397501 18.2168861532027
3232 -82.7817268666 27.9005668069 18.2205744725419
5 -82.5096133251 28.1205031289 18.2817409247668
2969 -82.2986415732 28.0618641735 18.293380102559
3842 -82.7346558672 27.7066138933 18.3363228807872
3294 -82.7878115845 27.858131918 18.3444485529753
2961 -82.7877000607 27.845107087 18.3567117827162
3125 -82.3782782835 28.1040933308 18.3618977333355
3069 -82.7365545094 28.0059734549 18.3665477657151
2239 -82.7692158363 27.764109183 18.3724848445058
3955 -82.7720124824 27.9443817112 18.3946640882409
3189 -82.7599587347 27.9708491663 18.4050283276524
1343 -82.780843151 27.9198571865 18.4345461511283
3935 -82.1926659978 27.9122117853 18.4494423266845
3255 -82.7893453803 27.8689826602 18.4560269223179
3658 -82.5541593409 28.118214759 18.5232419931372
5991 -82.7184346236 28.0330889499 18.6290514645826
2984 -82.4844463142 28.1265040825 18.6496501823419
5915 -82.7814560695 27.9307355492 18.6618064352156
2205 -82.7912026014 27.8873141195 18.6679647288153
4007 -82.1884033992 27.8047509226 18.6702320059738
3817 -82.2706675698 28.047324754 18.697789840687
2146 -82.7932345775 27.8764797661 18.7233116734748
3855 -82.7927766598 27.8326476099 18.7254787779034
3791 -82.7480978397 28.000105143 18.7371387294365
2692 -82.7859783261 27.7937157185 18.7541752862962
7038 -82.7697750138 27.9666862026 18.8313487348888
3182 -82.6987740631 28.055612168 18.8413314856014
2440 -82.7928587427 27.8162312471 18.8675714865172
9220 -82.6360923822 28.0970346791 18.9181044942261
3253 -82.7942214905 27.9031907217 19.0039219941629
3484 -82.2105794914 27.9814582009 19.0118670808952
2884 -82.7993349276 27.8542408112 19.0502262952682
2370 -82.7933938081 27.9146482243 19.1029047780435
4251 -82.733703779 28.0297192959 19.1985918682621
3747 -82.6699893978 28.0842399738 19.2635093808568
6691 -82.7814076453 27.9589792974 19.2832309258875
3171 -82.7936893916 27.9263684296 19.3052198808208
4161 -82.6100666693 28.1144332949 19.3144523968513
3510 -82.6912356467 28.0710772854 19.3356063656709
5067 -82.7522403595 28.0104708637 19.3362765376987
6264 -82.3995811102 28.1259095301 19.3728697361357
4044 -82.8027804759 27.8900849612 19.393092986627
1487 -82.7995138371 27.8021039581 19.4381809885766
4032 -82.7902987632 27.944183728 19.4495842949167
4514 -82.7695500851 27.9899652919 19.522555885725
2462 -82.7948431542 27.9355548401 19.540066711494
2141 -82.2201898379 27.7016026733 19.5901926954089
4268 -82.5345047857 28.1384690865 19.6834309568606
2702 -82.7304935809 28.0450755315 19.7287194002733
3752 -82.7233602399 28.0528358336 19.76701519861
3589 -82.8116762851 27.8582632029 19.8039551880839
4365 -82.7426441581 28.034171076 19.8178377229624
5507 -82.1821352329 27.9525872334 19.8261156763492
5647 -82.8113108692 27.8353274034 19.839748687191
5189 -82.2130839033 28.0115012973 19.9081410698936
3791 -82.5123357272 28.144344257 19.9386767166163
8 -82.3341108896 28.1114275446 19.9539636112776
6733 -82.7822519454 27.9818627993 19.9621305611377
2524 -82.7073166268 28.0734295289 20.1020127483213
5559 -82.8161427596 27.8730315472 20.1064598522209
4724 -82.7561967454 28.0251494041 20.1079186487099
5187 -82.7962176966 27.9587452626 20.1227593683073
5650 -82.768526057 28.0090672913 20.1244945243607
4809 -82.4540650789 27.5674100714 20.1325514299941
6567 -82.8140917029 27.8976915347 20.1462745970997
5115 -82.427590724 28.1433196826 20.1507210981505
4713 -82.8178915937 27.849143871 20.1918467708019
2750 -82.8154874168 27.8149423825 20.2500174212046
3724 -82.7223807693 27.6503582595 20.2547916207726
3219 -82.8118814687 27.9203672346 20.2910335498229
5132 -82.7258445699 28.0615281666 20.2920867154351
2010 -82.7912618389 27.9764769259 20.3057710801885
3849 -82.8085346565 27.9359281002 20.3522275337567
3558 -82.4737814912 28.1522185769 20.4453259940415
4914 -82.5698593207 27.569631516 20.4968928116656
5238 -82.3528164488 28.1290700261 20.5536681913793
3151 -82.7151161771 28.0762751586 20.5676046689605
5660 -82.8198835271 27.9087959021 20.6157174222036
3253 -82.3716383903 28.1376973453 20.679253845141
3374 -82.7964283487 27.9799718079 20.6925783814961
3987 -82.7590720223 28.036427566 20.7089248262113
1895 -82.8264748843 27.8615761012 20.7109666844847
1448 -82.7911756801 27.9917533098 20.7527461388229
3968 -82.8255749891 27.8896657357 20.7746508743824
5106 -82.7840756431 28.0043619582 20.7790257079018
2804 -82.4458042081 28.1569282729 20.911348254194
4555 -82.5008330952 27.5540161385 20.9674757491783
5060 -82.7280409303 28.0749551792 21.0432237188269
2423 -82.8307311081 27.8308127054 21.0492967021423
6354 -82.5558207925 28.1558142219 21.0884715581351
5933 -82.4889732577 27.5515261499 21.1247641737181
3927 -82.4441122719 27.5531349277 21.1834674364465
3811 -82.7830945357 28.0174493148 21.1860263613727
5010 -82.8356672475 27.8551178266 21.2716191504291
6532 -82.7511002047 28.0584504584 21.2850227845527
3357 -82.4977588375 28.1645115934 21.2861814676645
4788 -82.2176485873 28.0518689865 21.3180144598177
1579 -82.8370275963 27.8855273099 21.4430034092038
6253 -82.6716962051 28.1215344145 21.474624471693
2101 -82.6098176356 28.1491505939 21.543658090542
3667 -82.7811002571 28.0302667849 21.5616401111531
3968 -82.8403871097 27.8734416642 21.5883865016066
3951 -82.1728797739 27.9992442372 21.6221577825441
3739 -82.7283394517 28.087695722 21.6953662269123
3066 -82.5679714784 27.5513707529 21.6974205130497
3024 -82.1580942084 27.9734956421 21.7099777127106
5031 -82.3200497883 28.1349802568 21.7951840399734
2899 -82.8165862763 27.9822500246 21.8832490240041
4133 -82.5467272215 27.5448269674 21.8870625795275
1212 -82.8459605043 27.8565043144 21.9006475054156
5448 -82.3759625642 28.1593530342 22.0085610524628
2426 -82.8318999723 27.9516366516 22.0285292367155
2489 -82.8445021902 27.9020406431 22.0291510683978
740 -82.3574476136 28.1542632392 22.0568571968478
5749 -82.525107446 27.5393807888 22.0829511440272
4856 -82.7538841669 28.0732283817 22.0921648270027
1669 -82.8413050427 27.9238596374 22.0998275576604
4395 -82.769981469 28.0576127828 22.1333283978921
107 -82.2718069481 28.113952002 22.1428802224324
1624 -82.8485505219 27.8859910153 22.1475513771534
3203 -82.4507035356 27.5348110352 22.3968016321981
8634 -82.7088204317 28.1177878657 22.5347581910856
2682 -82.8263982036 27.9862425943 22.5429701680217
4407 -82.1507617091 27.989771519 22.5600178870073
1173 -82.7837195722 28.052297367 22.5714453369599
3078 -82.5020143533 28.1835050211 22.6079637807759
3839 -82.2987072558 28.1381843335 22.6279179371096
7637 -82.3407784978 28.1585481239 22.7164148506306
5146 -82.4475262564 28.1836542013 22.7355389075991
5826 -82.4103585321 28.1785352878 22.7454562559421
6144 -82.7545549321 28.0866016975 22.7575181612124
3432 -82.133435885 27.9619155128 22.8501234443162
4149 -82.7321155957 28.1071229828 22.8515346504181
1519 -82.6857970051 28.1396233474 22.9911851997812
2793 -82.1158063586 27.9061106184 23.0016556794196
4449 -82.8027113093 28.0430960435 23.1517787715238
4408 -82.5808228016 27.5324369369 23.1560880661093
6291 -82.1533108245 28.0183335858 23.2952023893518
6231 -82.5651786418 28.1870404587 23.3189810645903
3691 -82.3733897223 28.1795588312 23.3875034000695
5959 -82.5555839927 27.5235255436 23.4316726835783
2848 -82.372719572 27.530439841 23.6587437419342
9162 -82.3004869926 28.1577912936 23.7511086429769
6498 -82.7544401009 28.1072601368 23.7713363238828
1832 -82.617143637 27.5313345365 23.8729206530135
3938 -82.6177483682 28.1827108267 23.8915543882616
5997 -82.7750508744 28.0934431893 23.9899534800191
5407 -82.1313933109 28.002613401 24.0040823860386
3600 -82.3320252002 28.1756838834 24.0162410892271
5144 -82.1621753212 28.052821164 24.0759035947014
3476 -82.5803580658 27.5171730789 24.1743213788482
6449 -82.5238396248 28.205255315 24.1959207384599
1989 -82.6856347473 28.1602884623 24.2132193975376
1572 -82.7284967744 28.1374989697 24.3461170262283
5167 -82.4838855389 28.2102374292 24.4418039931058
11398 -82.4460165829 27.5049568636 24.4805479074685
2727 -82.4541783932 28.2097384821 24.4925661455291
2848 -82.3356454746 28.1848298667 24.5135608268081
3993 -82.4990895317 27.5020415923 24.5573052029369
6777 -82.4238375638 28.2078250441 24.5864550987967
0 -82.7576543089 27.5936648256 24.5867035396523
3419 -82.1002878216 27.762567602 24.5947201609857
4740 -82.4409703608 28.210143809 24.6012648547961
3749 -82.3089163126 28.1769086776 24.6854604415491
3374 -82.129669025 28.0241510322 24.7578937052288
2997 -82.4064490336 28.2097949074 24.9109335178972
5913 -82.7491828535 28.1341081962 24.9485061105296
4037 -82.6554622021 28.1885976029 25.122857021428
2942 -82.1131792975 28.0069445505 25.1405121258548
5502 -82.5361079201 27.4955648777 25.1698318462336
267 -82.2490995848 28.1539757254 25.1968251735893
5846 -82.3641286725 28.2058311648 25.2905295679097
3269 -82.3808841124 28.2115725566 25.3875210552081
3984 -82.0850528756 27.950489461 25.4604094773472
1682 -82.5714440835 27.4959954266 25.4855705301548
3073 -82.3050095703 28.1889086605 25.5355773556374
4661 -82.1918134992 28.1184482825 25.5793147986151
4289 -82.6045397692 27.5004826762 25.6706489193721
3646 -82.1150585424 28.0283404987 25.6828005989206
2523 -82.5536156275 27.4901454328 25.6883804887081
4374 -82.0916861838 27.981665623 25.7065588657006
4761 -82.6296518552 27.5068495105 25.7256922220806
2588 -82.7425910134 28.1531098909 25.7260255761802
6299 -82.6809891538 28.1876817561 25.7408629163997
6470 -82.7708096553 28.1343028034 25.8235719146681
4543 -82.5217128294 27.4836836392 25.9007190211041
4342 -82.4985693511 27.4817008348 25.9629974937522
3790 -82.373511236 27.4943055874 26.0425299524551
2694 -82.5818486685 27.4896902485 26.0464506657075
2927 -82.5957286162 27.4901868479 26.214274202996
4522 -82.5691851477 27.4844672693 26.24066565874
5127 -82.3915086314 28.2275303123 26.3030015862866
1978 -82.7080423146 28.1843235925 26.3384659811545
2899 -82.2117935233 27.5635738513 26.4112213813887
3276 -82.6469468672 28.212827655 26.4666495826397
5800 -82.6635817619 27.50617414 26.542436849926
2528 -82.6122126508 27.4885155405 26.5976271223825
4490 -82.7256898561 28.1803834261 26.6756665695768
3637 -82.5815125492 27.4790646868 26.7594022861691
3646 -82.1142400185 28.0595537224 26.7881534680985
4278 -82.7518107584 28.1662440131 26.7897161494665
4737 -82.3243094913 28.2163756865 26.7953197899115
3653 -82.5549595313 27.4724114587 26.9131117360345
3730 -82.6283976949 27.4875597556 26.9610505551064
3878 -82.4749797823 27.4671082021 26.9756657305806
3711 -82.5977494889 27.4783616044 27.0372852275958
4031 -82.2706052436 28.1982617063 27.0834218869415
1923 -82.7324742692 28.1845631452 27.1442494288165
4053 -82.6796474764 28.2114831734 27.1788171707599
4317 -82.5671283599 27.4697198713 27.2202208940491
3808 -82.0794045364 28.0148661649 27.248219690192
5716 -82.6997737197 28.2036585843 27.2531218438688
1614 -82.6404076966 27.485495202 27.3391308658515
8146 -82.5305983449 27.4630422726 27.370929078098
5584 -82.781339277 28.1566622593 27.4076778708397
4849 -82.7239868718 27.5201936371 27.4172700541203
2882 -82.750967154 28.1782472234 27.4266991635879
3654 -82.5034969622 27.4605768912 27.4326559055855
3326 -82.581464119 27.4679559953 27.5098913685592
3142 -82.5941077725 27.468991631 27.612114784153
2617 -82.7321597899 28.1928240125 27.6124775513319
5121 -82.6581705198 28.2280551376 27.6988413125661
3930 -82.612269449 27.4718363278 27.7061339272753
4950 -82.4366025565 28.2555967399 27.7551774082325
2149 -82.7451848807 28.1876966068 27.7572598557039
2299 -82.5586660084 28.2545328648 27.8422349126205
1652 -82.0430491463 27.945459378 27.8734810304853
2936 -82.7649528544 28.1791025454 27.9826562340349
3030 -82.7170601432 28.207963402 28.027256550743
5232 -82.6288862264 27.4709050769 28.0646034781194
4316 -82.6746079223 28.2276651157 28.0663194646672
3602 -82.5531988449 27.4547995201 28.1021845286584
2560 -82.2252394241 28.1907958769 28.1171519313614
2458 -82.731339879 28.2036171878 28.2168204129939
3496 -82.5691001915 27.4549999652 28.243790861028
2657 -82.7566004753 28.1913145387 28.3613206404427
3630 -82.6387517165 28.2447557533 28.3657367794557
7122 -82.3795006246 28.256134371 28.3965752947073
4295 -82.6910391213 28.226417094 28.4109292584532
3883 -82.5903436842 27.4560025905 28.4343426643071
3822 -82.580812288 27.4540952051 28.4403734609024
7268 -82.0270918834 27.9182460592 28.4889097786011
2734 -82.7524076809 28.198648613 28.6310542317628
2664 -82.0344905523 27.9664467581 28.729803269095
3579 -82.6033320563 27.4541784803 28.7429025187088
4125 -82.7150355515 28.2233449283 28.893967613508
3993 -82.7303074142 28.2166108403 28.9518859881558
2600 -82.5651344571 27.4440005227 28.9523710193816
3953 -82.6230052827 27.455728625 28.9603173368493
3099 -82.6644100463 27.468441808 28.9671985860454
4722 -82.3269517672 28.2512264735 28.9907052539945
2701 -82.7521627284 28.2058615732 29.0357498045399
2294 -82.705198165 28.2305589334 29.0533287276412
4769 -82.4955069519 28.2786384194 29.1758606599396
2864 -82.5856597746 27.4440655436 29.1800347703348
6071 -82.5500525423 27.4378546123 29.2371300630871
2457 -82.7417483323 28.2168817396 29.3310814233168
6234 -82.501267924 27.4318702874 29.4131288430136
1661 -82.7010336579 27.4752961718 29.451761034345
4712 -82.4706256573 27.4311651424 29.4693499938298
4151 -82.0162889046 27.9455994656 29.4735982473664
2855 -82.7887649202 28.19017544 29.4795991123006
2678 -82.6647157893 27.4604637971 29.48688849545
4281 -82.3550548669 27.4463873694 29.5402955659874
3246 -82.2275408675 28.2173986293 29.5704605067886
1797 -82.7158585361 28.2343244498 29.5857518981704
5071 -82.5672247193 27.4348210263 29.5997862346534
2066 -82.7548176339 28.2142031447 29.6057637472911
2842 -82.6870231071 28.2481417445 29.6682858881503
3270 -82.1822812853 28.1907661197 29.6899064785042
3727 -82.5860162462 27.4356452562 29.7547734265153
2144 -82.0975910248 28.1151826278 29.7905284745856
1893 -82.2405592023 28.2283731952 29.8025371455111
2369 -82.0355223646 28.0183816064 29.8142173625929
5532 -82.6365530719 28.2681392267 29.8588174101877
4144 -82.6236140757 27.441850585 29.8919949820692
5473 -82.4395493342 27.4262764462 29.9353209848392
2851 -82.7044227574 28.2465599291 30.0209329229533
3068 -82.7253640306 28.2371695247 30.0352757142902
8756 -81.9977643739 27.9227577479 30.3078839358326
3052 -82.7507782043 28.2290507911 30.3365911534131
3164 -82.0122546225 27.986537459 30.4206663158324
5706 -82.5287834519 27.4183510916 30.4403040631474
4040 -82.2697259485 28.253380949 30.4867430555008
4945 -82.5843918819 27.4240631146 30.5204525335396
3826 -82.7140201767 28.250856631 30.5482231473824
1908 -82.2047400144 28.2210425961 30.5487479677787
4177 -82.5670242383 27.4205614928 30.5712889379877
2500 -82.7376220914 28.2405891599 30.608364842595
5145 -82.4985079945 27.4139759366 30.646410584492
2885 -82.0004682783 27.9632459957 30.687334439743
3331 -82.6840036896 28.2663804383 30.750809185007
6493 -82.447360017 28.3004169211 30.7780209833534
2597 -82.6995666555 28.2651708481 31.0569151394399
2224 -82.1877515841 28.2206512802 31.1255151544476
3427 -82.3593026981 28.2938921394 31.2290000909501
1916 -81.9862574991 27.9464445251 31.2830120094099
1988 -82.2081449024 28.2366383218 31.3296984767064
4885 -82.5547983226 27.4064059558 31.4319602861461
3626 -82.4410102156 27.4041905802 31.4476765055644
5577 -82.4705651503 27.4022162368 31.4707674474832
1442 -82.1378076687 28.1909509805 31.4769924973046
5370 -82.028275488 28.0632253103 31.4985134500074
3793 -82.7169017162 28.2655982927 31.5384052965319
2308 -82.7391402459 28.2553976872 31.5451541276859
2575 -82.6904807448 28.2766435546 31.5585483874096
4951 -82.5999154591 28.3040797226 31.6789909421851
4526 -82.2267782256 28.2527766189 31.6835390230684
5268 -82.4155883004 27.4022717257 31.7594230737169
3044 -82.1784322533 28.2260637886 31.763735754633
1640 -82.670751314 27.4267498195 31.7964587360129
5129 -82.6361433785 28.2982116388 31.8393867048761
4975 -82.4999869352 27.3967264782 31.8413407171636
2501 -82.1942901386 28.2375076567 31.8482800430292
2564 -81.9810662796 27.9637932632 31.848711447707
5272 -81.9969883212 28.015056644 31.9306654422975
4915 -82.6868579551 28.2863350482 32.0918332647606
2884 -82.0044164525 28.0444479969 32.2632111101918
2857 -81.9605352012 27.873546968 32.2676793888823
1760 -82.70228596 28.2837205284 32.2945780767924
5449 -82.3594359113 27.4036922046 32.3235998120984
1258 -81.9737146149 27.746310103 32.3765853586966
5246 -82.0315215329 28.095687555 32.403062048394
1943 -82.1999128024 28.2514938518 32.4648071451674
2189 -82.730090571 28.2748430396 32.4711810321327
5373 -82.2951860162 28.2960460724 32.5729783567671
3608 -82.7060072915 28.2876004035 32.6320360794093
3019 -82.1801264574 28.244229435 32.722027060953
4181 -81.9605967527 27.943528708 32.7850916103545
2707 -82.6634143443 28.3052206846 32.8096188930406
3216 -82.6897775555 28.2971093568 32.8491062315786
4262 -81.967133136 27.982097097 32.9846561196421
2876 -82.0442477537 28.1289848661 32.9906094563845
7129 -82.4890091195 27.3787660059 33.0751238670888
3804 -82.1669159144 28.2426515165 33.1036469089647
4581 -82.6757814007 28.3061998161 33.1273039119644
758 -82.6458592903 27.3986951745 33.1426006364019
3166 -82.5492399654 27.3791970719 33.2587013793023
4359 -81.9814313987 28.0331732883 33.2616749454392
2885 -82.6998670782 28.3000538786 33.2725342915002
3984 -82.5247643011 27.3766724694 33.2967922385679
2055 -82.1906873124 28.260589971 33.298577679994
3355 -81.9566131293 27.966824736 33.3511691753278
3221 -81.9661265298 28.0041041018 33.4721100603264
3169 -81.9904521644 28.0604059531 33.4929288820327
5481 -82.6867217943 28.3093675577 33.568485591964
3373 -82.6340321073 28.3260966496 33.6584927046019
1257 -82.7196517104 28.2994776912 33.7242745888923
2344 -82.5574605852 27.3726653483 33.7676254625018
4234 -81.965643047 28.0185312437 33.8149257879125
3053 -81.9767985643 28.0480875235 33.9120574391381
3954 -82.4549812637 27.366127182 34.0090743228032
3994 -82.4723825952 27.3653299525 34.0176929249605
2461 -82.6710068993 28.3235527336 34.1592008906809
3578 -81.9524677466 27.9992059486 34.1698319843293
3513 -81.965386423 28.034235736 34.2019254185181
2020 -82.1918094233 28.2774761037 34.2470628711716
2907 -81.9389582337 27.9627945996 34.3428871872097
4872 -82.5135420654 27.3608584563 34.3498703805948
3166 -82.5836960608 28.3472243379 34.4168920978734
4462 -82.1632543931 28.2639733156 34.4306048886655
3880 -82.4931218796 27.3591744106 34.4317763966416
3004 -81.9875418446 28.0877420776 34.4846217332993
3851 -82.5344468863 27.3600371263 34.4890205306325
3846 -82.6849408158 28.3244801641 34.506895893962
2596 -82.6243375846 27.372643671 34.5272403219085
7130 -81.9267301119 27.9193816052 34.5782240564109
2676 -82.6951623643 28.3223896444 34.5946349749862
1484 -81.9770791108 28.073736891 34.6236817490068
6163 -81.992493468 28.1049433732 34.7858530220795
2034 -81.9536724998 28.0335954538 34.8555934045618
3744 -81.933079093 27.9738424543 34.861728291281
2075 -81.9649006606 28.0588013746 34.8713296768276
1926 -82.2174224583 28.3016276448 34.9104264330642
3412 -81.9357273134 27.9887308875 34.9564286748194
5257 -82.5408015825 27.353098074 35.0013663857177
5777 -81.9992394767 28.1247399947 35.1281386977828
3737 -81.9662991303 28.0707067015 35.1301015739602
2171 -81.9550210251 28.0479317843 35.1371899199398
1487 -82.7154949227 28.3240237587 35.1711758608431
3309 -81.93632072 28.0032820859 35.1954735261798
4098 -81.9414146954 28.0184891584 35.2147803186254
5111 -82.6804457088 28.3368499217 35.2174434775287
1215 -82.49293264 27.3468063425 35.2871762220267
3744 -82.5047616751 27.3466478325 35.311976185547
3270 -82.635191082 28.3526464994 35.4502960112272
5596 -82.0557104653 28.2000432326 35.4914438971243
2814 -82.472503378 27.3437391774 35.5104479163288
4158 -81.9416276422 28.0337351389 35.5491317953091
1254 -81.9684363178 28.0935656611 35.7053892399628
1731 -81.9520178684 28.0629789064 35.707772038903
3880 -82.5197698355 27.3413845794 35.7144633157623
3946 -82.6574286629 28.3512791915 35.7279151125462
2511 -82.601975665 28.3647249263 35.8104184737338
1632 -81.9316991489 28.0207686482 35.8275397484147
2444 -82.5692159012 28.372155239 35.9849845408937
3067 -82.1655105559 28.2926001954 35.9911400710583
4552 -81.9558677529 28.0814975346 36.023279784137
7055 -82.0040230579 28.1548453558 36.0261689167652
3043 -82.5065894934 27.3359592833 36.054423106138
4941 -82.2720899012 28.3427189756 36.0919191133134
4255 -82.5442418637 27.3374584131 36.0982968429569
4664 -82.5321356298 27.3362004933 36.1215768108451
4039 -82.6896533961 28.3481733916 36.1440930793162
2437 -82.1165255391 28.2644779199 36.1746482952667
2728 -82.6750456151 28.3531329297 36.1755118597051
4357 -81.9342079257 28.0438127485 36.2166524905132
2790 -82.5090466907 28.3802939104 36.2270450298559
4172 -81.9892388605 28.1425527373 36.3020874097867
1894 -82.5968636734 27.3408794492 36.3158615594532
2972 -82.4885185312 27.33188443 36.3180260233185
6182 -81.9103220418 27.9837260046 36.3734417949
2502 -82.4016616613 28.3776390487 36.4021830293824
3902 -82.4641184183 27.3305162664 36.4417161726666
3132 -82.7068919571 28.347657215 36.4826076533863
7440 -81.9010045943 27.9545296555 36.5041382248061
5193 -81.9608992974 28.1081145002 36.5804559989076
2850 -81.9138201223 28.0205082168 36.8601513584891
3950 -82.5052849016 27.3238357132 36.890234097388
3408 -82.5217824166 27.3226432947 37.0157187333171
2517 -82.674456971 28.3674116433 37.1027365579157
1857 -82.4847315737 27.32011982 37.1322954325445
5193 -81.9153437375 28.0378797351 37.1562945174398
1720 -82.5358410321 27.3211048321 37.1802217045088
959 -81.9422572799 27.6202925256 37.1983581601824
7932 -82.4173165295 27.3203324022 37.3681960176152
3175 -82.4604806063 27.3168872202 37.393100241076
2541 -81.9651545137 28.1409231672 37.4856411786031
5752 -81.9504871022 28.1216626693 37.5871573559525
3199 -82.5013813088 27.3134336201 37.6034489446185
3179 -82.4787443583 27.3118595494 37.7073313014382
4952 -81.8991755365 28.023922214 37.783869048598
2756 -82.5714557543 27.31382951 37.9149398486703
3069 -82.6388725558 28.3892381839 37.9576817155315
4650 -81.92554262 28.0924119186 38.0190165185231
2529 -82.6944599639 28.3755133218 38.0233268737688
3727 -82.5221414918 27.3071248333 38.0887509745026
2139 -82.5352885622 27.3068189927 38.1628215937878
5577 -81.9057031867 28.0593280127 38.2262915906554
2929 -82.4800806507 27.3036388735 38.2748132300267
4001 -82.460070811 27.3038832848 38.2928543826353
3670 -82.5007760246 27.3033408379 38.3006491021274
3313 -82.1917066072 28.346693617 38.3977123831977
4672 -81.8731644871 27.9766260417 38.4739277833046
4876 -82.5268426554 28.413224782 38.5553188500072
1980 -81.8617221987 27.9280694162 38.5953245704231
2768 -82.1582479727 28.3369179418 38.8202555838997
3469 -81.8520845083 27.8844830552 38.9239715015367
5289 -82.2124889699 28.364958808 38.952807251166
3011 -81.8751728645 28.018037904 39.0658993607299
3685 -81.9404664613 28.149208111 39.0702547895019
3993 -82.5758397374 28.4167505204 39.0958991758696
4622 -82.4372798094 27.291526119 39.2324868524134
2979 -82.5059801767 27.288247274 39.352222397489
2517 -82.52606567 27.2875492774 39.4544308863259
1866 -82.5604365928 27.2894180813 39.5069901325784
5622 -82.4742409813 27.2849037211 39.5766243426985
2211 -82.2695500171 28.3957896837 39.5834790228921
8169 -81.9428239372 27.549246205 39.5873401643101
2772 -82.5181124653 27.2851848136 39.5918574703908
5691 -82.4919826405 27.2843848242 39.6045170237526
3466 -82.1951404588 28.3683841583 39.6321685473104
6027 -82.4566600608 27.2841016212 39.6694514799926
4156 -82.6241194485 28.4183886857 39.7185148230578
2284 -81.8384711886 27.8766284947 39.7345199513276
2387 -82.673846389 28.410092904 39.9117417330585
5015 -81.8371668784 27.9060197259 39.9302176209466
3667 -82.5343653998 27.2782046877 40.1326619706537
3560 -82.5070518582 27.2755490409 40.2321295046832
6180 -82.4096969282 27.2793213996 40.2403992735011
5339 -81.9139781042 28.1438955851 40.2815875145881
3318 -82.5551599762 27.2767961226 40.3402997282508
2263 -81.867696154 28.0623249262 40.467914228832
3058 -81.9539084993 28.205984424 40.5702468223816
1627 -82.5223904874 27.2691605546 40.7119326536492
6141 -82.5226610145 28.4473493128 40.8975396432703
4738 -81.819244746 27.881218523 40.920523397346
5646 -82.5515228645 28.4470859752 41.0084437389701
5269 -82.5814639922 28.4440376206 41.0126415970555
4019 -82.1582276299 27.3397647931 41.085584002809
4373 -82.5075460532 27.2627814764 41.1158153053724
1355 -82.5445898989 27.2630929122 41.2236065463764
5779 -82.6180271078 28.4441174612 41.3874462464995
3146 -81.8400455633 28.033246626 41.422734940057
5862 -82.4936093404 28.455839379 41.4311905996868
1908 -81.8702273821 28.1050562243 41.4503019431283
5841 -82.4822637392 27.2539469292 41.7106110286859
8900 -81.8168296117 27.9800615684 41.8902012834274
3750 -82.5059641253 27.2489946752 42.0664218698793
1179 -82.5336414135 27.2493113116 42.1235425067219
4351 -82.462732884 28.4667331023 42.2110794505994
2992 -82.6076937759 28.457990263 42.2159078090129
2489 -82.5688459292 28.4630900994 42.2211432718782
2581 -82.517083564 28.4699116843 42.4405730428191
3832 -82.5391990498 28.4690500939 42.4591305876892
1462 -82.6019487613 28.4628982477 42.4915210709498
4060 -82.3735140063 28.4631587954 42.5118299288639
2476 -81.7959734833 27.7878953522 42.5956131537626
2548 -82.5976031926 28.4685585526 42.8355925194116
2288 -81.7940087939 27.7644921426 42.9306660219284
1770 -81.797371569 27.7463704828 42.9361448480788
4752 -82.5068343236 27.2360048971 42.9660757798247
4199 -82.5524439576 28.4754554158 42.9675032119497
4975 -81.8339574167 28.0956170402 43.2247019278862
2552 -82.4829317093 27.2314820396 43.2642264011
1795 -82.5977287782 28.4754454452 43.3073459901874
3959 -82.5695472751 28.4789672188 43.316922068296
6476 -82.5036701239 28.4860111658 43.5274693693022
3027 -82.6541221316 28.4704285402 43.6332872635636
1578 -81.8921010695 28.2058272612 43.6547242852032
1147 -82.5184922114 27.2259439318 43.6866843762448
2875 -82.2161798417 28.4435229671 43.8304836817546
3147 -82.5928408688 28.4838178547 43.835051717274
4385 -81.7704835574 27.8684572777 43.87757884666
6310 -82.5285777423 28.4905535315 43.9012717217424
1030 -81.8009224369 28.0451804038 43.9483867653511
6423 -82.4565485476 27.2205542588 44.0609515863351
3409 -82.1134516305 28.4023854675 44.1062706773401
2577 -82.479642062 27.2183676178 44.17321417525
2638 -81.8498897466 28.1626348319 44.3305756441084
2551 -81.7870895163 27.694145655 44.3424295148165
3410 -81.8035943371 28.0746174524 44.4351985498401
4029 -82.5800065689 28.4971070036 44.6393560706079
2515 -81.9434666426 28.2885721535 44.6721249504594
6378 -82.5392168279 28.5036419202 44.8458352096686
4093 -81.806258785 28.0990131923 44.8796576344466
1684 -82.277978132 28.4791738288 44.9062793808134
4807 -81.7678157617 27.9865795798 44.9141416186662
3686 -82.6207858465 28.4982874692 45.100283272482
6520 -81.9329484704 27.4264965443 45.1963283749802
2301 -81.778424412 28.0440806067 45.2415749621571
1950 -81.7829016752 28.0589660908 45.2837971888134
4736 -82.4910072599 28.5124018779 45.3427289112046
3592 -82.447879736 28.5142358449 45.5344708098447
3557 -82.5600685266 28.5123913835 45.5548509832315
3054 -81.8066823028 28.1318009899 45.7450657756821
2200 -82.5095441973 28.5195943004 45.8589103631654
6404 -81.7557184486 28.0095743161 45.9733056609413
2536 -82.3625431725 28.5126014796 45.995177485909
6291 -82.4795532957 27.191841883 46.0080336369289
4110 -81.7844589771 27.622420364 46.017895063713
3018 -82.5296374641 28.5224984729 46.1111458622945
2961 -81.7799087472 28.0887241113 46.1266742925596
4866 -81.7632142905 28.0438833526 46.1290847918758
8152 -82.2800221167 27.2157272767 46.1486434873383
8295 -81.7358504564 27.9380065027 46.3144447457689
4160 -81.7409378065 27.9762957341 46.3952467733578
4316 -81.7690481032 28.073587918 46.4035706396204
3199 -81.7514386964 28.0228232694 46.4431511390169
1670 -81.8430888893 28.2196152215 46.6814444985702
3651 -81.7257686481 27.9532759171 47.0609973459188
3210 -81.7467488274 28.0521562666 47.2543771894681
2097 -82.217395219 28.4984968732 47.3454604532958
1325 -81.8049527211 28.1866325072 47.5305479985449
3777 -82.4012654861 28.5404784654 47.5782347164546
1503 -81.7315162153 28.0258614316 47.6742608049409
2856 -81.725441481 28.0111998607 47.8007020281207
3686 -82.5205978982 28.5475030916 47.8120654114617
4420 -82.4898722224 28.548408607 47.8331853891038
1787 -81.7648076955 28.1371616972 48.2298978531139
2731 -82.461644868 27.1577964155 48.3869857067044
5045 -81.7238745891 28.0505789564 48.565495300498
3424 -81.7056842229 27.987823254 48.6567315587551
5173 -81.7359668012 28.0945278778 48.7852979463434
3179 -82.3761639231 28.5558286965 48.8233853359444
10 -82.0052971866 28.4204364461 48.8457746964311
4622 -82.4350231166 27.149971094 49.0088825001956
5029 -82.5284440066 28.564852695 49.0329713352948
5252 -81.7092690055 28.0312661534 49.0827912667485
2868 -81.684894674 27.8398763313 49.1250074718952
4196 -82.4706500132 27.1436302587 49.3514672394416
3181 -82.4021548541 28.5667502733 49.3788996602695
4898 -81.6990727756 28.013722867 49.4102847298364
