"pop" "long" "lat" "miles"
2515 -86.3566606253 32.38240831 0.411047804227892
1369 -86.3391466518 32.3684842968 1.55375432670601
3344 -86.3596851385 32.3510864974 1.94881685293039
3569 -86.3290989623 32.3620949793 2.28296881043927
1666 -86.3299497579 32.4071077673 2.71372024351476
1771 -86.317765907 32.3587354407 2.97339352720185
2008 -86.3353715841 32.3407096402 3.09746433273696
1605 -86.3087920057 32.3720265552 3.17900990565928
1174 -86.3080457208 32.3794342454 3.18405678254685
1388 -86.3081125799 32.3635052738 3.35957319528892
2497 -86.3072760797 32.3513368648 3.75930239465474
3136 -86.323038382 32.3360056986 3.77348725001089
3611 -86.4251257657 32.354820041 4.02503898673452
1148 -86.2915965181 32.3715504628 4.17836255569861
4518 -86.3078042582 32.3356186716 4.39345489145417
3618 -86.2916387913 32.3526566663 4.53045306880542
2243 -86.3794083982 32.3152030959 4.53218004409531
4893 -86.2846561957 32.3972070151 4.71816460414064
3656 -86.2818082104 32.3817368925 4.72006974304868
3760 -86.2833277929 32.3611543336 4.79301908307414
3968 -86.3788760989 32.4504387564 5.02223649980332
4091 -86.2907811564 32.3356910668 5.15999956353889
3769 -86.2736748663 32.3742944781 5.20291166401545
3762 -86.3440060242 32.3053411603 5.21971321669674
1185 -86.3055550737 32.3177001617 5.40043219391337
2891 -86.4410889134 32.427206506 5.66464112492218
3411 -86.2661904881 32.396231379 5.75119600126533
4554 -86.2724607842 32.3409887697 5.88890216749273
4576 -86.2812030837 32.4297946966 5.90255071838278
3774 -86.2894385223 32.3186697769 5.97992436915911
2754 -86.269463217 32.4169452809 6.03257957551423
5463 -86.2550819392 32.3713989048 6.30121946399677
3495 -86.2576529065 32.3551576254 6.34952161258828
10766 -86.4226150223 32.4588894467 6.53623150415036
3151 -86.2514082202 32.3941124951 6.5740670310782
623 -86.2466951529 32.4067910214 7.03180798567817
4220 -86.2525280742 32.3348104883 7.12315804793297
5724 -86.2646541628 32.3072562716 7.5807135428143
5956 -86.2304914623 32.3890795108 7.74466402695405
4467 -86.228489171 32.3721537614 7.84683826473387
6376 -86.2328888872 32.3482522479 7.87166189933435
8217 -86.248867402 32.3161332451 7.94606189326746
4386 -86.4436280917 32.4720039117 7.97883236216258
3668 -86.478704699 32.4425547469 8.07746568772491
2104 -86.2256686463 32.4051061622 8.19423824977274
3689 -86.2492831792 32.4503593129 8.24666387472935
1809 -86.3165610919 32.4922349139 8.27003884182009
6516 -86.3887445093 32.4978279218 8.35020812211531
4964 -86.2237063066 32.3331420227 8.71506438247218
3373 -86.4602003444 32.4754380973 8.76734555539786
4221 -86.3563349578 32.5107403343 9.10939412455769
2170 -86.4733787525 32.4742405733 9.22694975969518
4933 -86.2084908549 32.3475133709 9.26371034171082
3614 -86.2009217656 32.3722171401 9.4545705707367
2495 -86.2022948151 32.3576252769 9.48063067731805
5656 -86.1995259789 32.3933105814 9.57301976390055
7828 -86.2240331202 32.3040365013 9.6194500755055
3473 -86.2089521367 32.3283835837 9.63808238434028
3081 -86.5260012002 32.4133480792 9.83543975461297
1912 -86.4900727731 32.4771795093 10.0705299265387
1284 -86.227990365 32.2841205741 10.2504431588496
4622 -86.1950096085 32.3191097307 10.6352633804747
4599 -86.1706587823 32.3718226678 11.2218588445033
3140 -86.1776335036 32.3153174954 11.6737322914476
8896 -86.1626002916 32.351893407 11.8336866767219
6234 -86.390494615 32.5531510917 12.1458633286616
3699 -86.3274899879 32.5522407563 12.1464718481945
7637 -86.154780977 32.4046433258 12.2631804685306
4865 -86.3408021938 32.1988891256 12.5342961223219
1107 -86.1552652042 32.3114261442 12.9881647591976
4531 -86.1401471805 32.3289849977 13.4513765915308
10435 -86.5125448363 32.5347812825 13.8758058925332
5784 -86.2468515942 32.5600688865 14.2197265513392
947 -86.1242841261 32.3062121721 14.8106765309434
6257 -86.128585137 32.4658704475 14.920122682868
3678 -86.1702296465 32.5213982878 14.9278407310459
3620 -86.4963836677 32.1904824873 15.2179837906556
3722 -86.1000765676 32.3529238309 15.4424376295452
3246 -86.0716131675 32.3928566943 17.0211411510364
10104 -86.3568247223 32.643029924 18.2561342383449
3533 -86.1048078332 32.2273376618 18.3677826998218
839 -86.0502490778 32.3372196133 18.4774374934979
7405 -86.1767159579 32.6064013879 19.0959652254189
870 -86.0151958429 32.3432077622 20.447627980322
5675 -86.5237714311 32.6429751181 20.5300367384723
2932 -86.7199082328 32.2707135704 22.1949129139523
3320 -86.7321854881 32.4560266993 22.229727581667
4757 -86.2177741999 32.7050794592 24.0740399265441
2186 -86.2351360565 32.0475848113 24.117584255141
7712 -85.9795122284 32.5160549943 24.2821195090311
4695 -86.0346413805 32.6330300398 25.9675675925954
2309 -85.903847562 32.3487379512 26.883589749214
2886 -86.586948813 32.0366819077 27.0871740281221
1526 -86.0787982842 32.0663668114 27.2738928388628
2894 -86.756282135 32.6089297613 27.9345187270043
5101 -86.5258327176 32.7595810839 27.9839147571717
1903 -86.3694390748 31.9527725328 29.49708299281
4204 -86.8919422313 32.3246129732 31.1648457584758
1861 -86.7765824068 32.0911366333 31.3658056992268
1187 -85.8173749947 32.4194571821 31.9628980106511
2464 -85.9700089586 32.7078836428 32.2646985954949
3656 -86.2059446185 32.833973678 32.7580037446437
5219 -86.640896539 32.8142341869 34.1890301478555
1307 -85.7801423036 32.4630925061 34.4995420449814
6753 -86.9414369121 32.4900257433 34.6561575318635
1925 -86.2534454069 31.8850602581 34.770600503434
2807 -86.5465820023 32.8592478608 34.8976017199631
3261 -86.7382374998 32.7725134556 34.9277795011958
2439 -86.5883748089 31.9033802038 35.4694586305105
6166 -85.8079827978 32.607171688 35.9955484903925
3811 -87.0011244322 32.4119177463 37.3665525347828
1935 -85.7179042479 32.4028627989 37.6898527330581
1559 -85.7127062201 32.3851126275 37.9637448813638
2378 -85.8258636521 32.0682875954 38.0624605730476
6303 -86.657009016 32.8713221574 38.1226351831378
2113 -85.7124221502 32.4341552404 38.1579260180504
1940 -85.7101569108 32.4112543841 38.1695506300716
3150 -87.0149014556 32.4283241676 38.2504968530749
1668 -85.9521103666 31.9475816793 38.3257800529106
3811 -87.0281921036 32.4161041285 38.9617421897338
1754 -87.0320012383 32.3672671158 39.1195139713991
2431 -86.1092392643 31.8555719352 39.1406066743482
1345 -87.0214495261 32.2728681297 39.2099719658537
1531 -85.6919101218 32.4262403768 39.302604508653
6382 -85.9491975503 32.8435130002 40.1479008007807
1262 -85.6781816475 32.4419609935 40.2011564843607
1602 -87.0532063576 32.3989320228 40.3658325591574
3791 -87.0509547523 32.4481975051 40.4828476313507
2950 -85.8046772587 32.729383943 40.5573486473993
1394 -86.6283083151 31.8377324967 40.5601338325102
3156 -85.6876759434 32.5193933494 40.5711455157621
2789 -87.0573207089 32.4248925091 40.7002888086759
2902 -86.8988425543 32.7631046013 41.0210787429714
2180 -86.676343018 31.8483624227 41.0623948819494
2327 -87.0334680194 32.5643881485 41.1969784553138
7102 -85.7059142921 32.1546600061 41.4277066363994
1855 -87.0713976269 32.4062442958 41.4459328330668
4327 -86.5240720316 31.7777371569 42.6656887963954
1469 -86.7944493191 31.8762611005 43.0145684469226
3927 -86.3356684277 33.0020938993 43.119137313212
5466 -86.7279628744 32.9246835966 43.3235617237825
1750 -85.6247948344 32.3025102741 43.4413854726413
3023 -86.6533574962 31.7965828718 43.7542022931236
2550 -87.1135617921 32.4039341135 43.9003685108262
3808 -86.6056322938 32.980063307 43.9102034218131
4994 -85.933040342 31.8396570229 45.0112229347492
4051 -85.9859122041 32.9494549536 45.1365114559312
3180 -86.3692750124 31.7247038869 45.2723094088583
3956 -86.0753290872 32.9944691955 45.7300771610595
3809 -86.2262451119 31.7268826519 45.8220753257555
4243 -85.827265637 32.8753951797 46.3762425065886
8053 -85.9965398061 31.7825155203 46.5136674289376
4773 -85.8964864038 32.9588638583 48.420533776916
7236 -85.5830362612 32.649749738 49.171425666267
1403 -85.5203135432 32.427225773 49.3011427571153
1274 -87.1836719099 32.2119119554 49.3870106725039
8776 -86.8029915404 32.9941552995 49.6717819152634
2804 -87.2123808401 32.3283859258 49.783691872653
1705 -85.6493346274 32.7766375053 49.842511767129
2002 -85.7927738794 31.8415201576 49.9757140349258
