"pop" "long" "lat" "miles"
4289 -115.068065221 36.2513958309 1.18471315501667
5200 -115.072779147 36.2350587456 1.30240261698787
5911 -115.070002695 36.2246337487 1.57952174718745
3293 -115.085169252 36.2275433299 2.14403068351622
7841 -115.059470968 36.2720081158 2.17063199138607
6027 -115.089237613 36.2364193274 2.1718390311693
4690 -115.022852748 36.214329209 2.43799463412375
4074 -115.055271704 36.2053986351 2.50388352839608
2740 -115.036243915 36.2061502274 2.57126018448761
3130 -115.071151473 36.2068823079 2.64488091175809
6367 -115.094272484 36.2248639403 2.68193506320076
3958 -115.087641657 36.2156972317 2.71839954683136
3771 -115.035258367 36.1993092422 3.03917138172065
3232 -115.103164757 36.2258241791 3.11412214493283
3364 -115.089319261 36.2067549545 3.21983938876583
2550 -115.052999488 36.1925689398 3.38114328062684
3789 -115.11295402 36.2445776802 3.47406096030395
3114 -115.034945265 36.1923320316 3.50880752181883
5513 -115.071013278 36.1922489411 3.58314534688325
3037 -115.089265455 36.1994222472 3.61171342111684
4747 -115.113347116 36.2232954701 3.70787459708215
2913 -115.017345824 36.1934678709 3.80629315823823
4443 -115.108767814 36.2718804198 3.85920171176491
5309 -115.102490703 36.2040964233 3.87075921949641
3204 -115.053024983 36.1851840307 3.8917364346797
4104 -115.034743179 36.1851151863 3.99638395098626
6351 -115.089282161 36.1920102907 4.03614742532635
3874 -115.071210262 36.1848427436 4.07568863455609
2684 -115.125558421 36.2396498836 4.17228444090475
1922 -115.110739261 36.2053452032 4.17266358545336
4798 -115.117507106 36.213594352 4.1900503592635
6727 -115.125844215 36.2542062012 4.27852269962782
3255 -115.085219582 36.1857009918 4.3060524705236
3060 -115.11628422 36.2073887538 4.3463556336598
4348 -114.99421589 36.1973201046 4.3906590123857
2635 -115.053055631 36.1778153633 4.40127219935139
4590 -115.03474624 36.1777798412 4.49227854851703
4175 -115.112677538 36.1996986575 4.49987710304193
5104 -115.071291604 36.1774557261 4.56970181097118
5728 -115.125922298 36.2689172771 4.60164073482784
3788 -115.092239689 36.1837532843 4.61056834730027
5840 -115.107199516 36.1920951433 4.64160412171166
4653 -115.126604748 36.2064036222 4.87408764437133
2695 -115.102756537 36.1846041664 4.88367541225593
5205 -115.053249329 36.1705561353 4.90352269068933
6235 -115.093355075 36.1772422936 5.03441992042684
5385 -115.141454828 36.2412664016 5.05733321048683
5103 -115.071226356 36.1700823788 5.0643177231322
2758 -115.111651175 36.1847869833 5.18421147388948
3684 -115.035267252 36.1666890317 5.2413925468706
3782 -115.143161108 36.2250411924 5.27607643167356
3634 -115.123060844 36.1910264262 5.33009368432678
3678 -115.144450289 36.2580172029 5.34861072756921
2757 -114.956890045 36.2576194431 5.35766798234034
6160 -115.053539747 36.1631128792 5.41864970096715
4574 -115.130477146 36.1963758126 5.42910140842096
3076 -115.144099251 36.2652521709 5.45901128505202
5326 -115.093104817 36.1698743805 5.48310436842377
4649 -115.071267863 36.1627290255 5.56158931252269
3527 -115.141418723 36.2077722932 5.56625852957749
2288 -115.111168841 36.1773269987 5.56813722387838
4308 -115.1439776 36.272751051 5.63091951385234
5503 -115.120307288 36.1803947429 5.73270805336403
3438 -115.110880048 36.1707020797 5.93043068218423
5297 -115.092869494 36.1625447176 5.93956287406909
4389 -115.157429031 36.241900635 5.94860376293211
6023 -115.052835398 36.1536607309 6.07139457686552
3491 -115.129977857 36.1809614792 6.08382888656099
4339 -115.033106249 36.153463921 6.16366393664622
3105 -115.045221207 36.1516340145 6.21835455329696
1995 -115.120519165 36.1708185399 6.24409153230404
4769 -115.069242691 36.1522255541 6.25486066939095
4781 -115.16182328 36.228383698 6.25946008872014
2614 -115.157245241 36.270443881 6.26752178268753
1837 -115.156441268 36.2104423686 6.27190042392556
7220 -115.162280888 36.2541099446 6.28039543790895
6274 -115.039238949 36.1507743368 6.30316401351236
4517 -115.161392855 36.2212744938 6.32580871861909
5752 -115.151421168 36.2844464695 6.35233266669794
2194 -115.110683689 36.163202291 6.35941407718193
2865 -115.13820223 36.1820367907 6.3767798383445
4746 -115.138591036 36.3005759765 6.38079403481833
2894 -115.078427751 36.1511560148 6.43116904423201
4239 -115.086854603 36.152173255 6.49292598027006
3958 -115.05937308 36.1477434926 6.49727610659464
2753 -115.129910467 36.170824361 6.58321840113745
4127 -115.12054003 36.1632850958 6.66036402462583
5577 -115.165558481 36.268098791 6.66177606797474
2595 -115.158529386 36.1993837065 6.6777420089639
3852 -115.096334827 36.1516998616 6.70622102262644
2877 -115.106218688 36.1543752944 6.76898743717984
3819 -115.03834361 36.1408620371 6.99037801751145
2824 -115.129274517 36.1624419404 7.00197443327488
4220 -115.05589867 36.140225547 7.00546478146637
4159 -115.175450685 36.254177108 7.009203729235
5186 -115.141183259 36.1701280153 7.05434331392567
4673 -115.158862021 36.1880277484 7.0714917338774
7336 -115.074199801 36.1406487089 7.09170870774918
3181 -115.120121527 36.1550178155 7.1196392296198
3103 -115.151171286 36.1778049927 7.1232427243258
2830 -115.175401898 36.2691344015 7.20964159080113
5504 -115.180213753 36.2394382389 7.22108829432869
6475 -115.179801278 36.2248059961 7.28858631405805
2233 -115.138907779 36.1624590299 7.34943818723608
1861 -115.088753273 36.1396043101 7.35438473753368
4162 -115.11576732 36.1478262593 7.42039495412369
4771 -115.056333955 36.1333643966 7.48067083071363
3707 -115.184570548 36.2541801727 7.5142119255119
3999 -115.074101969 36.1333158915 7.58991658934643
5019 -115.178102716 36.2834547113 7.67244007199054
3385 -115.18431777 36.2689283388 7.68667076987685
2517 -115.174350005 36.192095361 7.69265473147098
5430 -115.182704017 36.2077520626 7.71981003890609
4694 -115.134131028 36.1519219277 7.74332290881465
942 -115.149318033 36.1623107609 7.75753321078239
3555 -115.11204737 36.1406778331 7.76191377213689
3616 -115.036169668 36.1297925418 7.76450303512985
6091 -115.097669286 36.1355568983 7.77598284651902
4533 -115.169437519 36.1823307988 7.78088353136243
3399 -114.966715301 36.1465402911 8.06897296828092
3292 -115.1842072 36.1924447328 8.17928751608285
5512 -115.071356982 36.1242988434 8.18224406044474
5887 -115.12783045 36.1406136608 8.19209221416782
2631 -115.11194691 36.1334183594 8.21345079247558
2517 -115.051725572 36.1223292657 8.23779987809696
4295 -115.198468802 36.2394166 8.2394267285239
3880 -115.060558486 36.1223703474 8.2527788629027
3582 -115.166865333 36.1673781402 8.2579936154684
3002 -115.17992485 36.3000711112 8.26527552716595
5978 -115.198293504 36.2541553819 8.27476528939471
4146 -115.146464996 36.1499216472 8.28077173659956
6777 -115.198180858 36.2246731243 8.30413776980475
5789 -115.197831511 36.2682896663 8.40923359365741
3015 -115.098689759 36.1260180419 8.41825228456909
3006 -115.189798833 36.289732272 8.44183770194238
4186 -115.078906617 36.1210580973 8.47211005752459
1547 -115.087974835 36.121168459 8.57290248289468
2611 -115.156755984 36.1513391563 8.59094739424429
4188 -115.127709825 36.1333964195 8.61775511361279
3977 -115.040709132 36.116505243 8.65888136394405
1510 -115.112119239 36.1260746049 8.68191683650136
5076 -115.197665404 36.1928363756 8.85804579738212
1919 -115.202803853 36.2018479356 8.91283309565969
6851 -115.192344168 36.1815639861 8.91868393866226
1157 -115.166706184 36.1524741654 8.92806226423535
1554 -115.182775794 36.1672847461 8.97526512592481
3942 -115.145849212 36.1367310049 8.97731409495348
3012 -115.10563351 36.118717662 9.02264805355034
7510 -115.198967913 36.2949827668 9.05592824087486
1579 -115.067836542 36.1109154386 9.07711736116569
5255 -115.05477978 36.10895814 9.1652508918615
3908 -115.211291313 36.2093780977 9.22551411549481
836 -115.157496092 36.1393791641 9.23550201518858
2412 -115.216010579 36.2305516499 9.24805363171222
4018 -115.216453314 36.2538651418 9.28082758557029
6398 -115.128129923 36.122212587 9.30752144596077
3344 -115.077850483 36.1074159658 9.3914439280388
6242 -115.216094142 36.2686231839 9.41000278403132
4804 -115.141638141 36.1259640987 9.46030663023726
2924 -115.086983536 36.1077468406 9.46444431924937
2858 -115.040150139 36.1041452848 9.51411334962463
5019 -115.221865177 36.2430149732 9.5440005136849
3191 -115.059102156 36.1035508482 9.54784920125651
2635 -115.068740368 36.1039395461 9.56229949312367
4172 -115.180922183 36.1511414135 9.57874106784485
1331 -115.096295686 36.1076856939 9.59296999664978
4080 -115.214800084 36.1992643714 9.60502231746718
3898 -115.215513485 36.2852991366 9.67504222124077
3140 -115.220244295 36.2099629644 9.70203357876534
3619 -115.112824745 36.1099085411 9.7336585023549
3998 -115.199022063 36.1667283305 9.75365999457501
4531 -115.150521474 36.1253592772 9.76954716701756
3681 -115.209750779 36.1821996228 9.77100728547174
5001 -115.226552785 36.2249734886 9.87175555510446
857 -115.164153633 36.1317179636 9.88058121738143
2034 -115.123734174 36.1110344859 9.89560068673491
3847 -115.107620794 36.1056183584 9.91483409096369
3241 -115.14192307 36.1183763873 9.91566386079158
6220 -115.216523088 36.1894919631 9.92145972474995
3288 -115.215521673 36.2981966792 9.99065760311186
3349 -115.132982634 36.1111394029 10.1125853617895
3010 -115.211405422 36.3095481865 10.120346246187
3527 -115.059454912 36.0951296928 10.1306431452371
3708 -115.070837891 36.0956122584 10.1475861227878
4164 -115.150553275 36.1180232027 10.1917651028398
3950 -115.180832526 36.1363155175 10.2737398372316
3567 -115.216981125 36.1773778269 10.2783262698602
6368 -115.197978571 36.1520527786 10.2813508353424
2911 -115.233634406 36.2690808124 10.3762542407079
3041 -115.233882538 36.2139186192 10.3912793141104
4263 -115.215046522 36.170007502 10.4133280650361
5377 -115.236747259 36.2556544158 10.4194459657408
3848 -115.127960936 36.1041186161 10.4288259299823
2900 -115.086660694 36.0931084118 10.4525019661648
5118 -115.018422806 36.0923534074 10.4685553214065
3586 -115.10857372 36.0972055448 10.4841407797989
4962 -115.048913969 36.0896685652 10.4974216794985
4392 -115.02905683 36.0898128055 10.5570163338923
3053 -115.096227118 36.0930079399 10.5745969400914
2847 -115.076059821 36.0897966025 10.5824219680337
5109 -115.240774 36.2396375003 10.5992259725912
4087 -115.144723242 36.108056969 10.6113004886729
6588 -115.234158424 36.1995668549 10.6336673690754
4420 -115.240362377 36.2254273529 10.6341788938659
3856 -115.214871231 36.1626605591 10.6557481109501
3625 -115.228889114 36.1846944744 10.6853729008007
3919 -115.222966348 36.3108021433 10.7335327846825
4283 -115.128004048 36.0988838629 10.7606499495194
5327 -115.234254531 36.1922180118 10.7887018587899
4400 -115.195021574 36.137497396 10.7932724596701
909 -115.159107585 36.1114043251 10.8373876058673
4763 -115.201449851 36.1412090187 10.8983324638433
1615 -115.110754517 36.090804258 10.9429887706346
4724 -115.237077509 36.295279361 11.0365242280005
719 -115.170577754 36.113800642 11.0747336298442
6384 -115.245616302 36.2095119947 11.0925195560294
4025 -115.216526947 36.151864647 11.1333926987644
5265 -115.234030791 36.1775157408 11.140765564397
2285 -115.157183983 36.104817938 11.1609495527771
4258 -115.23920071 36.1848835064 11.2180818587669
3942 -115.124471765 36.0901270357 11.2446963840486
3395 -115.198190252 36.129734295 11.2867154188357
2888 -115.134617972 36.0928394904 11.2930673225945
3698 -115.233035357 36.1701255099 11.3037072334264
4883 -115.25359106 36.2404652963 11.3137222071464
2706 -115.187628363 36.120716689 11.3166732868546
4123 -115.204137051 36.1339201246 11.3388829152523
4037 -115.253677393 36.2256787565 11.371644421071
4769 -115.252173643 36.2709493785 11.4165298798466
4589 -115.082247331 36.0781955101 11.4262457686397
7647 -115.059342458 36.0750170134 11.5202543190524
5645 -115.232946717 36.1628106703 11.5294998458794
4121 -115.252473268 36.1997682649 11.6169880865887
1645 -115.105153766 36.0789041117 11.6440483324866
4750 -115.196985577 36.1208622818 11.6685070532575
4583 -115.21180037 36.1337946292 11.670791413677
3301 -115.252353918 36.192402783 11.747836775726
2551 -115.251064928 36.2978996183 11.8321988934343
5823 -115.262658371 36.254924067 11.8551908893751
1485 -115.219621728 36.1359963858 11.9163986561507
2981 -114.927349568 36.1008465954 11.9195595712456
4250 -115.203691661 36.1209177481 11.9307206357287
4263 -115.257991509 36.2844614763 11.9332350418543
5301 -115.252165489 36.1833246056 11.9349216347313
5445 -115.23425973 36.1517090203 11.9741709577427
2127 -115.251760912 36.1759374305 12.0960776279979
3628 -115.266000324 36.2123537381 12.1751334582994
7266 -114.98253603 36.0739597632 12.1949311493517
3480 -115.251002307 36.1702153447 12.2114082506005
2899 -115.269769504 36.2407816783 12.2161949801379
2697 -115.194423562 36.1080531908 12.2234530545453
5159 -115.269839077 36.2296961263 12.2477254926198
4543 -115.153897697 36.084985722 12.2570839542341
3882 -115.269712746 36.2221984631 12.2865282260803
6547 -115.245993181 36.3239694684 12.290935639265
2187 -115.212306901 36.1206181521 12.2935658926315
5017 -115.076804559 36.0633392296 12.4034697687764
3397 -115.251339798 36.1627189421 12.4470337935574
3182 -115.064739939 36.0609875448 12.5050915487436
2172 -115.272579135 36.270719394 12.5354670811849
4213 -115.270773166 36.2005292545 12.5968823972873
5729 -115.264605254 36.300200364 12.5977662896573
2706 -115.233981743 36.1347823912 12.6090450913229
3864 -115.001299242 36.0634894485 12.6145881898913
2902 -115.273735301 36.2097091035 12.6317130623942
1529 -115.220693813 36.1202060609 12.6599235312808
4678 -115.089886501 36.061127092 12.6607821702191
5308 -115.212247982 36.1115521605 12.7261792116732
1827 -115.107033282 36.0625509879 12.7650508640626
2766 -115.252481537 36.1515932704 12.8588000824753
6137 -115.27406049 36.1929769578 12.9020105773574
3371 -115.267876464 36.1743526932 12.9734039591185
8423 -115.021012192 36.0553385929 12.9787492253246
3217 -115.229428503 36.1200553582 13.0360477636199
2956 -115.075287374 36.0535567303 13.0666142384512
6066 -115.273877899 36.1832240401 13.0844778245452
4922 -115.220697326 36.111066056 13.087769989512
5112 -115.275516016 36.300065606 13.1722852649426
2401 -115.280962833 36.2857312725 13.1978401676839
4245 -115.061442743 36.050564865 13.2151846029479
3762 -115.128823093 36.0607676403 13.2340587796702
1792 -115.288290183 36.2409720705 13.2494186588632
3314 -115.216518246 36.1040169833 13.2648313421104
5016 -115.288232022 36.2299554292 13.2707725286616
3734 -115.288096078 36.222402415 13.30529254793
3454 -115.268464939 36.1621701841 13.3288374547658
3293 -115.050988854 36.0485519565 13.3410663034715
1771 -115.251939407 36.1366203193 13.3654690491905
3200 -115.238431955 36.1201031553 13.4224669673437
1951 -115.287994835 36.2070947636 13.4470123205037
3434 -115.212249227 36.0970046129 13.456005604217
3727 -115.152256427 36.0647599446 13.4697171337173
7123 -115.03738259 36.0461095536 13.5308060766513
3542 -115.276997031 36.1705522344 13.5432443419242
6329 -115.091785885 36.048386249 13.5473166473315
2672 -115.07596199 36.0458688345 13.5994542601326
3505 -115.229475533 36.1072207183 13.6272416373972
3370 -114.962700144 36.0562020531 13.7245647373992
2755 -115.104744997 36.0478048423 13.7274750018271
4922 -115.270546647 36.1514652639 13.7543501596288
2599 -114.985004671 36.0493959795 13.781864486133
2010 -115.199495178 36.0821909369 13.7936708362819
3668 -115.220788024 36.0965046403 13.8051289261723
3068 -115.285704725 36.3049318202 13.8169339139167
1337 -115.212238233 36.0897474363 13.8326421272663
2997 -115.296743839 36.2152332264 13.8422772832465
3690 -115.292445941 36.2899807154 13.8893875279737
5488 -115.129162066 36.050144892 13.9360217009135
4161 -115.251926817 36.1219371702 13.9427659757763
2681 -115.113719311 36.0458935048 13.9740785611927
2489 -115.281682162 36.163219947 13.9762695605534
4435 -115.238457283 36.1071532762 14.0016789938313
5352 -115.294262688 36.192169622 14.0073751984747
4155 -115.287723426 36.3112025764 14.0661144539868
5249 -115.302812912 36.2647035897 14.1494761638832
5059 -115.053546126 36.0366260049 14.1668468735271
2299 -115.220870715 36.0892387314 14.1776766135919
3612 -115.305454003 36.2362907396 14.2118131406777
3684 -115.294862109 36.3005434211 14.2120857943487
8296 -115.269994717 36.1366155614 14.2229985425525
3199 -115.075007633 36.0354656484 14.31029250759
3728 -115.306364361 36.2222356824 14.3210550355519
6033 -115.234071979 36.096177826 14.3411528659837
4092 -115.109004122 36.0384176151 14.4135275413939
5215 -115.248127674 36.1070692775 14.4139729398604
3648 -115.304063532 36.2874513987 14.4796872524944
5035 -115.091796694 36.034398379 14.5020407592061
4144 -114.970470846 36.0418528736 14.515593808123
3467 -115.268497234 36.1263070146 14.5300141764618
4246 -115.306644645 36.1968701739 14.6061498214977
5790 -115.160224053 36.0496060057 14.6082029507786
2961 -115.287329111 36.1507707423 14.6166001079749
1951 -115.311239103 36.2092811104 14.7016855906614
3568 -115.072741982 36.0291750579 14.7324817017193
4159 -115.25694906 36.1072431681 14.7863434174058
5594 -115.294897449 36.3261486754 14.8189705926385
2754 -115.107102794 36.0310978903 14.884474613545
5062 -115.019499116 36.0274837496 14.9014232958081
3908 -114.988274243 36.0319622975 14.9038230875033
2540 -115.270907812 36.1195148587 14.9039224871601
3815 -115.038013415 36.0262007886 14.9043138322506
3905 -115.284089961 36.136631149 14.9048900470927
4036 -115.125225793 36.0341898636 14.9252386416999
2972 -115.305444646 36.1749935229 14.9366776522512
2290 -115.302924894 36.1643503751 15.0486158384587
6152 -115.13868852 36.0350168606 15.0978401580667
5306 -115.321289413 36.2344030457 15.0988626374789
3290 -115.320626379 36.223665791 15.105095429558
2300 -115.316546052 36.1989208953 15.1183131431921
2504 -115.071796087 36.023300283 15.133306057683
4692 -115.268971961 36.1114978461 15.1379402254293
2013 -115.233792216 36.0798423724 15.1443931496517
2636 -115.10812282 36.0270332064 15.1713526353186
4354 -114.963630455 36.0332393014 15.2015106404393
4742 -115.300011687 36.1520452436 15.2230302407871
3145 -115.056125869 36.0213097207 15.2283986772911
3914 -115.149653432 36.0351218389 15.3012139969122
3385 -115.293213763 36.137340922 15.3287899843506
6112 -115.315650988 36.3020302147 15.353685149631
2442 -115.212946343 36.0620532316 15.3607373299393
1908 -115.261157702 36.0960927758 15.4606969738369
5606 -115.288035325 36.1260074142 15.46475406196
4622 -115.318959129 36.1847618543 15.4704076948165
3669 -115.328534849 36.2382032793 15.496529227844
4456 -115.325565534 36.275258413 15.5033980968528
2950 -115.270829817 36.1044385624 15.5152908061753
2975 -115.072654188 36.0169822994 15.5727528850215
4809 -114.94374339 36.0327487084 15.6243435585111
2446 -115.328569957 36.2103822992 15.6476061191287
4160 -115.195742232 36.0475612028 15.6640758403526
3329 -115.163370787 36.0334363601 15.7009357171351
3845 -115.288044081 36.1186241421 15.7354181151596
4637 -115.31042708 36.1523863961 15.7468371221175
4704 -114.985385657 36.0199696252 15.7482196075978
4275 -115.30183115 36.1369923132 15.7662005247958
4007 -114.967737036 36.0223589197 15.847704008094
5116 -115.251786861 36.0796194863 15.8508096608
3297 -115.088478543 36.0139384308 15.8755412101968
1319 -115.110741277 36.0170542768 15.8769986362372
3217 -115.176484686 36.0354588833 15.882777261441
5256 -115.145463903 36.0243181377 15.9213170660058
2070 -115.319517001 36.3193388153 15.9240378552332
5080 -115.128219176 36.0197423097 15.9321937112315
4019 -115.283528983 36.1075596976 15.9561863999545
2797 -115.331910473 36.1988275726 15.961441714291
3415 -114.908510497 36.0411552894 15.9713236438908
4119 -115.218218541 36.0532332912 16.0279128181093
6211 -115.018455058 36.0105101884 16.0744919294348
1971 -115.074340652 36.0093555996 16.106170525437
4130 -115.101200173 36.0114620311 16.1539671090502
3406 -115.333508546 36.1885330973 16.1959603911977
4039 -115.310802946 36.1371373714 16.2085590216053
2342 -115.054297243 36.0063933616 16.2584827924208
4994 -115.331747745 36.1766137889 16.308505025329
5586 -114.94934714 36.020306945 16.311480747965
3856 -115.326710579 36.1636921541 16.3119891705811
3417 -115.292740829 36.1083501159 16.3469100401869
5931 -115.145565979 36.0169016816 16.4080162593599
8046 -115.306002464 36.1224907556 16.4526587487499
2732 -115.326240678 36.1517149059 16.5802644146698
2357 -114.981765145 36.0080658985 16.5961710011943
5014 -115.270093434 36.079455108 16.598186422194
5661 -115.234157771 36.0525051387 16.6027950611227
6853 -115.126207089 36.0090067428 16.6193666109669
6051 -115.163488868 36.0190022442 16.6233409494626
2096 -115.214414209 36.0386685855 16.7399171259756
3533 -115.176590878 36.0210031901 16.7882983553587
3341 -115.141260284 36.0098340773 16.7976281715087
4191 -115.301448787 36.1066590266 16.8156618727473
6955 -115.229378946 36.045555273 16.8244071060896
4400 -115.0936716 36.0003624323 16.8456343776401
4192 -115.319244751 36.1297527127 16.8603819214316
3152 -114.969884401 36.0064235558 16.872343254281
2519 -115.150234498 36.00987195 16.9527586345383
5444 -115.292890023 36.0925871734 16.9925050638411
4611 -115.130114012 36.0025241379 17.1088038486302
3673 -115.346568982 36.1759440546 17.1176485201561
6462 -115.328668333 36.1353293671 17.1607601510974
4919 -115.072555842 35.9937485529 17.1750489332738
1675 -115.310667753 36.1075836907 17.2119048139098
4186 -115.113332859 35.997761062 17.2127483423039
4170 -114.952428183 36.0051374226 17.2437833347266
5191 -115.345724176 36.1654649211 17.2796673610656
3919 -115.261016445 36.0575543506 17.3094990106471
3113 -115.193592123 36.0189061968 17.336236667724
5530 -115.145912738 36.0028351701 17.3379175929019
4697 -114.933665246 36.006132958 17.5421152587829
3684 -115.232889321 36.0335328116 17.6140042924805
6977 -114.976665262 35.9935155847 17.6414738948425
4153 -115.343494717 36.1440051082 17.674274898609
3021 -114.99074241 35.99011812 17.7041914949413
7988 -115.288470444 36.0703549035 17.7823796371496
4050 -115.310936648 36.0926460577 17.8023886184211
4572 -115.321541979 36.104099461 17.8541360769532
3101 -115.261287986 36.0446325246 17.9870316468295
6365 -115.147080728 35.9920198185 18.0709301922193
2849 -115.168429177 35.997552317 18.1040328968347
4607 -115.11375103 35.983934114 18.1549047173942
7757 -115.30225236 36.0739563176 18.2043339438117
1792 -115.34101052 36.1185540543 18.2969347767038
4111 -114.945751323 35.9905965134 18.3162800242533
5171 -115.220606709 36.0120663999 18.4851284304942
4469 -115.311243489 36.0738941427 18.5971402337778
2556 -115.261386089 36.0308184633 18.7246965762425
5009 -115.127786141 35.9765148001 18.8223329247982
5480 -115.28990034 36.0475244183 18.9277533167136
4004 -115.197244531 35.9930689337 19.0283087659442
4291 -115.083742777 35.9637423405 19.2956311903843
3264 -115.286952055 36.0374040027 19.3178426951099
5581 -115.184976347 35.9838820836 19.3280038073929
3259 -115.247212383 36.0113822739 19.329254021913
3769 -115.21626161 35.9949528777 19.3941793665191
5890 -115.171255119 35.9741006444 19.6782147079448
3692 -115.21464171 35.9884030993 19.7516937371894
3206 -115.270548647 36.0162163293 19.834240365124
5946 -115.105721391 35.9580420335 19.8407725529074
6350 -115.288814224 36.0162610885 20.4792556543957
3585 -115.084190372 35.9455689464 20.5496376015856
2916 -115.252505214 35.9910799242 20.6614746316345
8528 -115.372782876 36.0851207135 20.9811915064137
6704 -115.288984328 36.0050930474 21.0793408246341
4880 -115.090737988 35.9295517137 21.6878873986365
4259 -114.871572408 35.9606847284 21.8506881277491
3723 -115.208419565 35.9512954496 21.9170769106753
3054 -114.834808746 35.9728945665 22.1524092281748
7701 -115.15807725 35.9314837497 22.2618848699913
3475 -115.451444702 36.2137309627 22.437653019415
3394 -114.835010432 35.9636807745 22.6838572084285
4311 -114.807472301 35.958908816 23.8087114190997
4657 -114.621980332 36.3341017069 24.7549130034468
4348 -115.083781236 35.8650339547 26.1008400966577
1433 -115.146671246 36.6466442234 28.5340402891195
6314 -115.621673491 36.2428002989 31.8488153525229
6125 -115.511633099 35.886517658 35.5902086358364
1488 -114.443108589 36.5408966124 39.6762707287644
990 -115.778571999 36.4693676635 43.5013861167996
1440 -114.929676353 35.5575864595 47.787238117649
4247 -114.224175156 36.44036444 48.0712885550357
8377 -115.904493402 36.0856270848 48.877698809069
