"pop" "long" "lat" "miles"
7122 -71.292692662 42.4919761764 0.668767881021884
6198 -71.2583692678 42.5038967055 1.60098927195769
1286 -71.2825662505 42.4565619639 2.16056104462316
5947 -71.251272345 42.4601843654 2.43403769928705
5060 -71.2328298313 42.4704358208 2.72926172240685
8172 -71.2754449913 42.5356367748 3.32261342313904
6677 -71.2185797916 42.5079189493 3.46993288247016
6246 -71.3485696721 42.4771320704 3.53036328035859
3473 -71.2106116078 42.4859156976 3.58707116245741
4895 -71.2436616401 42.439873622 3.81915929735729
4290 -71.2236923365 42.5314020279 4.1969628573623
4104 -71.2357739411 42.5430144608 4.46021275929715
5076 -71.3100314837 42.4250611135 4.58580678651129
4852 -71.3512232695 42.5299437696 4.62322195845413
5972 -71.200412727 42.5258024693 4.87455184735946
4861 -71.201635169 42.4479120984 4.89440941598216
5526 -71.2357903311 42.4234246388 5.01090734073675
6570 -71.3052782064 42.5581243929 5.02291186405391
8376 -71.1818715573 42.5021898095 5.14770970929339
6060 -71.2608971918 42.5614011884 5.19416455661434
7399 -71.1838185666 42.4643848106 5.20988249493198
6101 -71.2486634888 42.4129589927 5.430086593581
5657 -71.3697562104 42.4423737858 5.51603071924104
5105 -71.206845049 42.4262897755 5.68908524289078
5364 -71.1668183259 42.4772335608 5.86457918388071
3627 -71.2574446586 42.4046777183 5.87109363711228
6997 -71.1847159162 42.5417801418 6.16458575603094
5108 -71.2347952599 42.5733393337 6.36827782673637
6580 -71.186825147 42.4246759723 6.48796471423049
5745 -71.1650045632 42.4456648494 6.59154883638611
5909 -71.4083422164 42.5061046492 6.62309197355373
4063 -71.1506641524 42.4710680718 6.743246358963
4895 -71.3543310841 42.5696233414 6.78785895611948
4294 -71.2617767622 42.3904890008 6.79969228794791
3273 -71.146127516 42.4850520492 6.87676973277966
5001 -71.1459292496 42.4944462625 6.89926072315595
5939 -71.2832982118 42.5876363535 6.90908510736396
6801 -71.2266815241 42.396216766 6.91122529732719
4169 -71.1817757837 42.4193977925 6.92508132220633
5765 -71.4063382448 42.4465849046 7.00674863105018
6791 -71.147057829 42.5115641445 7.02092332772138
3180 -71.1483961396 42.4542680661 7.14635515005615
1528 -71.2124070587 42.3975140677 7.15539200886266
3959 -71.3036889059 42.3847861247 7.21832037265453
4216 -71.173119252 42.4185735677 7.29140636536737
7247 -71.158988889 42.4279796795 7.47039322385761
3869 -71.1373064491 42.4643422899 7.50251702910595
7722 -71.2150425374 42.5848013119 7.50417989496515
3741 -71.1857110709 42.4035486435 7.58575162320983
3727 -71.1933180872 42.3969326867 7.71139696470148
5346 -71.1806855986 42.5713146806 7.71273996486256
5345 -71.2523975748 42.377035988 7.79680916262155
4320 -71.2290074651 42.381478369 7.8151404082194
4353 -71.3213249028 42.5969648176 7.82939637577035
6229 -71.1273010657 42.481488254 7.84682156748196
6105 -71.4332035041 42.4651991853 7.92637998123517
3598 -71.3552288699 42.3859146271 8.0029387700111
6638 -71.1609469062 42.4117278403 8.07132782158581
6971 -71.149016734 42.5525144404 8.07824899443336
4803 -71.2064111152 42.3845374518 8.0901485624461
6139 -71.3702856102 42.5846173315 8.10198821272377
5616 -71.1293586871 42.4491466232 8.18042799764485
2964 -71.1227555379 42.4661461014 8.20515459413703
3229 -71.4417576704 42.4990680373 8.2424008682922
1745 -71.1899776055 42.5864386296 8.24941087240581
3908 -71.4183214932 42.5516720145 8.28467102743443
4185 -71.1663209446 42.40122927 8.36877707899652
4741 -71.2236981327 42.3734787008 8.42795408549809
3297 -71.237876992 42.3694753782 8.47246755880927
5830 -71.1358854606 42.4275884425 8.49068658749018
6718 -71.1168384676 42.5133241238 8.55104757957896
8117 -71.2575893434 42.365275642 8.55653071403418
2432 -71.1863063448 42.383229413 8.69538986035382
2462 -71.2271404982 42.3683771167 8.70287603049203
3968 -71.1180064265 42.526436861 8.7259434270471
6488 -71.1966647038 42.377415183 8.76144594899451
3532 -71.207217851 42.6022357675 8.76289457422308
4849 -71.1090331692 42.4919534786 8.77070450005994
5040 -71.1408038999 42.4137336508 8.79483877774888
7732 -71.4108939765 42.4036377091 8.82656423274561
2890 -71.134443601 42.4187492871 8.86898114609201
3202 -71.1661764363 42.3912754815 8.87952739942705
5844 -71.1442041953 42.4082821507 8.88293832194098
5196 -71.2403779894 42.362668623 8.89753522981611
2130 -71.1759575063 42.3835341439 8.98256954280183
5259 -71.1059642745 42.467356202 9.03526786331945
3110 -71.1452213052 42.4017761704 9.12915876653337
4149 -71.1829572301 42.3755231437 9.23510886784808
7585 -71.2344264261 42.6174201018 9.27545747353345
6751 -71.1979575608 42.3682003538 9.2919504301605
2339 -71.1683125176 42.3812845974 9.34290197698011
4309 -71.3084453268 42.6213769275 9.34801615747758
6442 -71.1116348885 42.4357344372 9.3571587360502
4003 -71.3489788871 42.6134153746 9.35827423401287
3462 -71.4653008417 42.4804593687 9.42108791101293
3011 -71.1541556599 42.5870629591 9.42855948240078
6048 -71.1300138949 42.4089681643 9.43489842974247
4829 -71.2307725044 42.3559078911 9.47360268790019
3326 -71.123664687 42.4148955377 9.47658246172396
4931 -71.2883806593 42.6247833847 9.48526485625431
7605 -71.1128342925 42.54664438 9.4868558546424
3192 -71.0944879314 42.4946627194 9.5195951674622
6058 -71.1417542575 42.3955699495 9.54572032662035
5295 -71.3326805615 42.6207716006 9.57113215862737
4477 -71.2482338345 42.3507015661 9.62707904149985
2973 -71.1599946469 42.3807258232 9.63963807992215
2921 -71.1889155198 42.6096806268 9.64779226656354
3388 -71.3746186803 42.6092979064 9.6686860793743
4391 -71.200349721 42.3609747063 9.68714983037285
4339 -71.222418874 42.3544875992 9.69104885519959
3757 -71.1700493403 42.3735810474 9.71683007172564
2849 -71.3933372194 42.6016297177 9.74030729479288
2689 -71.1325473976 42.3987471126 9.7601067689427
2799 -71.209484553 42.3568419314 9.76317436922302
4538 -71.1416617049 42.3897263994 9.82405796503606
7302 -71.2982369347 42.3461864267 9.8339020176759
3346 -71.1501584909 42.3832849771 9.83775509080517
5266 -71.461470179 42.437181529 9.85735914581549
5456 -71.2619418801 42.6299320943 9.88099027075416
3095 -71.0867918982 42.4860373442 9.90161361002928
3149 -71.3032834228 42.6301554792 9.91506993101738
1828 -71.1272654334 42.4000459143 9.91543869382769
5042 -71.0892975515 42.4632359442 9.92110044194654
5399 -71.1152381678 42.4122738727 9.93767269270642
4572 -71.1220484873 42.4046542734 9.93938219969197
4840 -71.4527268352 42.4198803752 9.94851798867091
4761 -71.4716640188 42.5244414021 10.0539309017735
5637 -71.0841175441 42.5012633991 10.0793868550562
5098 -71.3250295236 42.6299354449 10.0878898338937
3219 -71.4766085246 42.4653417975 10.1053614326284
1629 -71.1225865021 42.4000344523 10.1058599474032
5126 -71.1756414667 42.3638850194 10.1151826228078
1903 -71.1279397641 42.392666384 10.2098141053039
2938 -71.3071743244 42.6345752398 10.2428557735503
6652 -71.0943994639 42.433000261 10.2432767423002
2974 -71.3345416386 42.6305511648 10.2479266083988
3513 -71.3186622609 42.6336702768 10.2741984173501
1647 -71.1372850967 42.3833733777 10.2906494141169
2594 -71.0988190567 42.4230765951 10.3135406358332
3960 -71.2834918126 42.6369019699 10.3167123739901
6456 -71.0890268046 42.5352587138 10.3197854430995
4699 -71.3598829724 42.350182596 10.337102487536
7516 -71.4416496832 42.5796381318 10.3697677129475
4755 -71.1836094827 42.3561036851 10.3743879298397
3314 -71.1203200151 42.3942782372 10.4407545242182
3204 -71.2021240743 42.3480672972 10.4674102593594
6661 -71.1151000431 42.5774089648 10.4814467010309
5568 -71.1150694973 42.398380124 10.4824050960485
2429 -71.3096155953 42.6380000468 10.4943919448625
5024 -71.1096465049 42.4034478596 10.508337268052
5644 -71.1542748456 42.3675856078 10.5313103154372
2509 -71.1226235367 42.3895675599 10.5556300221693
4738 -71.2521729494 42.336076008 10.5952500125646
3267 -71.3242875075 42.6379859681 10.6235149080003
5986 -71.3522094658 42.632901444 10.6765943677134
4057 -71.335275547 42.6371125551 10.6956276357946
5728 -71.0744318728 42.515558934 10.7029098619553
5743 -71.2257413245 42.3384840641 10.7038482410188
2354 -71.3012829807 42.6418357041 10.707682324566
2907 -71.1376016286 42.3747155382 10.7087208924159
2236 -71.1239420213 42.3850043081 10.7112603820371
3878 -71.1023479879 42.4059425459 10.7280018181711
5171 -71.0915100842 42.4181900011 10.7975688381734
2627 -71.3765902148 42.6273526639 10.816833975716
5607 -71.4304423893 42.376817327 10.8262978137092
5360 -71.0704956306 42.4657109126 10.8418420648939
4557 -71.0727576015 42.4546946395 10.8631329243001
2740 -71.1688403054 42.3541661681 10.8696540919642
2410 -71.3209130697 42.6423604717 10.8861426302247
3675 -71.0789356435 42.4367766545 10.8926764170793
4564 -71.082124162 42.429706996 10.90981254947
4464 -71.2822201273 42.6462654838 10.9637744247165
6450 -71.112775159 42.3890836578 10.9660584434898
2441 -71.106332068 42.3951923051 10.9731445892218
5267 -71.3104238757 42.6449491253 10.9761480018552
4366 -71.1221268695 42.3800422371 11.0103448746758
3854 -71.161162138 42.3540626251 11.0870299669817
2907 -71.1259383872 42.3752949722 11.0958508948709
4557 -71.0917197615 42.4084941567 11.1041128562956
6187 -71.1831412257 42.3440041631 11.1273229320721
4441 -71.3312857953 42.6445347952 11.1436859691074
3790 -71.204384346 42.3367191487 11.1553758501281
5094 -71.0622543271 42.4823790184 11.1591245765134
4260 -71.0695016216 42.4455020719 11.1756405907014
6857 -71.0811098715 42.4213788413 11.1825850101327
4551 -71.1151616019 42.3801381997 11.2703006143076
3852 -71.0593477918 42.494995382 11.3110609627529
3142 -71.1672356968 42.3465930044 11.3602454649665
4254 -71.1385762725 42.3614848795 11.3628579975419
5622 -71.104510407 42.3875396458 11.3642388853531
3885 -71.1543223779 42.3526098494 11.3659505169056
5420 -71.318918554 42.6502591645 11.4055861249654
3494 -71.2362628531 42.3256615757 11.4429579972892
5976 -71.2968574729 42.6538747953 11.5186940419816
5439 -71.0704778387 42.4271052328 11.5290011549756
6567 -71.0965165319 42.391236355 11.5401805150214
5825 -71.3416875183 42.6489123191 11.5690139814794
4129 -71.1046741806 42.3815981193 11.6134048623253
3571 -71.1474471059 42.3517372607 11.6180541146144
0 -71.4817944387 42.408676958 11.6230131115026
5365 -71.1124710705 42.3745520513 11.6306831640974
3245 -71.3111598496 42.6544357091 11.631415142063
3840 -71.1692208732 42.6351766446 11.6763607853864
6142 -71.0537902919 42.4654126399 11.689000005263
7275 -71.0904933164 42.3938283874 11.6915325069902
3658 -71.2793493041 42.3182981153 11.7232948314956
3648 -71.1588233238 42.3441854993 11.7263929174631
7090 -71.1170556249 42.368768634 11.736057751118
4410 -71.0782108425 42.4064464664 11.7757908504432
3893 -71.146760143 42.6266605775 11.7901885145085
6564 -71.0600921053 42.4360414458 11.8219205100998
4194 -71.2133095594 42.3238051857 11.8556565718035
3449 -71.3257788158 42.6560059286 11.8599111743155
4621 -71.0503703523 42.5121719986 11.8768609161322
8136 -71.1297891853 42.3568609883 11.896699580876
5548 -71.3973327442 42.6370137911 11.9069227939342
3974 -71.1424473722 42.3492527755 11.9075493187809
4233 -71.0951220445 42.3834656396 11.9163651818835
4702 -71.1097067576 42.3703923413 11.9295738807971
6212 -71.0668973837 42.418257981 11.9332881192824
4241 -71.1007165627 42.3769850431 11.9725761730548
6016 -71.3089228578 42.6597704357 11.9831550011277
5746 -71.3651335796 42.6496472847 11.9918282982782
4025 -71.2507769871 42.3156017557 12.0084459060656
5672 -71.149289216 42.3438456002 12.0118003546179
6584 -71.1212910299 42.3594708051 12.0489090118807
1210 -71.081491708 42.3944572308 12.0528362261001
4697 -71.3663047566 42.3252864524 12.0566738632099
4320 -71.4391200167 42.3580240913 12.0762260715483
2646 -71.1031406269 42.3725139657 12.0798540634921
4996 -71.5177838434 42.4884389313 12.0841252884274
2602 -71.1105787335 42.3664267532 12.0860694855331
4780 -71.0590179218 42.4247539515 12.1332888861809
4801 -71.1334017455 42.349992077 12.1472746311887
5923 -71.1909265404 42.324996138 12.1611399671749
4446 -71.1379976821 42.3469755144 12.1696218407598
6026 -71.1744798382 42.3302563012 12.1759815633943
6303 -71.159006692 42.3363318662 12.1853727031955
2848 -71.1132296923 42.3624021363 12.185776598825
6674 -71.4317670717 42.6246511761 12.1965558036938
4289 -71.0875991657 42.3837652829 12.2119929900559
5508 -71.3090159055 42.3122411558 12.2267364958537
2211 -71.150113368 42.339619873 12.232260060737
2791 -71.1281687466 42.3512955555 12.245044541082
6664 -71.0460687435 42.450872044 12.2504236061554
4028 -71.0838366937 42.386380356 12.2632037515671
4985 -71.1438857498 42.3414637006 12.303585267011
3584 -71.1035904888 42.3672201169 12.3079913778424
6826 -71.0621256073 42.4121898921 12.3291288368632
4163 -71.5091490718 42.547189767 12.3425712826594
2115 -71.0966891328 42.3713530308 12.381379025856
2057 -71.0935154877 42.3734836754 12.4103766512717
5298 -71.047672438 42.4362704372 12.4228852011955
3471 -71.1113524122 42.3586231474 12.4398670584707
5508 -71.051065065 42.5486946816 12.4522636777206
2894 -71.0976159341 42.3678408748 12.505502448607
4110 -71.1269843016 42.3470162048 12.5127568414104
6590 -71.5140792902 42.4317772276 12.5149221238492
4911 -71.3424095167 42.3125485655 12.5215359478348
6554 -71.0483805835 42.4280197511 12.5650280386569
3853 -71.4729625011 42.6020271355 12.5811515107286
4647 -71.2156534889 42.3123631778 12.5828077847316
12 -71.1060754557 42.3593188783 12.5948282178121
5360 -71.4055110542 42.3304829211 12.6052389853648
2310 -71.0845499589 42.3771232487 12.6119762516008
5449 -71.1321888878 42.3421614041 12.6142245554073
5745 -71.0335933182 42.4805570433 12.6249961791984
5268 -71.0535827273 42.4157341317 12.6263109309754
4493 -71.112676222 42.6219155214 12.6320472226431
8231 -71.0701557656 42.5840165347 12.6370238909255
2378 -71.0912234042 42.3701127291 12.6497621188582
4897 -71.1057136991 42.358147876 12.6652024146231
6713 -71.2093251143 42.6633413868 12.6800155389897
2460 -71.0984603588 42.3623188935 12.7308202644287
6055 -71.0621700734 42.3988712123 12.7461956596524
4986 -71.2712860056 42.3035739519 12.750986858948
6132 -71.1196348068 42.3468959473 12.7581994695626
3833 -71.0478726555 42.420348314 12.7742449595506
1849 -71.085093757 42.3719839895 12.8094729083337
5177 -71.1394803611 42.333581941 12.8808559449359
5173 -71.1309659224 42.3373543578 12.9183849255631
2126 -71.0900987492 42.3646134979 12.94128907827
2444 -71.0697564228 42.3834679695 12.9706108725429
8011 -71.2843420546 42.6754350101 12.9825102868078
6797 -71.0508573576 42.4075837884 12.985574473542
3529 -71.3073353879 42.3010454681 12.986933487985
3235 -71.1727008555 42.6578326497 12.9906181894219
5684 -71.2328837764 42.3023183064 13.0606874044857
4977 -71.1119580391 42.3455747078 13.0833106358404
3450 -71.0834192648 42.3666565692 13.109035950918
4569 -71.1034355598 42.3497738975 13.1619229955465
5213 -71.3957678553 42.3173515252 13.1682569218568
8120 -71.031479699 42.4380754202 13.1833494545099
5040 -71.0919213632 42.3575873267 13.1984924493002
5630 -71.1178430954 42.3386131158 13.2586185465425
4066 -71.0382212378 42.4186615769 13.2757690330188
1387 -71.0334873268 42.42782869 13.289283648519
2277 -71.0771437877 42.3677902246 13.3079306673277
3598 -71.1248287867 42.3333126075 13.3297710434037
3173 -71.1034096024 42.3462605407 13.3403042786313
5233 -71.3204143156 42.6784280824 13.3411344296794
1654 -71.0726111545 42.3711889941 13.3460222506482
6088 -71.0223556587 42.5195381952 13.3661500185059
6373 -71.1824641109 42.308245662 13.3975515977183
4365 -71.0433534919 42.4050080562 13.4082219646791
4457 -71.0395806707 42.410960341 13.4137261074073
3882 -71.0633779304 42.3787310176 13.4241441773788
4441 -71.141351437 42.3231227663 13.435420622658
2439 -71.0659071243 42.3740271943 13.5048087644738
7628 -71.4473102361 42.3351690625 13.5525804480738
4804 -71.0933300452 42.3491518077 13.5528380041954
3865 -71.1160484577 42.3333384262 13.6012513349015
7223 -71.3417454663 42.67960088 13.6267000768534
5569 -71.0972123837 42.3447852492 13.6312474891488
5237 -71.1973387706 42.3002317871 13.6568306655546
5158 -71.3404148342 42.2948261845 13.688767050343
3059 -71.0856690083 42.3515049141 13.7196122203857
6055 -71.3618192476 42.6770741058 13.728179461483
4861 -71.1017844469 42.3394210047 13.7466480443499
2168 -71.0605561135 42.3732952669 13.7569114080033
1426 -71.0958316346 42.3431684332 13.7610273219847
3149 -71.1211134014 42.3274655251 13.7679444402579
1606 -71.0567749459 42.3768643992 13.77594793908
2716 -71.0416843976 42.3954271549 13.780567701951
7031 -71.1557461221 42.3109528031 13.8008501573347
3900 -71.0534695249 42.3798881028 13.8019957029043
5262 -71.0130492068 42.4575839825 13.82426865218
2065 -71.0458611266 42.3883963987 13.8278166130596
4890 -71.1068261786 42.3345804319 13.8317282348498
4675 -71.0328924113 42.4071703585 13.8317776346046
6276 -71.2963492745 42.2881136318 13.8335693540836
2023 -71.0681484102 42.3633986436 13.8567982492837
2478 -71.0838774564 42.3497053093 13.8717460724638
7254 -71.0085436314 42.4783675695 13.9084466783384
2783 -71.0769547807 42.3541222396 13.9252678511749
5018 -71.1356533306 42.658387199 13.9291872734714
3400 -71.0635800022 42.3659043482 13.9346948676215
3003 -71.088003512 42.3450952032 13.943825341088
3649 -71.0686236479 42.3603242214 13.9712037351918
4671 -71.5183515053 42.3871736059 13.9780282487599
5651 -71.2327371454 42.2884176436 14.0076664770677
82 -71.1110173968 42.3286319862 14.0161965462731
4418 -71.3671366428 42.2953004216 14.0240814117138
4193 -71.0694290138 42.3576814787 14.0558299539111
5817 -71.0885906577 42.3419809543 14.0763574169538
2400 -71.0755265558 42.3518292829 14.0854268302563
5604 -71.0328849271 42.3983142838 14.091016271955
3044 -71.0841240956 42.3446915781 14.104075777283
9040 -71.0153875458 42.4309563805 14.1076923851074
4008 -71.1016629196 42.3323705608 14.1188055075791
2858 -71.0793533031 42.3476226155 14.1387186938693
4091 -71.1074815193 42.3283961271 14.1414217433926
5522 -71.0895976641 42.3398632535 14.1462258591984
3885 -71.0961705664 42.3346158117 14.1857873958979
1954 -71.0561310511 42.3669485514 14.196681562355
4564 -71.0198742293 42.4167986733 14.1975928028591
1181 -71.0639953237 42.3593426977 14.1977808268728
4043 -71.0357470449 42.3898019813 14.2314530700745
7560 -71.0222649284 42.4105158226 14.241109595631
4063 -71.0269912646 42.4021794945 14.2483911092059
6009 -71.15193684 42.6705630091 14.248445137039
2014 -71.111211851 42.3242435869 14.2499904473135
1665 -71.0570064615 42.3645476924 14.2593998491496
0 -71.0672315118 42.3547061833 14.2742513060946
2361 -71.0760930748 42.3459039702 14.3415549879075
2538 -71.0523892264 42.3668307063 14.3563175015197
6138 -71.4147306819 42.3049646782 14.3754639575362
2451 -71.0542305768 42.364381183 14.3801215761817
3706 -71.0809627441 42.3411482522 14.3914275292213
6992 -71.4996647918 42.3557020379 14.4314106993704
3909 -71.0703356291 42.3484192868 14.4404725001722
5115 -71.0379140328 42.3808576561 14.441893082849
5804 -71.3951981837 42.6789268098 14.4478626145838
3265 -71.1038542966 42.324432881 14.4713771512919
2240 -71.075343722 42.3432612536 14.4951044050517
6488 -71.267180253 42.2784330392 14.4975570708584
5384 -71.005349628 42.5395387574 14.4984661675869
4872 -71.0554159328 42.3602053063 14.5056511890664
4271 -71.0880257289 42.3333624799 14.5294369621743
2935 -71.2601677676 42.697457936 14.5430400916247
7551 -71.028711498 42.3889511673 14.5758709757963
5488 -71.4470642898 42.6594647771 14.5846089385647
2444 -71.1286311902 42.3093674475 14.5871898568696
2251 -71.0415654745 42.3723773001 14.5951752513959
3096 -71.082518349 42.3356913769 14.6049841373234
2335 -71.1088295099 42.3191056481 14.6068247996261
3003 -71.0937482993 42.3277657335 14.6239713549986
3329 -71.078130193 42.3384317006 14.6266792965962
5218 -71.0639163184 42.3496628879 14.62978428391
6948 -71.0098504416 42.5577955734 14.6421805962825
4159 -71.3879774034 42.2913808835 14.6453549614614
5124 -70.9980109135 42.45172609 14.6473897517381
5231 -71.0357482333 42.3775975251 14.6532691358199
2331 -71.1041382721 42.3206627429 14.6671331236248
7154 -71.1706261856 42.6838092491 14.6773275731771
5460 -71.0718082131 42.3419403007 14.689066899205
1508 -71.1182508395 42.3117647161 14.7393169521521
4460 -71.0200399158 42.3962556214 14.7437001889036
4165 -71.0298129425 42.3823324841 14.7478024670822
5329 -71.0804266017 42.6416152187 14.7496471598334
5902 -71.0572373095 42.3524818802 14.7652051513912
5906 -71.1713191913 42.2899659489 14.7836579933475
1723 -71.0647136788 42.345392188 14.7942564706563
2063 -71.0372542573 42.3718905183 14.7981992982216
5751 -71.1116483876 42.313904648 14.8114786992904
6841 -71.2090814811 42.2799719961 14.8350051536963
4504 -71.0332821321 42.3753807983 14.8408917968055
2710 -71.0808818995 42.3321207544 14.8414810698041
5227 -71.4623508033 42.3200695575 14.8486761558077
2372 -71.0378947094 42.3682197983 14.9103470468022
3753 -71.072743062 42.335940063 14.943505852615
4760 -71.0976495541 42.3193123896 14.9462037827373
3131 -71.0670644928 42.3398156414 14.9663479940574
5105 -71.0084752518 42.4075831288 14.9701384113774
4259 -71.4130482276 42.294119461 15.0009931124616
1857 -71.0339131054 42.3697740418 15.0211077853254
2134 -71.0929017419 42.3207275855 15.023760584351
5048 -70.9861691077 42.4928320689 15.0369703904269
3798 -71.232565259 42.7026605711 15.0668843520146
3243 -70.9920615219 42.4420286161 15.0741503743575
3881 -70.9863121236 42.4695951132 15.0808940446842
2969 -71.1404161373 42.2959860932 15.0830394510196
2095 -71.1172650168 42.3057027802 15.1155480942792
1769 -71.0790701489 42.3274540798 15.140406971805
5379 -70.9974429945 42.4230858762 15.1421061398531
3820 -71.08603034 42.3226975309 15.1473744089924
2379 -71.0345424829 42.3651413869 15.1713528034419
4795 -71.101915187 42.3126459441 15.1765178129044
6149 -71.1729442834 42.6928962876 15.2167831548137
4089 -71.0157571534 42.3872248339 15.2175020919403
4506 -71.1569890007 42.2873257242 15.2421205459381
4615 -71.5560502899 42.400340881 15.2925798483378
22 -71.1236359809 42.298765239 15.3450439095813
3350 -71.0705229755 42.3293046185 15.3491384527301
3240 -71.0563269821 42.3396079453 15.3806118215721
4222 -71.2462673226 42.2666422397 15.3981975810003
3439 -71.108354158 42.3051605972 15.4027052428906
3115 -71.0896536753 42.315468297 15.4102136164717
5568 -71.3268326379 42.2674647915 15.4191379134937
5053 -71.1804147657 42.698269527 15.4336084695309
6253 -71.124623327 42.6793689085 15.4594694313593
5145 -71.1464285702 42.6881566768 15.460493784189
2898 -71.080041289 42.3203116041 15.4733973093643
4523 -71.3585142288 42.2711653284 15.4995241721934
2357 -71.0440895048 42.347350765 15.5106003904776
3773 -71.4373447528 42.2955037879 15.5169255108809
6628 -70.9974851093 42.406575485 15.5177686023058
4650 -70.9781540492 42.4656994595 15.5203539991487
1893 -71.0539230491 42.3385159083 15.5225853183981
4269 -71.3866118159 42.2771545497 15.5383519258041
5540 -71.4111047417 42.2845069054 15.5551283189701
9 -71.0022281406 42.3967698237 15.5552761032211
3509 -71.1987944774 42.7043984944 15.5569666335397
5077 -71.1346169952 42.2902782121 15.5716114075162
6520 -71.585308116 42.5059403805 15.5770328136499
7548 -71.536608945 42.3642381902 15.6048641426713
2348 -71.0722799288 42.3229518042 15.6049523907279
3435 -70.9907139376 42.4166485002 15.6058642689249
2815 -71.0839587529 42.3137402602 15.6878563464407
8987 -71.01649416 42.6043206888 15.7018302857226
5460 -71.1157122651 42.2961920024 15.7107302722676
6093 -71.0042845807 42.387981475 15.7175771456108
3964 -71.051472535 42.3354071828 15.7594729137512
3721 -71.1719793967 42.7013053647 15.7776600236138
2099 -70.994674281 42.4015568181 15.7800466767956
3312 -70.9738826457 42.458884081 15.7907908460074
5025 -71.0872254064 42.3094469604 15.8121744735274
3659 -71.0747115096 42.3171609199 15.8173319805219
7427 -71.574309159 42.5630711867 15.83937087232
4419 -71.1507245965 42.2791271787 15.8912202368922
3253 -71.1414427636 42.282154245 15.9078967539042
5524 -71.1840347881 42.7067436998 15.9296873447529
4637 -71.1692715567 42.2727300257 15.9309872339656
338 -71.0949244113 42.3026808364 15.9428270985057
2499 -71.066858152 42.319923228 15.9473885337325
4923 -71.4009634902 42.274799742 15.958544883099
6750 -71.5373719081 42.6206694285 15.9787245646525
4275 -71.0600124868 42.3241066508 15.9825571688708
4350 -70.9686625917 42.4684855194 15.9847293694012
3098 -71.0499000707 42.3316378574 15.9944288244384
2818 -70.9744011187 42.4345854909 16.0673083402066
3806 -71.1326030099 42.282899122 16.0697607792473
2741 -71.0698605733 42.3152652679 16.0805503610942
3179 -71.0765069574 42.3109235507 16.0824634137749
2232 -71.0543079843 42.3262994213 16.0836873712533
1437 -71.4690452121 42.3009661665 16.1050295265931
3566 -71.1225328126 42.2864307021 16.1068368979953
5977 -71.1517448022 42.7007185863 16.1315874134864
389 -71.0124565337 42.3645142658 16.1415781031005
0 -70.993616956 42.3885750642 16.1910925356042
2233 -71.0790535103 42.3071203543 16.2005751071696
3571 -71.0382099342 42.3368905103 16.2029699075577
3042 -71.4338008237 42.2825523569 16.2036718382407
3513 -70.9654827682 42.4595471841 16.210338388282
4904 -71.0428833761 42.33241945 16.2246393539723
3634 -71.180293992 42.2651234127 16.2364752903186
4490 -70.962564165 42.4901747201 16.2381261913965
6267 -71.5279871519 42.3398684058 16.2456976096758
207 -71.0302688609 42.3422510499 16.2830266566779
9110 -70.968757199 42.5380264026 16.290516394245
3234 -71.0622222607 42.3163229609 16.2912504809772
5118 -70.9869722378 42.3958438207 16.295469837732
2329 -71.1591951801 42.7058683943 16.3095209416753
3359 -70.9623403084 42.4657064375 16.3233859094411
2405 -71.1132631315 42.2868062268 16.327726247265
6438 -70.9618025862 42.5099876161 16.345944423096
4606 -70.9608945733 42.4749016433 16.3486879951775
4571 -71.0820044019 42.3023624453 16.3619873942804
2939 -70.9636794153 42.4525179081 16.3679349631863
1357 -71.1671805587 42.709134411 16.3704750607063
2101 -71.1772104673 42.7121065167 16.3913527322003
3076 -71.0369416145 42.3334734624 16.4056173219199
5352 -71.1309454346 42.697893841 16.4184336407447
3230 -71.2127058097 42.7199796581 16.4334573122851
2901 -71.1569595368 42.2685030396 16.4363952648589
4370 -71.0643782556 42.3114831548 16.4626625716122
1901 -71.136675828 42.274930324 16.4639537035115
3452 -71.0705295818 42.3073564724 16.4687198567721
6090 -71.5804045218 42.3987432116 16.4829091051435
418 -71.1047071622 42.2879308566 16.4959050105458
3560 -70.98062132 42.5773247329 16.5116114817557
4309 -71.1265464855 42.2779078948 16.5206497937588
4283 -71.2884583082 42.726585965 16.5240965038126
2937 -71.1694389114 42.7122522804 16.5325117197272
4861 -71.0556053458 42.3156420404 16.5586885104168
0 -71.0366630447 42.3302831658 16.5609914865217
4217 -71.4086459858 42.26712303 16.6005859002091
2051 -71.1170320854 42.2804707424 16.6047307980739
1916 -71.0326704769 42.3325727994 16.6121498563484
5277 -71.0849736836 42.2960389267 16.6155616278528
3860 -71.0755296065 42.3008182113 16.6523066693723
1782 -71.1593411135 42.7113645263 16.6589594558973
3216 -71.0279255073 42.3347630889 16.7012172255083
3844 -70.954731854 42.4656951129 16.7099720155797
4345 -71.0559303501 42.6643262715 16.7468820855737
5319 -70.9526703971 42.4803356054 16.7511600899054
2193 -71.1539967565 42.7116268588 16.7787009297745
5515 -71.4664472187 42.2876078706 16.7806958805111
4109 -70.9864918433 42.3798642274 16.7814185062047
3858 -71.1740851723 42.7173769348 16.787709494119
3687 -71.5745220706 42.3782028934 16.7984226707033
3069 -71.0659066815 42.30359921 16.8199774779385
3810 -71.1687019395 42.7165666143 16.8257644767875
6823 -70.9548704379 42.5266063037 16.8405167417624
3138 -71.0612060099 42.3060340193 16.8515816630796
5510 -71.0874355084 42.2901863852 16.8667332146975
4264 -71.1983784528 42.2515272996 16.877037085045
3024 -70.9894975738 42.3724412428 16.881409804139
2198 -70.9518874086 42.4602672238 16.8933709547597
6046 -71.4276102037 42.2683657181 16.9278995450276
2742 -71.0518385237 42.3103752576 16.9550990676566
4756 -71.1557602098 42.7149574901 16.9575528167934
4945 -71.0675840033 42.2996670813 16.9719995501799
3730 -71.0419691496 42.3168678205 16.9909093114138
5254 -70.9485374954 42.4697217732 17.0014378728063
4092 -71.3197476341 42.7322252873 17.0250327342532
4766 -70.9771794937 42.3860132786 17.0276522575018
4897 -71.6072712154 42.4362221941 17.0331229601238
2893 -71.075047694 42.2939254148 17.0407743056411
4175 -71.1782576893 42.7224402028 17.0530862865891
3155 -71.0950618346 42.2826645249 17.0716442865824
5107 -71.1512352839 42.2601017057 17.0856079356776
6 -71.1384063269 42.2639872797 17.1066720420144
3675 -71.1251822598 42.2679933495 17.158920584533
5599 -71.162618651 42.7200666817 17.159863337109
6552 -71.1965709278 42.7281714338 17.1743851435068
3179 -71.5005031755 42.6764101239 17.1869165065014
6932 -71.1427217195 42.7145437074 17.1918621576133
2787 -71.0856902646 42.2847970836 17.2219370984121
6898 -71.5689390248 42.3578846843 17.2357828245719
3198 -71.2329310691 42.7347142558 17.2554402502066
3349 -71.0661759081 42.2950169439 17.2657153288808
3546 -70.9436455431 42.4665070409 17.2683069450727
5352 -70.941903335 42.486842228 17.2917399276761
4478 -71.5103183952 42.3034362657 17.3193553399372
1715 -70.9774622011 42.3752961388 17.3355325716535
3773 -70.9412348285 42.473991844 17.3536975561909
4160 -71.097568914 42.6993544644 17.3595814268924
4095 -70.9416240095 42.5095889735 17.3684152357082
5589 -71.2840988175 42.2366535635 17.3714334596713
4396 -71.092052348 42.2788063477 17.3791385659122
7650 -71.11097752 42.2693258978 17.4272758701761
3965 -70.9405603413 42.4603113076 17.4673959963181
5989 -71.0707678185 42.2882290162 17.4862104862701
3139 -71.4586784783 42.7042509053 17.4986647078676
6451 -71.0537082816 42.2982995362 17.5063882026969
3303 -71.079791279 42.2827884017 17.5106259200033
5480 -71.1001588332 42.2721812726 17.5408346683759
3874 -71.1557628567 42.7248195071 17.5913986349474
3358 -71.4435197419 42.7124007505 17.6072460708712
2913 -71.1208587402 42.7134721866 17.6108848547789
7497 -71.5573857667 42.3352902363 17.6256943155754
6072 -70.9567376756 42.5780727985 17.6641635844123
4063 -71.1527193692 42.2501343122 17.6951314435207
2531 -71.1284107953 42.2577198647 17.7187253874512
4080 -70.9346374881 42.463289332 17.7465649554705
5249 -70.9328641631 42.4777821688 17.767437297175
5154 -71.0562840396 42.2908343994 17.811648928205
3572 -71.2201273361 42.2341699131 17.8152348036293
4979 -71.0859450901 42.2741668011 17.8197024325537
4865 -71.0708481032 42.2817812208 17.8382440744405
3358 -70.9319080751 42.4710897521 17.8410773212054
4522 -71.3549905627 42.7402156292 17.865235185013
6382 -71.1188039557 42.2588341015 17.8716760139263
3883 -70.9704878484 42.3674940316 17.8997329539421
3896 -71.5954310565 42.6038897431 17.9297922045706
4865 -71.1636860938 42.7338441378 18.0371166201171
4243 -70.9278987397 42.4672936689 18.0644333849289
6050 -71.1665984873 42.2397433581 18.1240592333625
6100 -70.9391733137 42.5609795231 18.1416619530109
4072 -71.0746343785 42.273791368 18.1702559908052
4119 -71.3753325718 42.234202209 18.1924021304196
4001 -70.9265992563 42.5206511104 18.2099915417913
1904 -71.0433632697 42.291178082 18.226145095485
7308 -71.4378950593 42.2510449057 18.2354627452208
4401 -71.1379942469 42.2457662744 18.263934884643
4569 -70.9250744918 42.5281726215 18.3580321772524
5546 -71.0605327376 42.2778301095 18.3756486140088
5782 -70.9206331085 42.5002842934 18.3950190148122
8930 -71.4010487194 42.7391886629 18.435800867337
5836 -70.9189019349 42.4812015415 18.4713498016588
6360 -71.4675660308 42.7169038382 18.4814288867285
5600 -71.1173342506 42.2490868896 18.5058720504512
4322 -71.0486496992 42.282325987 18.5137590104483
6717 -71.4847531182 42.2660831078 18.538769313402
2681 -71.0306342714 42.2933817368 18.5545213861951
4749 -71.0782915827 42.2641176296 18.6152655116496
4262 -71.2322522551 42.7544990943 18.6157758322713
3410 -70.9252897319 42.4276247779 18.6184802010995
5666 -70.9171641087 42.5141052799 18.6387564827188
6651 -71.0961202816 42.2543946167 18.7021606909962
3883 -70.9197785112 42.5355336298 18.7070998074731
2169 -71.145209744 42.2344110445 18.8479440373445
5289 -71.5479550333 42.2990466572 18.8831829928635
6621 -71.1321343286 42.7379936663 18.8927495513104
7961 -71.018957804 42.6816112179 18.9142917521464
3297 -71.5937249251 42.3410100287 18.9291370506409
6967 -70.9317753725 42.5825839079 18.9647560101129
2072 -71.1299489561 42.2370759978 18.9800431725063
3794 -70.9196840731 42.5548604133 18.9907650138334
3026 -71.1718642182 42.7509891131 19.0345792738202
2063 -70.9067752095 42.475571198 19.1038807996142
2566 -71.0100171514 42.2971034634 19.1166032917992
4549 -71.1530840903 42.2241219156 19.3722894729027
4333 -71.5709364597 42.6689376644 19.3731066777003
4639 -71.0276340891 42.2791782586 19.3814024040154
5103 -71.4515320588 42.7383827139 19.3904576970504
535 -70.9683260024 42.3284102813 19.4001597055532
4935 -70.8994154816 42.4930418063 19.4613837435156
5154 -70.9041921831 42.5332597027 19.4641619552513
4524 -71.4840702792 42.7264672944 19.4842452495615
2866 -71.6356357458 42.3838134428 19.4861645254566
2568 -71.4667460126 42.2412385903 19.5207195061408
6069 -71.0496183273 42.2628057229 19.5405332252974
5004 -71.0210089489 42.2800222348 19.5660465267886
8182 -71.0338359592 42.2714051821 19.5796796230415
6334 -71.2281127747 42.2073704042 19.5830172194698
7211 -71.6481644189 42.5728567374 19.6253776774017
5888 -70.8964794475 42.4714613158 19.6435371802683
4797 -70.8966336585 42.5160573128 19.6936955471726
4712 -71.172137562 42.2145376082 19.7011436375834
7729 -71.1998635578 42.7672285629 19.7659294753196
5537 -71.3107296506 42.2026358586 19.7827004532162
5183 -71.514280888 42.7175363183 19.8450055176049
3491 -70.8981623971 42.5496452813 19.9769262144559
5058 -71.4970788524 42.7295467427 20.0212515193117
4669 -70.8888726441 42.5055035819 20.0313312088022
4521 -71.2510191367 42.7768569052 20.0546935890651
4218 -70.900598147 42.5630068851 20.0731689244544
6089 -70.9425998436 42.6373120761 20.1012134739135
3132 -70.8907178078 42.5298890515 20.1079323322752
4407 -71.1610678998 42.7648107293 20.1106628842937
5724 -71.0723519165 42.241086716 20.1191076761881
5196 -71.0155317248 42.2723375588 20.1475486859299
6079 -71.1949344892 42.2028060691 20.1958772152594
3904 -70.8858302155 42.5167052792 20.2462778647499
5464 -71.4331776532 42.2174971033 20.2519017105814
3810 -71.1038852469 42.2252871695 20.2863114427039
4958 -71.1063790194 42.7527664068 20.3694114540165
8055 -71.6809003173 42.4817676027 20.4098470129681
6183 -71.4780959777 42.7450110951 20.4306207196497
4264 -71.0243001761 42.2597061776 20.5137560688091
7071 -70.8783113094 42.4882313933 20.535256508028
5560 -71.4501719355 42.7572702264 20.5371474604626
4954 -71.2181609542 42.1941328355 20.5635899591129
3578 -71.6174521996 42.6519817215 20.5669090044585
7336 -71.4313478848 42.7638580891 20.5760239082717
5218 -70.8830190472 42.543450201 20.6485109205936
1570 -71.4618241161 42.756304772 20.7331336422718
5155 -71.0072538108 42.2664543059 20.7336990707072
6328 -71.3067274457 42.7871009872 20.7473388241995
3228 -71.6777014149 42.4180124912 20.8196713090466
4504 -70.8847003783 42.5631297867 20.8590718785179
6053 -71.6235667524 42.3225037198 20.9058014353419
2795 -71.5304060794 42.2465052283 21.003659910821
3167 -71.206473017 42.1886910113 21.0353616935093
2430 -71.5169233037 42.738056934 21.0743563051978
7583 -71.479961458 42.7565867952 21.1765081382262
2820 -71.6884745178 42.4278226331 21.2102855047161
4782 -71.0662709198 42.7507982096 21.2221851812687
3301 -70.868223626 42.5290177544 21.2354787575338
5780 -71.5916599452 42.2831388571 21.2718204659583
3645 -71.0008002771 42.7163106721 21.2907319094307
3377 -71.0216201602 42.2467472006 21.2966661950611
4837 -71.0142137405 42.2510535084 21.3041275520505
7291 -70.8821428554 42.5800836845 21.3043258375346
4010 -70.8639064504 42.5073970046 21.3100446760916
3903 -71.4640240524 42.765652054 21.3626755071897
5854 -71.1778799048 42.1882939869 21.3749082485593
6101 -70.8690368092 42.5511175402 21.4500901335239
6224 -71.0526554568 42.2270611733 21.4786721662434
4244 -71.221133858 42.1794140509 21.5478373288557
3714 -71.1261798634 42.1979685647 21.5506896628481
5606 -71.2141236447 42.7954405233 21.5519258469703
3586 -71.6038541469 42.68913584 21.5535116843535
5527 -71.2545644306 42.1765435388 21.5707053682345
2765 -70.9922786848 42.2598470578 21.5892876858476
7558 -71.6902325401 42.4089741879 21.5930857726817
5089 -71.1072705143 42.7726361207 21.595417358743
5417 -71.0011615245 42.252336786 21.6700097768472
4557 -70.8554923603 42.4982453733 21.709572596702
4875 -70.8827714807 42.6008484378 21.744950526428
3942 -71.0837546606 42.766959499 21.76309398108
4979 -71.4725177663 42.7705952342 21.8601096135211
2911 -71.6417878652 42.3176217592 21.8714440213584
4170 -70.8526807126 42.5131821619 21.9089057308307
4257 -71.4234118478 42.1890569339 21.9105083477534
4631 -71.0924690921 42.7732782064 21.9543394658328
4131 -71.6960237484 42.574659174 21.9983467571713
6487 -71.2997428991 42.1693938781 22.0443351495433
6211 -71.1452929236 42.7905172952 22.0493220466222
2481 -71.0207593892 42.2334296216 22.0526599562036
4280 -71.0104952404 42.2383784537 22.1043590730387
4237 -71.5049172755 42.7619292843 22.1284841387491
7090 -71.5075549077 42.2139182178 22.2063421158086
5443 -70.9630047634 42.2661875265 22.3337895710958
4833 -71.5186067838 42.7591643482 22.3345941481494
3542 -70.9906884601 42.2462968196 22.3379244059832
8201 -71.4085254564 42.7974253013 22.3827689836529
7891 -71.3624056221 42.1693156373 22.4196426889777
4789 -71.0821058537 42.7776587381 22.459732081518
4304 -71.19876295 42.1677610619 22.5310639556035
4498 -71.1012242087 42.7860130459 22.5654616257612
5191 -71.6644816264 42.324658259 22.6092399002519
7020 -70.9943899306 42.2384786109 22.6228481294933
2868 -70.8849561521 42.6359655468 22.6276434239007
3826 -71.4708319838 42.1917927592 22.6605287197766
3150 -70.9667363641 42.2564024203 22.6690871852286
3437 -71.0735862183 42.7790869854 22.7457528581712
6459 -71.0148471407 42.75203077 22.7492964808312
2149 -71.7227946676 42.5343957947 22.7628948980569
6048 -70.9787299109 42.2457707418 22.7750909035758
5691 -71.0216734986 42.2175721426 22.9112294795712
4532 -71.1556604142 42.1692497974 22.9449984024478
6303 -71.0773891366 42.1920474748 22.9503225070053
4045 -71.6168431489 42.2671706929 22.9689451053493
5345 -71.4777546327 42.7867831993 22.9820849507808
4466 -71.052979172 42.7749777768 23.0049974738595
3702 -70.9040856889 42.3045511139 23.0464751194284
3377 -71.0894780644 42.7909912417 23.1258855349725
6562 -71.2215917633 42.1547930005 23.2320128350924
6829 -71.7362037253 42.5010822854 23.2414292528325
7264 -71.2930098158 42.8251639987 23.3467176170464
4538 -70.9622287033 42.7323478975 23.439392374624
5002 -70.9945611072 42.2226526138 23.4637068664588
4750 -71.7394454613 42.523665951 23.5157512601715
6658 -71.2121217021 42.824059438 23.5237304038399
5040 -71.5704016104 42.2233738837 23.5268941378069
8679 -70.8321977188 42.5679675707 23.5359737948765
3863 -70.9834067406 42.2278334644 23.5483802721274
3374 -71.3719677402 42.8233027205 23.6678131986696
3820 -71.1135128767 42.8074060116 23.6934576202027
7684 -71.5836796861 42.7495446182 23.7792200090813
3788 -71.0769101562 42.7972526835 23.7911675243947
4358 -71.0224849436 42.2011075671 23.827364297017
3166 -70.9708999453 42.2302916129 23.8386477866967
5670 -71.7397977413 42.5569299338 23.8801255585929
5555 -70.8912785491 42.6805448184 23.9074810827454
3852 -70.9362690865 42.2526754496 23.9716883385799
7804 -71.0432915166 42.1886823039 23.9921309059853
5850 -71.1035236029 42.1652713698 24.081922145219
2423 -71.7496909677 42.5371499943 24.1469929193956
7962 -71.4336628778 42.1570127171 24.1771103108218
3505 -71.0595579806 42.1786230088 24.1950892547419
7146 -71.5230018694 42.7890291626 24.2086204970335
5421 -71.6199186422 42.243349451 24.2097390168319
4355 -71.7212243302 42.3563550831 24.2532055541104
3842 -70.9452105808 42.2396005528 24.2703616928929
3026 -71.6505382766 42.2671947666 24.2817506523421
4009 -71.2800880597 42.1358708731 24.3421663829485
4896 -70.8374475706 42.6197309371 24.369960623988
7465 -71.1427008092 42.1488496933 24.4865691851407
6921 -71.7614442501 42.4982532961 24.5218342959003
3077 -70.9795790622 42.2107327635 24.5869408691908
2342 -71.7619829074 42.5345902249 24.7443105567346
4790 -71.4161216423 42.144065808 24.7610750401076
4902 -71.7172553537 42.6472297346 24.8167307299431
6751 -71.160169364 42.8369956838 24.9252288401653
5955 -71.7436853189 42.6047793758 24.9353357025412
3821 -71.0001772275 42.1926688611 24.9539095983547
4076 -71.3483679396 42.8455221242 24.9837052744574
3091 -71.0371762396 42.8013703718 24.9868348992967
7445 -71.5238221387 42.1733149708 25.0496382311273
8851 -71.6950826655 42.293929794 25.0513429617694
6668 -70.9367333394 42.2274692333 25.1730151506475
6797 -71.0416091711 42.1682118056 25.2658899426303
4382 -70.8737810977 42.2802324264 25.2739257669978
7785 -70.958533371 42.2106992052 25.2766699591608
7808 -71.7730212521 42.4412456807 25.31841884261
7972 -71.2551669816 42.1213267012 25.3823280526685
5609 -71.7729559056 42.5443242436 25.3921690635702
3435 -71.7704917811 42.5664502462 25.5454538157196
5000 -71.1224384855 42.1375394494 25.5465067959699
8057 -70.9074887812 42.2416840965 25.5731046226963
6217 -71.3125615337 42.1185790573 25.5896254858156
4024 -71.7061708203 42.6853051493 25.6092698108033
4736 -71.1708806293 42.124496475 25.7513816635171
5693 -71.2050240659 42.1196722639 25.7567280154031
5856 -70.8881284849 42.7224656491 25.7572539723802
5165 -70.9378288895 42.2137535431 25.8233870549653
6766 -70.9927286721 42.1804002894 25.8686096881644
3146 -71.0786725843 42.1444308779 25.904498882404
7554 -71.7269182931 42.3081847689 25.9510965034296
6817 -71.2999583249 42.864285657 26.0627992901458
2765 -71.1292529654 42.1274596315 26.1031657619182
5010 -71.3496080361 42.1137119504 26.112719165593
8271 -71.4550134591 42.8429945791 26.1194580479504
7703 -71.044450036 42.1529873367 26.1253498469581
7609 -71.0960900229 42.8403277899 26.136301847943
2975 -70.9634850486 42.1908165167 26.1787209183023
6946 -71.4081513276 42.1208852141 26.200572577725
1753 -71.109594234 42.1301072228 26.2467064987294
7484 -71.5005118102 42.1422138088 26.4115771326206
3080 -71.7814353714 42.587433319 26.4275716467114
4235 -70.9690674509 42.7939058256 26.4611602524746
3740 -70.8293494259 42.6786057114 26.5169449595142
3688 -71.7210779753 42.2837304701 26.5525739117147
5631 -71.4830864618 42.8438362607 26.6912358407394
4758 -70.9257710955 42.2046082638 26.7072604234397
4991 -71.670496564 42.746383946 26.7087599470551
3931 -71.3879069099 42.8660730138 26.7283621432782
5258 -71.5480732104 42.1555908354 26.7344053074834
7725 -71.5277110879 42.8292667204 26.7519993371592
4066 -71.8042343139 42.5188898485 26.7758964236747
3302 -70.8688524159 42.2486853449 26.7759568710811
5593 -71.2434908661 42.8745548377 26.8225938596934
9557 -71.7077046642 42.2615694269 26.8432763086884
4057 -71.4184957473 42.8625624092 26.853495913644
4997 -71.7837019417 42.3722915807 26.8862507002267
5136 -70.7690725696 42.5824805155 26.8977956583054
2209 -70.8496550092 42.2641776399 26.9224303514634
3838 -71.5203858417 42.1400939665 26.9903953724401
4945 -71.0870331734 42.1245440733 27.0119561855042
3974 -71.5298485663 42.1432659463 27.0196435392662
6590 -70.93908649 42.1889849367 27.0666434137036
7542 -71.6044338839 42.177203741 27.1155758986768
1580 -71.7976171149 42.5830698984 27.1506648637046
5782 -71.315868773 42.8795357954 27.1579672687577
6594 -71.8015130052 42.5765344714 27.2392400876943
3587 -71.3627647032 42.8772759115 27.2631218800497
5671 -70.9978183526 42.1525210332 27.3386483764311
3504 -70.779369973 42.6317728889 27.4256765854035
5995 -71.6663856458 42.2116910207 27.4426148925298
4539 -71.800982971 42.591348392 27.4592398161859
3667 -70.8898515127 42.2155787965 27.4610294961691
6759 -71.8128917199 42.5593171474 27.5697949090835
5572 -71.3886981457 42.096483442 27.6231523201004
4356 -71.0492101983 42.1266582701 27.6484145661185
5120 -71.0186323222 42.1380695151 27.6607231357307
2672 -71.7895477181 42.3499514136 27.6694964478838
3880 -70.8116490122 42.690076535 27.6929501285705
3059 -71.7036863588 42.2374125807 27.6931494367188
4781 -71.1465000727 42.8775784488 27.8167031965255
5958 -71.7450387439 42.277582671 27.818073987238
5293 -70.9666040926 42.1589052931 27.8543352337778
6338 -71.0120566111 42.8386217144 27.8567200822295
3742 -71.191074066 42.8860667478 27.9273189486629
6300 -71.2413967989 42.0838883366 28.0109294196292
5577 -71.1187791684 42.1009309533 28.0151016862817
3327 -71.7721948458 42.3077392971 28.0173980381823
7183 -71.1627484408 42.0918813647 28.0443320314536
2149 -71.819215929 42.5715038488 28.0462836568859
5355 -71.3196220574 42.8935290213 28.1366186836439
3776 -71.082094879 42.1080115541 28.1695408421922
5583 -71.7837563987 42.3197344785 28.1933458591769
7638 -71.4721970637 42.1050702754 28.2244297029393
3246 -71.8217846147 42.5777690262 28.2653400306234
5911 -71.5350365665 42.1248499745 28.2714950873453
6815 -70.9398169768 42.1660699923 28.2744414473356
6666 -70.874525881 42.7705533908 28.4666897156601
5712 -71.8153985101 42.6147028893 28.6178816144264
4036 -71.7703744077 42.2856218385 28.6527828834788
7131 -70.8797063066 42.1982327172 28.6679477720003
7071 -71.4299995169 42.0876293241 28.711668141339
7880 -71.3823361804 42.0777755081 28.8320820994007
2820 -71.7590617173 42.2663355434 28.8388522232471
5444 -71.7853627728 42.2963679591 28.9744973874636
4603 -71.0433114102 42.8685987867 28.9814616400321
4499 -71.3450648272 42.0710860843 29.0100553523778
4559 -71.794361689 42.3082701258 29.0202702495086
3358 -71.0307059713 42.1090119758 29.1596817465888
2668 -70.9238463031 42.8185157253 29.2125798932044
4776 -71.010244411 42.1154687034 29.2396987770451
5923 -71.8059995727 42.3188541341 29.2566236360663
5936 -71.5901035758 42.8452321651 29.304925262397
7542 -70.8198177175 42.2356331768 29.3184007371688
4296 -71.0656487273 42.0942167004 29.3669722956159
4075 -71.7089253185 42.2044239515 29.37772680565
4155 -71.758712176 42.2499301379 29.44511844825
3224 -71.8467832461 42.5747334485 29.4667398946405
4032 -70.9622501935 42.8438035935 29.4823285304862
3240 -71.7712947849 42.2626834218 29.5035303514188
4567 -71.2694315126 42.9142763213 29.5085130230795
5796 -71.0439841604 42.0985104526 29.5291983093495
1660 -71.7911782622 42.2869286067 29.5422116701075
3952 -70.953114158 42.1356738062 29.5688895031274
6322 -70.9012380833 42.8131221921 29.6577517212246
3713 -71.8209123539 42.3278080689 29.7185640774332
3730 -71.3130586561 42.0584584501 29.7426271197139
4829 -71.7541792014 42.2375672999 29.7445728021651
4636 -71.6813341263 42.1758244491 29.7482334242842
6262 -71.4947506404 42.8881474886 29.7536365605591
3798 -71.0253534403 42.1006101333 29.8024726606331
2910 -71.6473058849 42.152281832 29.8292594486407
1382 -71.7492213234 42.7475401462 29.8534802028019
5227 -71.7916470325 42.2774602725 29.8784486289815
4423 -71.2143229962 42.0585136419 29.8880103849783
6142 -71.2681811934 42.0557674681 29.8902271013672
6172 -71.7854543885 42.2687441754 29.9049263759228
5109 -71.6758906573 42.807932903 29.9061482401139
4995 -71.3263399955 42.9193258806 29.941345506474
5575 -70.9730348378 42.1191748927 29.9691249056862
3902 -71.7744980223 42.2536845328 29.975857678912
2853 -71.7826387715 42.2625889694 30.0008935776031
5838 -70.9152230462 42.1485874658 30.0047386402471
4963 -71.8509081832 42.3816489969 30.0129179524005
5876 -71.5447139464 42.8763827348 30.0433314043648
3419 -70.710539388 42.5980535538 30.0519915652165
5104 -71.3843946766 42.9157613693 30.0694472145563
3535 -71.8057784334 42.2904313357 30.0912080473251
5205 -71.0977886984 42.0738488463 30.1267673668567
4126 -70.8786224557 42.8078645259 30.1521548019163
5964 -70.9988282095 42.1043176203 30.1966447829653
7017 -71.6539401204 42.8295315969 30.3153095197086
3706 -71.0213282874 42.093174833 30.3553822885202
2857 -71.0608274751 42.0796337022 30.3954693314811
3451 -70.7162458651 42.6324744188 30.460446159544
3074 -71.8231549373 42.6765390465 30.5503336538455
5839 -71.551552183 42.0931167781 30.6119123511003
4544 -71.8532907476 42.3551692839 30.6345774011038
6398 -71.7506112625 42.2126058065 30.641933962353
6459 -71.7890866488 42.2524317791 30.6520760964313
3413 -71.8812724742 42.4565674903 30.709148762117
2761 -71.8003990677 42.2638397017 30.736238121198
6339 -71.0282398395 42.0843789189 30.7536799825049
3709 -70.9212263412 42.845256166 30.7595568904973
8799 -71.8254405795 42.2979828638 30.7617548131367
5656 -71.0383647947 42.0801845437 30.8049682842717
4122 -71.7774569183 42.2337348967 30.8707506198495
7357 -71.8090082587 42.2701959201 30.899299735385
3040 -71.0109748782 42.0876741444 30.9311502021098
2531 -71.0198314745 42.0832481863 31.0076543395359
4166 -71.4193736221 42.0509282215 31.0382337903286
1776 -71.8003403583 42.254300193 31.073179081518
5291 -70.991055166 42.092599568 31.0994108287585
3920 -71.1044556823 42.0567655959 31.1517665959617
0 -71.4359578568 42.9241052212 31.1949730303707
6749 -71.6526949066 42.1302055247 31.201415828127
5986 -71.1833566352 42.9332177366 31.2092173500392
3938 -71.7938022429 42.2424781732 31.2270044897076
5194 -70.9463661551 42.8670678251 31.2697224118178
5612 -71.1848005618 42.0413220198 31.2716515378907
4253 -71.7986902498 42.2467586966 31.2774399831534
5370 -70.8406043355 42.173760403 31.2846843222082
6051 -70.9133877064 42.1262231146 31.2876427708539
5174 -71.8137753984 42.2630176778 31.3568293597477
3665 -71.8279955669 42.2814174946 31.3874296819689
3716 -71.0250169283 42.0750644167 31.4082635360456
4300 -70.840793281 42.8076031481 31.4776678556682
5611 -71.137970236 42.0444591303 31.5259862813047
6025 -71.06634317 42.9156403626 31.5426022401146
4387 -71.1210902275 42.9284537321 31.5470170387443
6458 -70.9454579834 42.1051031767 31.547242016297
2046 -71.8270397484 42.2728800264 31.6189324988036
4673 -71.8161939502 42.2584595376 31.6220594210236
2798 -71.0597098869 42.0608277923 31.6284546632912
5103 -71.2219723094 42.0314371214 31.7099293972742
1747 -71.7571507631 42.1926179118 31.7778122955322
4308 -71.0224570653 42.0698785937 31.7891797148157
3841 -71.8147848682 42.2517312137 31.7975084107733
2459 -71.805327531 42.2380235118 31.8898006215226
4655 -71.0371430196 42.0624610843 31.9559090126492
2511 -71.8277393642 42.2632104982 31.9719570221738
3762 -71.8138550728 42.2450860355 31.996733630807
4849 -70.9883613938 42.0788814355 32.0016967412445
7277 -71.9027152681 42.5512234478 32.0056420488617
8694 -71.47603243 42.0477738762 32.033425465505
1773 -70.6829809986 42.631041111 32.035545286639
2726 -71.3945556612 42.0318424687 32.0705041409496
3404 -71.8353893291 42.2702841695 32.0804453740113
6592 -71.7990433022 42.2260642361 32.081837082498
3348 -70.9169924819 42.8672233296 32.1156486916435
4991 -70.7860537529 42.2014637518 32.128932222223
2840 -70.6744725874 42.6159269811 32.1477718380533
5334 -71.0045727417 42.0701916082 32.161308529598
1111 -71.8234468468 42.2514973286 32.1864264439417
0 -71.4379599475 42.9387052542 32.1979953238455
7176 -70.8669481894 42.1368052256 32.2138702710804
5746 -71.4264868769 42.941381866 32.2385333953584
5198 -71.8254632813 42.2512793236 32.282926387082
6468 -70.7606120036 42.2229459308 32.2936844835196
2989 -71.682035083 42.8497732823 32.3006469132269
2105 -71.7995631688 42.7576965034 32.335865804155
7086 -71.4894386102 42.9297542402 32.3589882925915
4126 -71.8780674076 42.3299375298 32.3956366158175
2448 -70.6707703849 42.6236896511 32.4786468899268
3949 -71.8348335462 42.2565230101 32.5156767251596
2498 -71.8268699082 42.2452729196 32.558170899361
6048 -71.667839769 42.1137812852 32.5759658187513
3716 -71.8468095364 42.2696488458 32.6174343701805
4710 -70.8748453715 42.8535177653 32.658258430474
2923 -70.6624351526 42.6137504539 32.6979032516612
5600 -70.9036223352 42.1061319896 32.7034331416109
6803 -71.8599987871 42.2838732477 32.778157436888
8264 -71.3364520171 42.0141264158 32.8868971507657
2904 -70.9335575373 42.0875850784 32.8969291525755
5265 -71.6213441394 42.8922580085 32.9015153640822
4303 -70.9570143607 42.0762257667 32.9416136623086
3573 -70.8360107545 42.8338782713 32.9440105052606
7211 -71.0149873247 42.0535814701 32.9743040917092
6883 -71.1921626125 42.0147688269 33.0330289861301
3071 -71.8150342701 42.2183187787 33.0603857050841
3316 -70.9423081339 42.0803282007 33.0842741379147
3221 -70.6555268211 42.6199050783 33.1506686080739
3531 -70.9953752028 42.0569453993 33.1919210077912
4768 -71.2507453622 42.9672951588 33.2055965344595
5110 -71.5155866773 42.0396364003 33.2459127105078
6402 -71.8472131899 42.2510932659 33.2523357091791
5469 -71.6366230536 42.084121862 33.3320438592375
2357 -71.003622159 42.9247515693 33.3515185555633
2058 -71.8363186942 42.2342534595 33.3693427798861
5586 -71.2481738511 42.0042161861 33.4910425446406
5116 -71.7884631558 42.1810813984 33.5217974728422
4532 -70.6447196065 42.6114367286 33.5282552708406
2938 -70.9568636087 42.9114738088 33.6205851205566
4182 -70.6601139877 42.6547045852 33.6654818066509
3966 -70.9185939681 42.0813040304 33.6792405186039
2229 -71.8620707194 42.2566715369 33.7295605962105
7860 -71.5565336932 42.9326226649 33.8112476638282
2224 -71.8498265194 42.2377625079 33.8332660575147
3916 -71.5478589911 42.0403239707 33.8344497462271
3895 -71.1258457055 42.0115008223 33.8881801792683
6219 -71.7314431358 42.128522263 33.8936852168486
7118 -71.4614764054 42.9604206287 33.9582132389393
5205 -71.4385436964 42.9655418403 34.0060892072417
5136 -70.797802317 42.1494017156 34.0346360735216
2426 -71.8360343351 42.2144798753 34.0996339022663
2897 -70.9703994926 42.0515115513 34.1067186291202
6027 -71.3965779313 42.9738033283 34.1304799434189
4481 -71.0800887661 42.0172482905 34.1328111541035
6703 -70.8472946582 42.1094644135 34.3065159083054
3728 -70.8913255278 42.893287235 34.3389030542512
8204 -71.2994802183 41.9902545887 34.42806639092
6527 -71.4747635447 42.0109417815 34.4453994025873
2855 -71.3341541201 41.9908883456 34.4791388404551
3677 -71.773285564 42.831415908 34.5320427677857
3190 -71.5775756008 42.0390637442 34.5553647781147
3035 -71.0391213113 42.0205342847 34.6096246578245
2523 -71.5038787718 42.0141523476 34.6943649725512
4093 -71.4238532508 41.996699086 34.7491037822317
2638 -71.4960119076 42.0110839832 34.7652326340973
5730 -71.440723807 42.9768349217 34.7912907424519
4369 -71.8282185852 42.1882991988 34.8187257274381
6081 -71.9252263101 42.6590229884 34.8948275577094
5313 -71.4224730176 42.98169056 34.9151325665618
4953 -71.3437391408 42.990468435 34.9195315315164
2744 -71.7801845163 42.1421909771 34.9813878841244
3722 -71.8565554343 42.2141050353 34.9916461356947
3390 -71.4610491393 42.9762913837 35.0104639885595
3758 -71.4816152195 42.9719572675 35.0112896713956
7988 -71.638296308 42.0557341209 35.0401868045645
1769 -71.4960752142 42.0064944279 35.0676384302604
6674 -70.7358507354 42.1784691033 35.1360465363857
3881 -71.0019068217 42.0231078177 35.1730391294423
4965 -70.84565094 42.8829859979 35.1732742969289
3223 -71.5210360335 42.0109993432 35.1976881575581
2949 -70.6335609964 42.6663319163 35.2102684994256
2409 -71.6837681238 42.9024455689 35.2466739319589
2226 -71.4386989089 42.984229996 35.2652584714695
4201 -71.32504392 41.9789290652 35.2709008030348
2680 -71.5114160105 42.0057944501 35.3679970847654
4806 -71.9329895286 42.3110213509 35.4834648550461
6257 -71.5374580772 42.9649963092 35.4925129356384
4585 -71.1466844083 41.9843791673 35.4931388413445
3049 -71.5048290327 42.001891761 35.5123645833473
4010 -71.4489677984 42.9861321803 35.5151991603203
4283 -71.1249533286 42.9890337731 35.5674744447401
2208 -71.4736811886 42.9821950366 35.5760150914686
2831 -71.483697652 41.9958654306 35.5764963591211
2987 -71.4551893782 42.986149609 35.5936917611933
4257 -71.889880842 42.2377678334 35.6080374180855
6396 -71.2187615231 41.9740982835 35.6746680697025
4003 -70.6129140716 42.6443918558 35.7133429551608
2257 -71.4594926602 42.9873854866 35.7313725214277
7973 -71.9672449155 42.3848860268 35.7551926335159
1919 -71.4394879592 42.991415599 35.7583785353361
5958 -71.9690869659 42.5938384703 35.8343048629834
2514 -71.50759172 41.9969532907 35.8815105952739
4226 -71.5304918757 42.0029070242 35.8925551725769
3232 -71.489861487 42.9840332523 35.9324953014398
3151 -71.4511174797 42.9932051466 36.0162494308506
3909 -71.9834017851 42.5521984326 36.0928650313159
2560 -71.518865397 41.996438626 36.1059612979844
2867 -71.4660191745 42.9925788481 36.1636684294384
4782 -71.4803063472 42.9898248947 36.1763415162881
5183 -71.2834389323 41.9645079764 36.1961108223666
5464 -70.8813743995 42.0557926442 36.2086295492423
3044 -70.9622346123 42.0197853662 36.2509652804034
7853 -70.9251175324 42.0344346197 36.2642442997357
2378 -71.4514528883 42.9976221658 36.3169122517554
3518 -71.5018626157 41.9881725845 36.3646431323022
2236 -70.8873575425 42.9276923384 36.4163634790751
1839 -71.9882488235 42.5723534539 36.5295562574427
2881 -71.4824033418 42.9950489177 36.5529587284615
4800 -71.5709890598 42.0048810884 36.5573249071439
3128 -71.5232818609 41.9905513624 36.5659138295058
2600 -71.8681740469 42.1860976503 36.5681652726371
5416 -71.4182036053 43.0070879244 36.5938001244209
4486 -71.0448144236 42.9889515943 36.6842735637599
5899 -70.7546910142 42.1272802597 36.693487439275
8597 -71.3623692435 41.9601047912 36.7383245851755
2248 -71.4620567997 43.0021447232 36.751896474213
3523 -71.4410002965 43.0074052898 36.8534855473234
3109 -71.4524530817 43.0054549673 36.8551641416822
7159 -71.4612657173 41.9708906854 36.9287450924651
4382 -72.0051357698 42.4838093697 36.9459543424188
5047 -71.1772801913 41.9584699941 36.9961853164338
4855 -71.3341133079 41.9543778064 36.9972209243984
6817 -71.8816496192 42.7890889318 37.0001063755605
5944 -71.214370471 43.0205381063 37.0077811036818
6708 -70.7977729911 42.0893109895 37.0252996646327
8314 -71.4113999561 41.9611799778 37.0344888697523
2297 -71.488553114 43.0021076702 37.1093819442049
4331 -70.9573202269 42.9688916476 37.1203500172198
2391 -71.533605039 41.9846465705 37.13152479119
4745 -70.850269949 42.0556881271 37.1368541036645
6713 -71.9265548665 42.2415132759 37.1372860396065
3931 -72.0073096854 42.5676992444 37.4414322685189
1718 -70.8295532811 42.9155120641 37.4414611430335
7815 -71.5350136731 42.996782342 37.5021373662748
2674 -71.2825884549 41.944357207 37.5898717009765
2916 -71.4603659934 43.0153891607 37.6184204447467
5595 -70.9493875119 42.0001521726 37.760964147531
6327 -71.1070806883 41.9527457556 38.0654223517348
6305 -71.015135981 41.9732306822 38.1063645627915
1683 -71.7743025828 42.9030080808 38.135206233447
2929 -70.9657678798 41.9881971582 38.1397020119563
3955 -71.28044741 41.9360529594 38.1642097028622
3637 -71.4287841349 43.0287232269 38.1659032933215
6471 -71.2482233661 41.9364913446 38.1705792395608
6531 -70.7137653438 42.12872501 38.1904885201081
5098 -70.8280624335 42.0478730633 38.2520590421783
6151 -71.4693839451 41.9524264744 38.2698315365658
4022 -70.9252352342 42.9756231862 38.2800550448786
4591 -72.0180125166 42.5946440553 38.2889126041473
4538 -71.0683485653 41.9561618775 38.351048839131
1842 -70.812307876 42.9235219523 38.4171853968987
3054 -71.4806125012 43.0241265956 38.4632527471808
5024 -71.4657719299 43.0277475322 38.5141668785932
5953 -70.9784133709 42.9988075917 38.5452276507552
8471 -71.7514148365 42.0524351547 38.5604175075391
2797 -71.298304591 41.9301434224 38.5833076888138
3003 -71.2021116973 41.9330224054 38.5854993372969
7874 -70.8515179987 42.9490719434 38.6572065684948
4012 -71.3906477718 41.9335837183 38.7452885814448
4776 -71.5484280437 41.9633077446 38.7809548674835
7458 -71.8662255191 42.1311679495 38.7950415725776
6841 -71.3249778211 41.92787895 38.7954570408714
4793 -71.4949377441 43.0293632383 39.0091342464898
4255 -71.4130149631 41.9303733279 39.1468715982079
4194 -71.1774126857 43.0494977196 39.2101315335196
2469 -70.8060673703 42.9347125618 39.220547373862
6031 -70.7939771548 42.0459317059 39.4380404190077
6289 -70.9821911576 41.9619280412 39.4611938766021
7579 -71.2852212923 41.9167899682 39.4973129068745
3382 -70.9302731192 41.9786751378 39.5299573196388
3909 -71.3097816902 43.0593614385 39.565999259802
6251 -71.8675740194 42.1148812884 39.576169478265
5321 -71.6856611569 42.9773808477 39.6233206415384
3807 -71.602251553 43.0099582445 39.6387256311119
5988 -71.9918692368 42.2473430634 39.9617861420519
1527 -70.8000125608 42.9459982885 40.0246347901762
8340 -72.0296489571 42.6635372273 40.0314329964044
7201 -71.1516021095 41.9167750135 40.049430664089
5700 -71.9924816441 42.2450927139 40.0558253684143
1902 -72.0460488903 42.3500948142 40.2174738779239
8093 -71.3639281902 41.9090708675 40.2561931043453
6411 -71.0746338822 43.0501091568 40.2840680886492
7539 -71.6422719924 41.969269682 40.3612826632495
7518 -70.8632073256 41.9914199425 40.4520569835609
6029 -71.5517475871 43.037734268 40.4532543353281
5673 -71.3907717554 41.9086532263 40.4533641208304
3771 -71.0983660111 41.916185966 40.629576120663
4745 -71.415467127 41.908469111 40.661394765324
5323 -70.7478213903 42.0506800717 40.7270431967209
8013 -72.0736000605 42.5686637448 40.7954961269135
2063 -70.9514738811 41.9496485161 40.8702743655479
2512 -70.7017919066 42.0796389409 40.9304293434014
6021 -71.4573403559 41.9103722405 40.951367301065
4301 -70.8303078555 42.979120505 40.9792769960873
4369 -71.0813865579 41.9106857887 41.2072068158369
3611 -71.3468560775 41.8936907957 41.2333824435055
7255 -70.9006404581 43.0158312414 41.3194854802329
3999 -71.3639346502 41.8924338741 41.4008514079451
4903 -71.388516059 41.8944690417 41.4097320540019
6014 -72.0106746053 42.7525856294 41.4182705275841
5646 -71.4125679771 43.0789361071 41.4356680621019
4970 -70.662445451 42.1004348188 41.4634339375582
8845 -71.029807877 41.9173261755 41.5040022318172
4519 -71.0965312493 41.9030188638 41.5379609462775
6502 -71.8427006282 42.053344668 41.5934814374937
2399 -71.3593480206 41.8889560278 41.6167978018501
2355 -71.3759005852 41.8901868724 41.6227581220479
4168 -71.4763778641 43.072179402 41.6260136039188
5534 -71.3973143373 41.8912817926 41.6904168613474
4409 -71.5262480498 41.913007037 41.6990226372872
5220 -70.6750723875 42.0845119862 41.7039826046468
2258 -71.3718913471 41.8873082766 41.7971025398373
2801 -71.1102740796 41.8967769105 41.8056784487971
4188 -71.4256242259 41.8919338558 41.8782878716202
4763 -71.3872553083 41.8864267435 41.9527521530729
3771 -71.3465643738 41.8831199257 41.9610058218579
3812 -71.1501333186 41.8887700311 41.9733495069535
2976 -71.3592948962 41.8831674549 42.0151137492496
4176 -71.4016255683 41.8866244029 42.0412799562758
3289 -71.3756509639 41.8831039131 42.1079378845914
5490 -71.2515234237 41.87934622 42.113699410935
4937 -71.6965684019 41.9611517156 42.194530061683
8469 -71.9503320787 42.1306174398 42.2268837540885
4472 -71.0934689133 41.892639794 42.2729722735531
3462 -71.8651860887 42.0553443206 42.2991159629815
5385 -70.7015100773 42.0516196484 42.3052973819501
7252 -70.9657777359 43.0548553817 42.3648029061333
5398 -72.1061110016 42.4201831511 42.3758776367626
6997 -71.4955685137 41.8961420657 42.3781259074383
2421 -71.3855280323 41.8794790186 42.4180728850806
3070 -71.3597198044 41.8750328 42.5773546816755
4472 -71.399606851 41.877508366 42.6502767722593
1877 -71.3449195906 41.8703633692 42.8341169620704
3479 -71.7465104311 41.9728132063 42.8677034385019
3109 -71.3781587987 41.8722503475 42.8685997393521
5383 -71.5637495761 41.9042481155 42.88820355756
4607 -71.3931663332 41.8733523217 42.8893236560853
4470 -71.413779306 41.8756068296 42.8898464821404
2960 -71.8795293846 42.0536480473 42.9036927491186
6543 -71.3184365727 41.8677898567 42.9293639896793
6833 -71.0685808944 41.8862625438 43.0077002265929
5682 -70.7489685686 42.0057880493 43.051585987443
6114 -70.928044083 41.9227027128 43.066309546663
4882 -71.3700390022 41.8674459311 43.1526571247012
4751 -71.1119960606 41.875028344 43.2605220923012
4418 -71.3542397918 41.8639500578 43.3153276909923
1749 -71.8710354771 42.9402543871 43.3510562127666
1799 -71.3829797884 41.8647354706 43.4140748506973
4680 -72.0779123115 42.2695067023 43.435316743386
6734 -71.4290306099 41.8689980401 43.4710468938504
2678 -71.4106910626 41.8655922727 43.5495474467159
2820 -70.8098043585 41.9634785094 43.5609667752408
6284 -71.9395651548 42.8906402296 43.5685650012042
4938 -71.3988262185 41.8634361176 43.6084910440447
4780 -71.4552778701 41.8692232106 43.7109058048022
3749 -71.3900338587 41.8608261454 43.7273553226527
3300 -71.8952952441 42.0485645684 43.7282080674162
2183 -72.0466348018 42.2032403816 43.8182389511745
3843 -71.8800027306 42.0345195226 43.8601967129779
4512 -72.0060844733 42.1448718595 44.0286239150513
4351 -70.6875014636 42.0246718489 44.1489327558318
3122 -71.4474494302 41.8606076599 44.2153148935187
2964 -71.4729153087 41.8624929675 44.358665642884
4218 -71.4820819683 41.8640713072 44.3590847504926
3870 -71.3633027793 41.8479591059 44.4591948039719
4132 -71.4014776014 41.8512023727 44.465497088078
6092 -71.4355521667 41.8541165331 44.5434355039937
6760 -71.4181002148 41.8512708415 44.5872955395574
3424 -71.3466242311 41.8444180355 44.6303412123668
6947 -70.7478097821 41.9749153793 44.7660507316555
4785 -71.120943458 43.1242507589 44.7693632530759
5156 -71.626842314 41.8934356221 44.7725546676133
4769 -71.384226373 41.8447704334 44.7929716723146
3364 -70.9144597134 43.0780500948 44.8695197907188
7319 -70.9260003074 41.8945141642 44.8874931195514
7018 -71.013730715 41.8695802866 44.9016365817076
5935 -71.4626661824 41.8523143052 44.9337330288021
3270 -71.398923999 41.8440854038 44.9352993332622
5298 -70.7614399257 43.0143153732 44.9752793306015
8090 -71.9377437208 42.0554733409 44.9957487545412
4280 -71.2568410235 43.138027459 44.9969243613312
4641 -71.5560564323 41.8688918577 45.0738752450984
5777 -71.426031387 41.8446824752 45.1027470181579
4322 -71.3820843626 43.1380771243 45.2759594978201
4570 -71.8418435939 41.9791005601 45.4257862766749
6760 -71.4502643589 41.8431840968 45.4260591796913
6656 -71.5002142709 41.8515013885 45.4265729855753
4325 -71.4755907355 41.8469468896 45.4380504738336
4315 -71.4084245798 41.8371276413 45.479779140153
7086 -71.1552588055 41.836015561 45.5419595288639
2758 -71.6055391323 43.1018500466 45.5622213930644
3098 -71.4220693761 41.836822194 45.6064947186888
3874 -71.5110556902 43.1255144988 45.6350148808007
5307 -71.437681267 41.8375215231 45.6927507542411
4302 -70.8421987466 43.0649853024 45.7202406575516
6024 -70.7802521442 43.0377352175 45.7564841163102
4474 -71.3843404004 41.8297809059 45.8234809302758
3783 -70.9508644136 41.8718568357 45.8404890816577
2575 -71.4486320407 41.8356201998 45.9240869170897
3031 -71.3967904145 41.8285898405 45.9834689088537
6600 -71.3713292154 41.8260808222 46.0056959758337
5937 -71.404252111 41.8288450466 46.0169958423947
5457 -72.059697304 42.8294771885 46.1334209421659
2984 -71.4268972086 41.8293806621 46.1543732402151
4746 -71.4374679551 41.8300252608 46.2014733409061
4090 -71.3544452204 41.82008586 46.3398154479471
6411 -71.0753672746 41.8349037649 46.3741854489554
6323 -71.4629438934 41.830928007 46.3851198557651
4569 -71.4137175682 41.8244054099 46.390012708627
5839 -71.4498788954 41.8286657835 46.4087046021369
2317 -71.4260814112 41.8238431734 46.5257275585682
6118 -71.2406248564 41.8150732334 46.5785582398451
1169 -70.8029710166 43.0628774996 46.5986078099748
2705 -70.9191096285 43.107577283 46.6406777067293
3573 -71.3951409398 41.8183705889 46.6738958032092
8785 -71.7217680225 43.0811667238 46.7527485131897
3390 -72.1043309155 42.1937482827 46.7572554688246
3600 -70.6889883912 41.9728797608 46.7720742635588
2916 -72.1983057546 42.4844609534 46.799032771967
2473 -71.4254352191 41.819627619 46.8083768992095
5559 -71.4451767424 41.8214638995 46.8543485024314
3218 -72.163410075 42.6792694324 46.8594826199561
2456 -71.4349209771 41.8193273285 46.9083464458347
6950 -71.4852375321 41.826655779 46.9167153889261
5629 -70.7876186689 41.9153547417 46.9756825671584
7179 -71.3163156287 41.8072829568 47.1067086705213
2671 -71.4171399218 41.8136770694 47.1499835063249
4590 -71.7337727532 41.8934758093 47.2093291052489
2895 -71.4259184309 41.8136646235 47.2196488108481
4514 -72.0332273762 42.0921585685 47.2329606625521
6661 -71.3792284171 41.8088267879 47.2348862513972
3808 -70.7143576836 41.9484161953 47.2679844881498
3989 -72.1855091114 42.3427883429 47.2739305834941
4950 -71.8452230493 43.0321552948 47.3230959545296
7114 -71.4614388271 41.8164463744 47.3518517989715
4256 -71.4359117633 41.8128423482 47.3591587434843
1665 -71.4040036187 41.8087188037 47.3947984347878
3645 -71.5675800718 43.1410095311 47.4706084475872
7187 -71.5376196794 41.828341767 47.4765924942736
8540 -71.4474621145 41.811810559 47.5324077147732
4661 -71.3508840446 41.8019918023 47.5733083424239
6101 -70.9820805303 43.1405450941 47.6321084558654
7618 -72.07873188 42.1320098591 47.6584496465539
3761 -71.4159716103 41.8058107018 47.6795061322619
2293 -72.0284997976 42.0752157394 47.7314964021463
3701 -72.1600625829 42.2541188122 47.7486689182377
6693 -71.4345469581 41.8063674348 47.7892281171022
4888 -71.9160011549 41.9806755401 47.8380808964862
3744 -71.4584528406 41.8087054223 47.8478249440415
2486 -71.4798899506 41.8118182138 47.8587377611029
6714 -71.4246619346 41.8036268403 47.895580521436
3782 -70.6759247601 41.9596553171 47.9045240109908
2638 -70.7686284413 43.0694174687 47.9084730074513
3703 -72.2145952926 42.5673831681 47.9153347805349
5159 -70.946667155 43.1363798341 47.9647722843569
2871 -72.0391218775 42.0783378584 48.0399275363337
3040 -71.4100444526 41.7988361341 48.1141499781791
7131 -70.8360157618 41.8722272668 48.3011588054915
3558 -72.2133925853 42.6167322787 48.3478040529319
5064 -71.3885798408 41.7927397817 48.3939276264321
2465 -70.7856140864 43.0868850179 48.4728573067627
6452 -71.4191625988 41.794524296 48.4758341087442
3519 -70.7332761785 43.0623088197 48.5032744943253
5052 -71.4445619673 41.7970192032 48.5134775821275
3867 -70.7544587273 43.0732963011 48.5260538122269
2707 -72.0447401401 42.0704180186 48.5978788735953
2065 -70.771413515 43.0825670746 48.5979997706723
4731 -71.3545094491 41.7871684349 48.6099517889944
2994 -71.4316971726 41.7933709624 48.6528325655932
7115 -71.4497958387 43.180348263 48.6679843850142
5823 -70.7122045559 41.9238988018 48.6870522056923
4249 -70.9889890454 41.8169607777 48.756886718667
4144 -70.9447379232 43.1496714148 48.8593313007472
7344 -71.4620972589 41.7933714308 48.9249278686379
4334 -72.033327442 42.0513038413 48.9383845943322
2630 -70.8962853388 43.1379524634 49.026876789785
5490 -71.5036171597 41.7977830826 49.076856915027
5303 -71.4122904059 41.7839995446 49.1466473041117
4700 -71.3958560144 41.7811005985 49.2372388517905
4323 -72.2414009737 42.5766127817 49.3448346230883
5772 -71.4449769298 41.7831852868 49.460029440015
2552 -70.8822815014 41.8363525709 49.479151639047
2378 -71.3402717879 41.7738288034 49.479658594239
1654 -71.9958860797 42.9760126497 49.6026440016198
5680 -70.6500158429 41.9433911561 49.624491995515
4138 -71.4289631899 41.7787567633 49.6296271948061
5591 -71.4863660276 41.7866402276 49.6316088803276
5057 -71.1348231844 41.7783475477 49.6419126117566
2570 -70.9291406975 41.8167134066 49.8008598563657
3868 -71.3881897821 41.7705985721 49.9137007659529
5385 -71.1835184809 41.7695897654 49.9295016464578
3880 -71.5411258236 43.1841643318 49.9477059641262
2799 -71.442698278 41.7755248082 49.9628144574091
