"pop" "long" "lat" "miles"
3133 -83.6110996069 32.6246434098 1.5502454980938
6492 -83.6197532704 32.6416860648 1.63711147543568
1216 -83.5735651357 32.6193424093 1.77781952834515
2464 -83.6111450154 32.6106973916 2.32159004921678
3422 -83.6051951301 32.5996464996 2.89979979724592
4181 -83.632350291 32.6124128584 3.04058300010248
6018 -83.6452399913 32.6420914736 3.12086944590184
4875 -83.6511809378 32.6259983291 3.59676771222198
6090 -83.6463998067 32.6033194519 4.07278402292058
6061 -83.6312902615 32.5865561949 4.35704665226003
2859 -83.667780059 32.666517287 4.79455295244567
5812 -83.6784179607 32.6407648951 5.0504000964968
1927 -83.6370485571 32.7104492247 5.54197468513475
8295 -83.6328950573 32.5668003777 5.60330273327133
8410 -83.6813319728 32.6030079582 5.8143556530996
8685 -83.7064860033 32.6355097554 6.69247049709196
8896 -83.5853746529 32.5392156084 6.98148778196879
17841 -83.6962557119 32.5727997652 7.66257616204884
6126 -83.6502609687 32.5350464195 8.02189088900502
8575 -83.69558649 32.7194387049 8.17109374276147
3951 -83.4415908991 32.5965292029 9.24944113698813
7023 -83.6919193083 32.5235730755 9.94850259608716
2114 -83.6853890744 32.7604079231 9.95494844376572
9934 -83.7649588479 32.6488531244 10.1091435890393
1630 -83.7495899406 32.5755104904 10.2237799839793
2070 -83.5929273833 32.7897184463 10.3566657960021
1837 -83.6574726555 32.7872921422 10.8836051574533
3260 -83.6533197401 32.7977165107 11.4836195254768
6119 -83.7036933055 32.7816627902 11.7685411707858
4453 -83.7400598221 32.7562082634 11.7975136544298
4340 -83.691719039 32.7943045542 12.1572284897835
2184 -83.6504457792 32.8102494127 12.2624761424931
4171 -83.6706827337 32.8054743705 12.3343042574351
1401 -83.6430714115 32.8188140325 12.7249114147188
5072 -83.4113435955 32.7450644256 12.7702337199594
5487 -83.723862565 32.487742434 13.0490221105462
8286 -83.6659571671 32.4619900786 13.0522980538938
3195 -83.6505901754 32.8259311605 13.3097726533796
2952 -83.7051736893 32.8083888463 13.389022098849
4420 -83.529765009 32.8265166922 13.3960682514624
2365 -83.6645246514 32.8260127529 13.5465074409719
3233 -83.6349487609 32.8327689313 13.56954774545
3428 -83.6815248522 32.8232212515 13.7090084121147
1931 -83.611350835 32.8433725996 14.1141591448156
997 -83.6565412552 32.8368149716 14.1270449758485
1315 -83.6359867254 32.844364942 14.3692236679665
1657 -83.6454800209 32.8465549199 14.6263681529994
4590 -83.8229150678 32.5569110333 14.6479810394266
2164 -83.6564659599 32.8447060038 14.6526350130387
2851 -83.674380994 32.8412301921 14.7271530373375
4305 -83.6943564396 32.8385998821 14.9796018122437
6034 -83.7177687755 32.8305474953 15.0839449405191
4798 -83.800147344 32.7717776302 15.1747080653032
4425 -83.5722141622 32.8588570653 15.1814438475131
2240 -83.6050288155 32.8593574036 15.1933306481733
2167 -83.6520133995 32.85886585 15.5406433830372
2341 -83.6973185597 32.8531993447 15.976158147733
3625 -83.6759466555 32.8598756812 15.9793122891642
2539 -83.596119077 32.8731836769 16.1320259716449
4972 -83.6303281056 32.8724732997 16.2369495975762
7077 -83.5396082328 32.8812110688 16.9583983477377
4208 -83.7803701181 32.4509521747 17.0885988089548
2261 -83.71039611 32.867275578 17.170481924461
4330 -83.6684613025 32.8809524568 17.2548647356993
4673 -83.6958910835 32.8827176393 17.8495600355385
5851 -83.8858314946 32.7315964077 18.2576642242433
4020 -83.6639257995 32.3830210984 18.2683812577184
2651 -83.4224831227 32.4149288581 18.4340884126552
6351 -83.8618700936 32.495750374 18.6437667517593
6013 -83.8186309045 32.8325195869 18.7528603814986
2904 -83.9092037864 32.5756631031 19.0276716594477
5582 -83.7487150913 32.882598969 19.1053204880699
4229 -83.7052394533 32.9024100698 19.3152745641377
5454 -83.7979445687 32.8653395753 19.6698268370463
4418 -83.7284938823 32.9069016262 20.1033104470289
4143 -83.7866216077 32.882800846 20.2637240095909
1913 -83.5812793228 32.9330594176 20.280888436802
4039 -83.7244173935 32.9278799757 21.3565412663274
2660 -83.6648821185 32.9451908354 21.5353885704815
3128 -83.9620316161 32.6239914897 21.6007430278047
4849 -83.2778299548 32.469861334 21.7587802483465
2286 -83.9525767643 32.5295323129 22.3777631303847
4320 -83.3084631919 32.8735548935 23.0764902814268
7487 -83.5194523778 32.2977327583 24.0485700187012
6468 -83.4525178492 32.9682151659 24.1030860150488
2083 -83.9448827726 32.4427539606 24.7039265051423
7232 -83.5594466474 33.0006254408 25.0160107989726
5563 -83.3487601311 32.3337900292 25.4878409017696
5623 -83.8027008755 32.9850410626 26.8348216051839
3319 -83.1861365433 32.859521545 28.0596355285335
2077 -83.1236734937 32.5368441027 28.196812680922
3651 -84.0592741305 32.7581917338 28.4180963146985
1924 -83.1109757805 32.7399391497 28.8283672253237
4671 -83.9644391598 32.9187872797 29.0133258307424
5943 -83.7345348836 32.2325266524 29.3937190367731
3257 -83.201054023 32.3695203942 29.486611789795
2913 -83.3968781549 32.2428563648 29.7334698595874
2340 -84.1046956182 32.5584607159 30.4215258862866
7036 -83.2920143967 33.0029227658 30.5574936104286
5633 -83.9553194593 32.3121638464 31.0561024453564
3319 -83.5991208194 33.0937055504 31.3871743009892
1610 -83.5144889865 32.1803066734 32.1168621544483
4836 -83.0124448066 32.619461331 33.7759906443517
2452 -83.0605716375 32.4386074654 33.9623421125169
4027 -83.1702325038 32.2844742773 34.7845747232649
3923 -83.2485152892 33.0549708199 34.9536702569682
7114 -83.3504797999 33.1057254581 35.1322696484592
1814 -84.1280164143 32.4013358371 35.3697819872809
4234 -83.8563507907 33.1007785558 35.3878497044489
2297 -83.2110309839 33.0525481672 36.1084147728131
3805 -82.9847663605 32.5258222228 36.2479319173479
2632 -83.2219663196 33.0627892599 36.2902639434533
6418 -83.2488764305 32.199643471 36.4505462212452
5729 -83.9925189531 33.0531069708 36.866013935629
2014 -83.9263596177 32.1748287438 37.6473235808952
4336 -83.2415322664 33.0989992022 37.7097675774585
1417 -84.2463719053 32.6601315938 38.1540783499099
4638 -82.9362073067 32.5684512442 38.517543876931
6098 -83.3003383152 33.1467171659 38.9232670039219
6961 -83.7604868892 32.0920156506 39.1675187171771
4149 -82.9246521897 32.5461369365 39.4148877909781
1367 -84.2440540185 32.7956330958 39.4616903099179
5401 -83.139197658 33.072096976 39.8096550563186
7722 -84.0987955441 33.0284274704 39.8816756192108
5210 -84.1145205648 32.2659173243 40.0104400577847
3035 -84.2005844522 32.9217769611 40.4199121811761
6883 -83.2396409885 33.1448796504 40.4709445681151
1417 -83.4840337143 32.0596835839 40.6327561789599
1813 -82.8955091454 32.5696829557 40.8600835229194
4152 -83.1018190513 32.2171503637 40.9110739105633
4446 -82.9143714149 32.4831313324 40.9531884471402
2565 -82.8974599879 32.5295398693 41.1800065163315
6167 -83.9764210646 33.1431411767 41.3595864739785
5149 -84.290970625 32.5046105858 41.8236243965148
4854 -83.4282180219 33.2356274915 42.28066184646
4093 -82.9246703034 32.3912741975 42.5431642546076
8527 -83.7018017184 33.2602368657 43.3769768109975
4130 -83.7081603006 32.0056408975 44.4055787974311
4117 -82.8761548729 32.8688583796 44.5360860408694
5328 -84.2955614457 32.9014611574 44.7552433694733
3099 -82.8145988063 32.6291209732 45.2755422000696
4194 -84.215004701 33.0361150875 45.4207456664891
1748 -82.8144485265 32.7238890905 45.6245570285043
6338 -84.3346011906 32.8662224701 45.9631748234579
1203 -84.0868509864 32.1223921205 46.0279876291146
2750 -82.913821506 32.2885269344 46.4373715184417
2996 -83.8677079199 31.9960868789 47.3735757044086
1939 -83.2134015525 32.0342822861 47.3757607629262
4590 -84.3331697385 32.9273529499 47.4801550097731
6401 -84.1516958422 33.1414616756 47.551955385627
2661 -83.1013000382 33.1953741563 47.8206755682231
2849 -84.3194127585 32.3079965621 48.2781556344318
6991 -83.4301696137 33.328143221 48.5152155791516
2003 -83.0367391069 32.1144380162 48.7117646861402
1490 -83.5491010143 31.9338758397 48.9085949514717
4752 -82.8629600199 32.9933428381 48.9103805404046
3623 -83.6695734895 31.9358618751 48.9199812899086
8089 -83.8978109123 33.3004392096 49.0165691561663
7711 -82.7675321786 32.4867243352 49.2050718913219
5568 -83.7609813881 31.9431527546 49.2089674725424
3192 -83.2601343565 33.2961899861 49.3013050639392
4135 -83.3111088985 31.9615783017 49.7141221873207
8096 -83.9580756366 33.289696356 49.7173176627267
2969 -84.3548014812 32.9644343814 49.7208419723515
