"pop" "long" "lat" "miles"
1241 -98.2786457433 29.5301626809 0.183040466859901
3771 -98.2939034703 29.5543877371 1.72800996921113
4789 -98.3040796119 29.5173932172 1.77195976277285
4754 -98.306082705 29.5473132083 1.86578321353621
4688 -98.2775554814 29.5600928939 1.92114278538784
2997 -98.2611769282 29.5568839045 2.04442720536449
7247 -98.3156853235 29.5333328513 2.13447371671897
2518 -98.2468635938 29.5087693575 2.59062405132638
4571 -98.3296945907 29.5233992603 3.04151113766186
1921 -98.3290519072 29.5457325233 3.07881778227637
3509 -98.2701373456 29.57651394 3.11019867231583
6960 -98.3150072841 29.5683092295 3.24681939460944
6396 -98.2516489652 29.5747439881 3.39576430825556
4254 -98.2947123233 29.5803725912 3.42963069033733
4895 -98.3016910724 29.4862859822 3.44258281271585
5436 -98.3180307205 29.4948998151 3.45131911374578
8136 -98.328419452 29.5034463255 3.52540881950584
4860 -98.3365264501 29.5564687511 3.77397105795421
5742 -98.3406642789 29.5116810877 3.90993928295302
4496 -98.2528492608 29.5869134491 4.11406671657069
4516 -98.2812879527 29.5922950026 4.14236828811448
7831 -98.349094419 29.5393458792 4.17178266588817
6472 -98.2279107484 29.5745796094 4.29178664825045
5262 -98.3262975926 29.482092605 4.45060199775723
1197 -98.3423386065 29.4930934357 4.62335803633112
3235 -98.2675281179 29.59912455 4.6772259732862
5036 -98.3576812971 29.516048658 4.79705363611858
6923 -98.3625012069 29.5296977274 4.95485280656774
5064 -98.3583005705 29.506420263 5.03136607625661
4510 -98.3312397263 29.5905398217 5.05785242270544
8176 -98.3532006622 29.5719304718 5.17181524993054
1512 -98.3214340939 29.4647733996 5.29596403982678
3707 -98.3402735657 29.4738997472 5.42677597977706
4549 -98.3671841065 29.5547901794 5.45653213350846
4462 -98.2454438919 29.607150833 5.57723125746454
5584 -98.3686637961 29.4920275026 6.01185269987403
7800 -98.3515252215 29.4692161102 6.12652183502309
6072 -98.38179998 29.5197649166 6.17545342399084
6353 -98.3757568774 29.5670512779 6.2272978359852
4957 -98.384239136 29.5032110937 6.57836337406881
6028 -98.3672311216 29.590198671 6.5858823189281
3567 -98.3663186614 29.4728057016 6.62285705194266
3996 -98.3911507342 29.5337537572 6.67611064261775
7267 -98.39191206 29.5530006473 6.869808748415
4982 -98.3821539899 29.5781012959 6.89893974788421
6136 -98.3722297296 29.4652620783 7.22880043795453
1637 -98.3732992386 29.5993589601 7.26590085225868
5486 -98.2859328329 29.424692697 7.4596168745803
6591 -98.398012211 29.5678131011 7.49823886562076
3436 -98.389749746 29.5842939115 7.50322186708119
3496 -98.4061571405 29.5411678617 7.60249568157375
4945 -98.3934014443 29.4810575197 7.68343771801235
5155 -98.4075952678 29.504555596 7.90486284246593
3146 -98.389099761 29.4643875831 8.0687061627494
4476 -98.3932134081 29.5954578542 8.07601238328784
3771 -98.4165171394 29.5559316259 8.36099938963558
7557 -98.1753274905 29.6128484524 8.41365036355013
7747 -98.4207937714 29.526363882 8.47022712929164
3470 -98.3726693948 29.4399722319 8.47766056394032
4387 -98.4048107159 29.5919871234 8.55341849803146
8151 -98.4133729882 29.4830190366 8.7129705417333
6123 -98.4229879235 29.5082254507 8.7541440217479
4113 -98.3911256623 29.449614879 8.79694275528093
2627 -98.1877141605 29.4333664009 8.83092818145533
4895 -98.4146445392 29.5844192155 8.85130874441687
4736 -98.3898069732 29.6210909212 9.00414030211717
5390 -98.4263365213 29.5751038749 9.27396639662881
1980 -98.1352383617 29.5781648976 9.28102175429214
4029 -98.1231627854 29.5304031176 9.45476052522865
2077 -98.4385134931 29.5216717491 9.55555991220649
5103 -98.4369219174 29.5570552767 9.58193093562741
4949 -98.3227766612 29.6690364162 9.79058252112625
5631 -98.2296027567 29.6671643938 9.80574783495936
7095 -98.444731733 29.53100183 9.90090133236663
3001 -98.4324634151 29.5877191986 9.92618086705517
4689 -98.4075661803 29.437169272 10.1091609777928
6334 -98.4462761553 29.5051746422 10.1707599839038
5970 -98.4454831046 29.4900215097 10.3709501337411
2622 -98.3759541286 29.4063365552 10.4543486576868
5362 -98.4511036109 29.5609901658 10.4706186286864
7129 -98.4371575841 29.4609856082 10.6619422410711
5733 -98.446743802 29.4761165272 10.754204252728
5141 -98.4534312437 29.5753724286 10.8370143970677
5620 -98.4464102468 29.5959756933 10.922162766864
4765 -98.4316741086 29.6212875355 10.9904857662663
5066 -98.4069551337 29.4174179896 11.0233396008477
9329 -98.3966908341 29.6604098943 11.2893636247446
4848 -98.4306281938 29.4346697809 11.3016753348482
0 -98.4680045793 29.5369350617 11.3051155362614
5326 -98.4694865947 29.5128751123 11.4712805133795
7109 -98.4701027662 29.5664177406 11.6649587797971
4839 -98.4650351811 29.5839823364 11.6775743700394
4477 -98.4718998963 29.4999992679 11.7532605479571
4448 -98.4620229736 29.5958147016 11.7839974469295
7031 -98.4681149041 29.4827755508 11.8202586420698
5561 -98.4521888566 29.6153418247 11.8287883992639
5559 -98.3976214079 29.3925369859 11.9836722829958
1561 -98.4787827404 29.5535051063 12.0372050184295
6632 -98.3745724398 29.378808078 12.0495390984491
5776 -98.4280874231 29.6513857598 12.1167039456792
1728 -98.4513985521 29.4394875636 12.1467508563298
3564 -98.4432970418 29.6371586366 12.1946051478654
3361 -98.4141874233 29.3969416587 12.3654836084366
2438 -98.4268249767 29.4055947191 12.4457970494721
5244 -98.4693693188 29.4597202371 12.4482285130086
4595 -98.4521922576 29.430326985 12.5335153898244
3783 -98.4853920556 29.4961415995 12.6021098660495
3054 -98.4901538506 29.5288682295 12.636735271759
5537 -98.1423165804 29.6712811104 12.6916189572961
1558 -98.4878857608 29.5831227803 12.977445686455
4146 -98.4521688511 29.4192289412 12.9808974921513
2237 -98.486544939 29.4747817384 13.0446583199623
3972 -98.4405750979 29.4055286608 13.0493187233655
2125 -98.4708619702 29.4403217886 13.127631087673
4448 -98.4961462756 29.5619396898 13.152391926297
5626 -98.1473937569 29.6847802746 13.2252351140894
5322 -98.4982942418 29.5060378089 13.2520172547823
3143 -98.5006068251 29.540996224 13.2759560167909
8024 -98.1148460289 29.6608426889 13.337073678281
3811 -98.0941581675 29.6397526121 13.431951969575
4021 -98.489519092 29.4630134424 13.4838879270132
3060 -98.4955770294 29.4774575406 13.5100046370189
4922 -98.4704296731 29.4280885988 13.5370402089138
5591 -98.4146431198 29.375530626 13.5394040433015
4107 -98.4543958852 29.4080365402 13.5659147466712
9732 -98.476236808 29.6295241625 13.5699714105147
7064 -98.4940845028 29.5982844788 13.6493898220263
5345 -98.5075925092 29.5326615909 13.6836861640973
4375 -98.4898095425 29.4525325547 13.7753281681144
2632 -98.4435833402 29.3927318652 13.7895430469763
549 -98.4828446885 29.4389393798 13.8075501036266
5491 -98.5082420523 29.5551359382 13.8109395563702
3730 -98.5066149419 29.4961605023 13.8561753462079
2272 -98.5039985366 29.4854087215 13.857449153172
1755 -98.4673956886 29.4158357848 13.8588309650137
3179 -98.0658055297 29.6099222839 13.9704442745717
2919 -98.1570781463 29.3603812309 14.0233982981567
2946 -98.5035910635 29.4734474291 14.0518919987541
5546 -98.2981855991 29.3292995085 14.0919428030143
3618 -98.4657782738 29.656979853 14.0993220986437
4042 -98.4550012105 29.3963985785 14.1178519076211
2488 -98.5142943257 29.5138074212 14.147040174305
4434 -98.5122051067 29.5675144491 14.1684259463917
2989 -98.5149909243 29.5497340498 14.1784501803106
3303 -98.4671972912 29.4073284507 14.2002261617475
6885 -98.4395573418 29.3802545743 14.2434196928991
1965 -98.4929976877 29.4423620259 14.2452678215135
2474 -98.3976910229 29.7122068343 14.3021868609976
3459 -98.5035979976 29.4596771562 14.3586195659884
4401 -98.4257076377 29.3667899854 14.4237871139736
5906 -98.5208774937 29.5431242052 14.5014195760241
2761 -98.501901655 29.6172451753 14.5694359495231
2542 -98.4808555616 29.4143288547 14.5838963006449
7762 -98.5199811268 29.5018235263 14.585847065999
6674 -98.5168532559 29.4864638891 14.5946811192199
1628 -98.5228450018 29.528046548 14.6051265639393
4438 -98.5135877406 29.4746447326 14.6058969936336
3379 -98.4907555772 29.4266139184 14.6379848057198
3824 -98.4673934429 29.3968189379 14.6640755381639
4311 -98.1086228303 29.6833728061 14.6819493042939
1645 -98.4787884034 29.4064256032 14.7965886107611
4734 -98.4609897359 29.3875179211 14.7981032650674
2881 -98.5118747189 29.4597545437 14.8245498952693
3151 -98.1233505782 29.6978052525 14.8288224536173
6823 -98.1428038625 29.7106675099 14.8434741698612
3755 -98.507096323 29.4481299644 14.8518316595792
5657 -98.3005689266 29.7467706827 14.8777892794711
5391 -98.4650221214 29.6756410059 14.8884555404883
1948 -98.4548712817 29.3798135063 14.9020798885911
3717 -98.4272843275 29.3586484777 14.9314148505684
1398 -98.5040772192 29.439413084 14.9350017947503
6032 -98.5250436643 29.578618218 15.073322374492
3728 -98.4877704216 29.6551834305 15.0977800539452
3768 -98.5216901887 29.4721379581 15.1227311845773
6468 -98.5199973028 29.5981578677 15.125375198531
7968 -98.5303090972 29.4990338773 15.2294991878421
3622 -98.4145747607 29.3454953675 15.2538388584215
2878 -98.5199462093 29.4601655828 15.2732625256628
5292 -98.5085580212 29.6295449096 15.2903562512924
6742 -98.4994225967 29.6451475723 15.3179922610676
3033 -98.4810859875 29.396229338 15.3321043780393
3973 -98.445345321 29.3627022215 15.3862957809009
7553 -98.5074914551 29.4302355471 15.4021689700208
3557 -98.4573386152 29.3709860422 15.443279349372
2077 -98.4938133984 29.408362294 15.4621205452488
4803 -98.5392350264 29.5368251888 15.5907727059992
5028 -98.4696211174 29.3776648037 15.6433200429691
5040 -98.5329558044 29.4778210142 15.6760480654974
3839 -98.5190822115 29.4399254754 15.7407191963509
3830 -98.0403507268 29.441524292 15.7533557826336
3272 -98.5416846954 29.5139084416 15.7890074087339
5181 -98.5401297547 29.4970586372 15.8347620449466
7619 -98.5387106097 29.5754972542 15.8361512296034
3358 -98.4831494474 29.3866999445 15.8418359183647
2238 -98.5088979311 29.4174022133 15.9032512448818
2482 -98.1193476126 29.7152226627 15.9215832557697
4842 -98.5432122051 29.5602240227 15.941785213862
4585 -98.5275323956 29.4497235086 15.9508540317504
4438 -98.4534298414 29.3575609308 15.9732341728836
2313 -98.5368152121 29.5918734652 15.9763828911882
3796 -98.5195969003 29.4316349485 16.010833887622
5224 -98.394721816 29.3232351588 16.0297748035441
4536 -98.4658422123 29.7000017513 16.0923539663279
5099 -98.5033152628 29.4037285523 16.1163620105168
1875 -98.5368095752 29.4657074118 16.1217808456718
5467 -98.4881352652 29.6803747145 16.158118263332
3447 -98.1021731134 29.7086179678 16.223670107025
5023 -98.5366037289 29.4593356313 16.2421111099844
5665 -98.5502762286 29.5269239103 16.2575425723316
5359 -98.5421165191 29.4742484298 16.271458948696
4339 -98.5115239286 29.6544453006 16.2724265164064
5382 -98.5209115389 29.4216768271 16.3931273536683
4634 -98.5316487422 29.4409390003 16.407711395942
8005 -98.5358436536 29.6162020002 16.4335296795403
2515 -98.5502159013 29.4904461476 16.5096881248045
3165 -98.4771514959 29.3663122178 16.5140020524952
2079 -98.5539221822 29.554283337 16.5396141525489
3799 -98.5540686408 29.5023532849 16.6140349118833
4702 -98.5016616197 29.3884237063 16.6453403790559
5197 -98.5355620694 29.4343033507 16.8058936936559
5794 -98.5212456843 29.4084609071 16.8578607311234
4191 -98.5599399451 29.5481830766 16.8682545107738
4813 -98.5597857349 29.5127628339 16.8814731702739
4410 -98.4373142862 29.3291117265 16.9509449546008
6162 -98.4963673977 29.3750447761 16.9699516871715
4443 -98.0802365425 29.7064467299 17.0165004581635
2676 -98.5183468048 29.3999559932 17.017712031216
3155 -98.5562748052 29.4777740761 17.0426355834244
6299 -98.5342104876 29.4217938188 17.1016251539023
1264 -98.4573217403 29.3389990465 17.1120174532605
6296 -98.5648099539 29.5219152957 17.1436764640433
4628 -98.5500510838 29.4519662979 17.1723258108819
6188 -98.5657844795 29.5418067978 17.1975085795016
2412 -98.5608113019 29.5823391658 17.2320986175721
4462 -98.5575198028 29.4667750711 17.3005517189138
4920 -98.0400915637 29.6713914717 17.3501322529695
3982 -98.5659617917 29.4988332304 17.3557537110123
5913 -98.4932562229 29.3624476347 17.4036460553282
4870 -98.550783633 29.4432818153 17.4182010356831
3974 -98.5173742608 29.3879793966 17.4303929281519
3555 -98.0987643573 29.7298081603 17.4783828784444
1568 -98.5478278262 29.4342867154 17.4845652877942
4040 -98.2204608617 29.7800519521 17.5024710307634
3565 -98.5720203821 29.532811427 17.5613405552838
4371 -98.5105177544 29.3753063149 17.6210919036934
4117 -98.5387914985 29.4112801902 17.6823148797812
4497 -98.1230194511 29.3161754919 17.7051936337682
6322 -98.4914939933 29.7111775175 17.7280070914166
5228 -98.5264125971 29.3912383235 17.753986266075
4324 -98.5482552824 29.4236416733 17.8074858773673
2573 -98.4923310578 29.3526095526 17.8309105276432
5892 -98.5706378569 29.4812905253 17.8367008373279
5052 -97.984102833 29.5202800311 17.8439483358768
5216 -98.5731522432 29.575103513 17.871361995485
4096 -98.5393890426 29.4027485003 18.0012653449639
5635 -98.5797162231 29.5257741866 18.0309860251185
6572 -98.2279624168 29.2754166018 18.0545901966547
6011 -98.5799269715 29.5567165373 18.1132059485173
1995 -98.5803208387 29.5122480218 18.1165323097259
4296 -98.5708538919 29.4626865867 18.1498694244393
3365 -98.5102725502 29.3625345842 18.1686783832706
4372 -98.5256121245 29.3790779535 18.1917574450542
5019 -98.5705506781 29.4537323116 18.3075201488575
2906 -98.5674040126 29.4454133425 18.3084079363295
4384 -98.5656631108 29.4364043678 18.4255126668149
5472 -98.5596116414 29.4231704613 18.4429322806106
7244 -98.4938022764 29.3412039605 18.4521289286493
4899 -98.5536967958 29.4113877405 18.4742671759951
3940 -98.5254798027 29.3717621891 18.4854493738857
6221 -97.9752024383 29.5650047245 18.4937220758346
6576 -98.5844497131 29.4936378623 18.5083684133045
4550 -98.5881932929 29.5286607052 18.5369041140204
4557 -98.5412519059 29.3903480061 18.5395302891976
1946 -98.5838617712 29.4849132732 18.5713641523242
4528 -97.9756590277 29.5850848271 18.685138082309
4507 -98.5100782707 29.3496055809 18.7515459775702
3409 -98.5891570954 29.5780855748 18.8550550837673
5796 -98.5935335617 29.5054892812 18.9504300448074
2973 -98.5943923574 29.5512472927 18.9508864617568
3720 -98.5686260214 29.4224736246 18.9587483678874
4536 -98.589652095 29.4702174389 19.1186987221149
1478 -98.5979698361 29.5377364863 19.1261849320839
5314 -98.5569542415 29.3962604471 19.143033559778
6936 -98.53070318 29.3620783004 19.1432769925799
5433 -98.5819578404 29.442553665 19.2015571173848
4 -98.5460524444 29.3763908167 19.3088518775439
6423 -98.5006535204 29.3294686517 19.3242235786463
6201 -98.6027507535 29.5127406858 19.460442702901
4416 -98.5926650723 29.4602931028 19.4609640638831
4831 -98.580055515 29.4271377089 19.4678005119625
5368 -98.5256723494 29.3472854076 19.5603185507366
4491 -98.5919096718 29.4523027458 19.5670279684989
4554 -98.3616952707 29.2574348417 19.6448331279092
3164 -98.5460860037 29.3676141097 19.6568639217183
4341 -98.6050508763 29.4999828361 19.6807720454461
3392 -98.5740600249 29.4062147304 19.7314172802408
4237 -98.6079522173 29.5555097254 19.7862776705189
3082 -98.6024205526 29.4753395975 19.7942646140775
5430 -98.3933151486 29.8014533967 19.8123638242099
2846 -98.5813017325 29.4156677837 19.8477578472662
4701 -98.6105696844 29.5287184848 19.8834951314045
3952 -98.5934499618 29.6267405125 19.9399892566453
4284 -98.5946621053 29.4412769198 19.9547003118626
5180 -98.60984409 29.5661326427 19.9711425659218
4135 -98.6092355272 29.4930516 19.991370532188
4463 -97.9538448271 29.5878092835 20.0091274993547
4564 -98.5576908735 29.3692536266 20.1665805092893
5113 -98.4704047682 29.2905817255 20.2770583682499
3148 -98.5242484218 29.3295067663 20.3254892647514
3025 -98.6179921339 29.5111263927 20.3836305897267
7202 -98.6150776344 29.579063697 20.4048794124642
3843 -97.9432160011 29.5699807146 20.4459368624097
5951 -98.0873584194 29.7761749063 20.4631949391371
4 -98.5676059997 29.6913168642 20.4813023249209
4882 -98.6170479147 29.4806157139 20.590767747769
3525 -98.6237945284 29.5407329873 20.6845839800496
3452 -98.6148463892 29.6020440057 20.7000362128841
6362 -98.6239946048 29.5502524106 20.7244034798681
9620 -98.5426537808 29.3381705906 20.7478043919601
5575 -98.6140581777 29.4579292547 20.7488044728378
4917 -98.6250828212 29.525045832 20.7619933434047
301 -98.5786399524 29.38107621 20.7997869996588
3135 -98.6023164433 29.4222598207 20.8384779941934
3616 -98.0348656864 29.3134721122 21.1645847634985
2662 -97.9893529369 29.7072968605 21.2674590745603
5708 -97.9432746467 29.630867856 21.3839041543574
5523 -98.6338414015 29.5002484395 21.4015052194724
5411 -98.6308903783 29.4669146152 21.5921122586763
4034 -98.6393633024 29.5323941893 21.6144614441682
6043 -98.6386731412 29.5528187863 21.6168557464272
2495 -98.6388166866 29.5772693683 21.7986850348553
5060 -98.6411732847 29.565351651 21.8390016743637
4462 -98.6180129371 29.4174742333 21.8397685053197
3898 -98.5727874221 29.3440095801 21.9193111924492
7520 -98.6272295162 29.4356014086 21.9412266777663
5690 -98.520430386 29.7723214147 21.9972796019434
4694 -98.2174850378 29.8459244219 22.0116806653765
5265 -98.1606218761 29.2315518574 22.0253739590574
3168 -98.6415966184 29.4718352976 22.1553322120478
3254 -98.6406229543 29.6008420755 22.1935072494095
6952 -98.6514079272 29.5274519135 22.342566732165
7319 -98.6477590613 29.4870356507 22.3463294595986
7741 -98.6526960134 29.5092977939 22.4764350896455
3958 -98.6175019286 29.3930917936 22.4830822467504
3042 -98.6548977716 29.5531866268 22.5928235001702
3426 -98.3265983028 29.856770787 22.6088496662138
4290 -98.5922446598 29.3493938287 22.6618065033448
9945 -98.6181257745 29.3868653742 22.7052773032316
8623 -98.5759286043 29.3275296132 22.7646027987654
7656 -98.6074033395 29.3648123158 22.8646222190596
7442 -98.6510181411 29.4550164245 22.9575200945104
3821 -98.6596143841 29.4930129683 22.9998292626158
1896 -98.5340757897 29.2832850329 23.0427413516721
4420 -98.6633777529 29.53942137 23.0640833098123
4818 -98.6622574828 29.5680742889 23.1202508073248
5443 -98.6393730303 29.4131069408 23.1489768600488
6328 -98.6359480047 29.4054870307 23.1518559040593
5999 -98.6456558627 29.6459732441 23.3421766013487
3595 -97.8928910521 29.5609819815 23.3930912223517
9244 -98.6620204803 29.469092236 23.3989769530983
9551 -98.6533958019 29.4358548692 23.441538819652
5208 -98.6716348838 29.5278248118 23.5594351617275
3508 -98.6727952385 29.5415952048 23.6340497506671
4503 -98.6067360449 29.3428363188 23.6400426958603
3987 -98.6703403728 29.4928966043 23.6420259561465
4540 -98.6725532701 29.5134474375 23.6506793412709
4341 -98.6170867219 29.3551226299 23.7097348424341
7203 -98.6726499055 29.5026498037 23.7109058332235
8670 -98.6695647692 29.6025675138 23.9213654248555
4591 -98.6784193623 29.5212436646 23.9788740779749
3901 -98.6267862677 29.3558376763 24.1865909216854
2664 -98.2742858042 29.8822012385 24.198306388489
6626 -98.6562505482 29.4065509892 24.2610179014696
3790 -98.0753716029 29.8346679891 24.2631885712007
5889 -98.613184523 29.3327872256 24.3523944160504
4028 -98.6479738215 29.3847319844 24.391304511228
4301 -98.6762066124 29.4556150715 24.425724159058
4792 -98.4596592447 29.8501725046 24.4820781163003
6379 -98.6858859434 29.4994405494 24.5247727396066
4267 -98.6878615705 29.5509800372 24.5647055160814
5322 -98.6717994794 29.4237374904 24.7487599421648
6197 -98.68724114 29.4799024541 24.7702157436145
2498 -98.3201663653 29.1755005476 24.8062756999959
7342 -98.6929822245 29.5070731306 24.9064624276829
5368 -98.6789478367 29.4334423373 24.9657423951103
4589 -98.3896339352 29.1816088059 25.1470088371862
8089 -98.4482557906 29.1995984785 25.1519500126048
2894 -98.6031922135 29.2990240342 25.2850620949548
9610 -98.700874854 29.5304597117 25.3172028723224
8811 -98.6736309745 29.4033666148 25.3179705695925
2284 -98.6836731377 29.4230968977 25.4441206648749
5185 -98.6960553153 29.4573460564 25.568704692623
6601 -98.6455769888 29.7220491235 25.5861182121902
1802 -98.664600475 29.3694547539 25.7505049157208
3641 -98.6883911588 29.4113280322 25.9679412187
10170 -98.7113409745 29.5094161787 25.9981940408179
8439 -98.6997002646 29.4417707764 26.0239101249556
4464 -98.1765645982 29.8987317652 26.0933481488296
6641 -98.6695245363 29.7020588174 26.1864789553889
3201 -98.6861105051 29.3911152232 26.3267509733106
5319 -98.6608162572 29.3450929767 26.3352413832833
6719 -98.7009156959 29.4228739673 26.4417669082361
4862 -98.3381867262 29.9127019532 26.5348516623104
5286 -98.7197302304 29.5733728414 26.5973721357572
6024 -98.6985833461 29.3955916088 26.9147492093226
6248 -98.5277239299 29.2072042125 26.9936571262785
3532 -98.7265663945 29.4928251499 27.0073488757638
2677 -98.0743700928 29.1819484649 27.2356308020069
6176 -98.7237285473 29.4386033919 27.4816311858615
3443 -98.7377600524 29.5200749669 27.5514814609518
9539 -98.7306910199 29.459218248 27.5895407927754
7934 -97.9575870757 29.8195988344 27.7606096240603
5125 -98.1768661186 29.1407344274 27.8018707593037
5413 -97.8140591859 29.5267349775 28.0609097219581
3453 -97.97526058 29.8442143526 28.3028766833687
6101 -98.6590063738 29.7760691416 28.3283746176661
2243 -98.6320603899 29.2598757586 28.3726141906706
9265 -98.0369348254 29.8868583622 28.5446506881569
25 -98.7565416978 29.5698535392 28.7783948072646
2744 -97.847915973 29.7181476193 28.9971755642441
2495 -98.7599019413 29.487373715 29.0432502906173
2238 -98.7384208091 29.6654460652 29.0539033879234
1341 -98.6936382821 29.3108344166 29.2465036271493
4949 -97.8993158605 29.8127643482 30.0035613348508
8032 -98.7556482244 29.4003234065 30.0545324195646
2200 -98.7841435757 29.5706897538 30.4378141616276
3057 -98.2933787275 29.9729272777 30.4817077352877
6698 -98.7837864523 29.4609548712 30.7177814359882
5324 -98.634300587 29.2115170328 30.7942183091488
2078 -98.254789523 29.0869714855 30.8512318130601
3954 -97.8936824697 29.2327557197 31.1856246948665
2249 -97.9459045869 29.8802014113 31.340985740106
6332 -98.6414858059 29.8643127466 31.5950703138852
6030 -97.9458261631 29.8902674654 31.8809236551539
4182 -98.7065315499 29.2564849801 32.0061998482558
4356 -97.9149482523 29.8702175352 32.0583017618344
5560 -98.7261100521 29.7895636877 32.1667880525641
9032 -98.7559438141 29.3188419982 32.2447576421803
2294 -98.512044991 29.1085572369 32.4825490177573
7234 -97.9872075211 29.9364058812 33.0260964119416
4478 -98.1865027221 30.0253780613 34.5609388312506
5233 -97.9048542787 29.9145336013 34.7441877502914
6569 -97.8850784319 29.9078976352 35.1870531627399
7709 -98.865780691 29.4869568001 35.38952691089
3681 -97.7142520343 29.3906689265 35.4703772352361
2991 -97.9466372376 29.9648050512 35.9997600135567
7602 -97.7866669199 29.828478768 36.0453227697879
8985 -98.0649880808 30.0226157426 36.2878295076749
3717 -98.0992348634 29.0307378677 36.3806352849399
9342 -98.6319803015 29.0870812785 37.4047112764695
4797 -98.7593159226 29.8881479623 37.8677430728952
4228 -98.8277813481 29.807948509 38.0302106901919
5639 -97.9552749873 30.0088515852 38.2993567971748
3595 -98.5809648849 29.0357839815 38.8508083261369
6234 -98.7491127256 29.1441651557 38.996017525458
5660 -97.6426359314 29.677098424 39.6315985996921
5534 -98.3985213366 30.0974149077 39.7222294805201
6351 -98.89338839 29.3187782531 39.7883392463497
6369 -98.9269142656 29.6647794852 39.9585868391094
11434 -97.8349884525 29.963331459 40.0442784048484
2147 -98.9502364555 29.5796646822 40.447489751706
7801 -98.5101399481 28.9824296945 40.4954880661016
7943 -97.8642664071 30.0046882343 41.1226313010976
5191 -97.8794666725 30.0170111965 41.2633138618703
6392 -98.7008569281 30.0129455411 41.7455623490074
4177 -97.6947357862 29.8727997413 42.3317039267022
2214 -97.8819208977 29.0241241042 42.589118516284
1962 -98.1673848239 30.1422280428 42.7226296685286
5477 -98.8381436682 29.1506448784 42.7685500937205
10095 -97.9201913324 30.0738785759 43.2423020683072
3606 -97.6952625088 29.9002955851 43.3888349906121
4107 -98.9191866746 29.2427216384 43.4125817133724
5199 -97.6565905659 29.8614189057 43.8427922486387
10854 -97.7780107503 30.0125842624 44.8611952689882
3655 -98.0497793712 30.153027454 45.1015430969513
6972 -98.3230285074 28.8811021699 45.1277179681087
7256 -97.8005890578 30.0562298604 46.2808302756092
7769 -97.9200071562 30.1306032431 46.684428522866
5626 -97.6765836029 29.9709082205 47.2678144906414
2356 -97.5305825847 29.7541306597 47.6070612011574
2515 -97.5207229205 29.3139124455 48.1928895089333
3840 -97.5755883772 29.8682915651 48.2949825495278
5738 -97.9724943824 30.1778725051 48.3147709592943
8490 -99.0883169649 29.4866273633 48.7491665637149
4913 -99.0544319016 29.7696173402 49.3485289557248
1718 -97.7418862336 30.0737557169 49.4610706426285
3095 -97.8391922878 30.1367291981 49.4753474708037
2114 -97.4568710456 29.5101980127 49.5843225040368
4973 -97.8836188124 30.1637601937 49.7341345138643
6983 -98.9799047299 29.1472213474 49.8996640413325
4491 -97.8147992971 30.1303351581 49.9068444150145
4950 -98.0368478478 30.2231571285 49.9610121240887
