"pop" "long" "lat" "miles" "weight" "fact"
1292 -89.8508782382 38.5430373011 0.23401234989195 18.2609112010318 23593.0972717331
10394 -89.8832146769 38.5344441587 1.62068114219502 0.380719255360405 3957.19594021605
4317 -89.8927027746 38.5810579734 3.34058454692019 0.0896097084668139 386.845111451236
5990 -89.9195298592 38.5840740268 4.50610686085422 0.0492489557846936 295.001245150315
5675 -89.9384772438 38.5572899001 4.61777365242572 0.0468958829454272 266.134135715299
6570 -89.9419500345 38.5321127382 4.75157508892561 0.0442919505545998 290.998115143721
3596 -89.9010382457 38.6015140917 4.76472848931683 0.0440477454045769 158.395692474859
7810 -89.7704178686 38.5140006479 4.99808007175018 0.0400307365544577 312.640052490315
3385 -89.8775222282 38.471376736 5.07962440022574 0.0387558082618465 131.18841096635
5265 -89.9474942631 38.5141463661 5.3716918412184 0.0346559508543303 182.463581248049
7818 -89.7844598057 38.6022130663 5.61930708042711 0.0316690086310971 247.588309477917
4557 -89.948449192 38.5836934708 5.78705317739226 0.0298596734393213 136.070531862987
6245 -89.9663567793 38.5537335498 6.06273850196794 0.0272058517203515 169.900543993595
4142 -89.8911203967 38.6278545812 6.20277420923086 0.0259913031758893 107.655977754534
5865 -89.9711635126 38.5233328779 6.41723968780463 0.0242830636650383 142.420168395449
3620 -89.9717087639 38.5095028009 6.71104596934425 0.0222034045888203 80.3763246115296
5146 -89.9197263639 38.6279740702 6.85389152108727 0.0212875434378277 109.545698531061
5838 -89.975674463 38.586275684 7.18045838386122 0.0193952624649768 113.229542270534
3989 -89.9908311789 38.5319603365 7.37714660584557 0.0183748233019836 73.2971701516127
3264 -89.9885015366 38.5122720809 7.51532551005489 0.0177053455954484 57.7902480235437
6952 -89.9889165358 38.4962084876 7.92012941708288 0.0159417297935078 110.826905524466
4671 -89.9563135884 38.6281154584 8.05069927902464 0.0154288227879452 72.0680312424921
7148 -90.0036496242 38.5590849247 8.11130259817919 0.0151991322274889 108.643397162091
2966 -89.9308252927 38.4392473801 8.24515886287536 0.0147096366255619 43.6287822314167
5345 -90.011376581 38.5337042344 8.47408434689312 0.0139256166354711 74.4324209165929
6385 -90.0164593693 38.522688657 8.83598298041029 0.0128082636490502 81.7807633991854
4587 -90.018795378 38.547490628 8.85797669801152 0.012744738620435 58.4601160519353
7627 -90.0090605778 38.5898568188 8.93911041961407 0.0125144393017842 95.4476285547078
5471 -89.9463115682 38.430021754 9.2248288089282 0.0117512311528694 64.2909856373486
2884 -90.0387720764 38.5617794544 10.0188789861093 0.00996234868409916 28.731413604942
4700 -89.873047885 38.6870447343 10.0314817033816 0.00993733267936641 46.7054635930221
2639 -90.0439779491 38.5473500345 10.2192682082066 0.00957547672506404 25.269683077444
6330 -90.0086635961 38.6337877064 10.4196510981819 0.00921072140062729 58.3038664659707
1812 -90.0510177226 38.5822714242 10.940481097199 0.00835462882003358 15.1385874219008
6152 -89.9518528682 38.6839453887 11.0799106922091 0.0081456825380135 50.112238973859
3391 -90.0293057081 38.6301361116 11.1903640365612 0.00798567387542595 27.0794201115694
3102 -89.9876126239 38.6690051358 11.2952376546295 0.00783807209755621 24.3136996466194
4247 -90.0667291276 38.5648057529 11.5454131074769 0.00750206885552666 31.8612864294217
4649 -89.9749854659 38.6810511663 11.5552355541903 0.00748932011458422 34.817849212702
2790 -90.0635589837 38.5953119462 11.8428904596405 0.00712991866081566 19.8924730636757
6787 -89.6347642547 38.5164360839 12.0650911100029 0.0068697160787931 46.6247630267688
6031 -90.012670994 38.6681627361 12.1571713949178 0.0067660456081698 40.8060210628721
6055 -89.6505778838 38.6188172386 12.2529417173489 0.0066606906626443 40.3304819623112
4161 -90.0590679571 38.6265471919 12.4571635213191 0.00644409106923594 26.8138629390907
3923 -89.9925173437 38.687343096 12.4583080156095 0.0064429071385352 25.2755247044736
6110 -90.0884090624 38.516202553 12.753123813821 0.0061484670204531 37.5671334949685
8226 -89.8656560977 38.7304058046 12.9966543902411 0.00592020655595293 48.6996191292688
2085 -90.0919901837 38.5900911078 13.2208339168724 0.00572113638418794 11.9285693610319
3782 -90.0926905022 38.6074220014 13.6021979360482 0.00540482727319374 20.4410567472187
4901 -89.926212459 38.3516410515 13.7649203986105 0.00527779590111081 25.8664777113441
2713 -90.1080320097 38.5677836884 13.7873217334351 0.00526065934233249 14.2721687957481
9632 -89.951367009 38.7274755489 13.7978829423942 0.00525260917118866 50.5931315368892
2101 -90.0886858324 38.6326901013 14.0766915007051 0.00504659919667146 10.6029049122067
1394 -90.0999088697 38.6219166787 14.3229844769088 0.00487453235643427 6.79509810486937
1272 -90.1147271831 38.5863632097 14.3593064781739 0.00484990319452324 6.16907686343356
4093 -90.0144040796 38.7138741036 14.636815863771 0.00466774133503888 19.1050652843141
6718 -90.0838951979 38.4231084575 14.8932396780893 0.0045083917107327 30.2873755127022
1251 -90.1273759402 38.5795016159 14.9413615539898 0.00447939798149856 5.60372687485469
2685 -90.1066745008 38.6323601314 14.9457867871038 0.00447674580319584 12.0200624815808
5909 -89.7826670304 38.3318471743 15.1052447719595 0.00438272746799002 25.897536608353
3464 -90.1233363601 38.6115246961 15.2626914851729 0.00429277126982176 14.8701596786626
5774 -89.691332342 38.7239917416 15.3510452967904 0.00424349889712996 24.5019626320284
1826 -90.1198224445 38.6303928267 15.5419432893718 0.00413989532270701 7.55944885926301
4210 -90.1420400811 38.5653440578 15.5964532416783 0.00411100783910681 17.3073430026397
1777 -90.1356245461 38.6023093164 15.7171845037225 0.00404809314842486 7.19346152475098
5539 -89.9422875064 38.7629487295 15.9455299543719 0.00393298313893607 21.7847936065669
2582 -90.1163419147 38.6501426201 15.9558009933227 0.00392792130327299 10.1418928050509
5323 -90.083302476 38.6909844801 16.0383401363926 0.00388759630563383 20.6936751348889
6619 -89.6700292159 38.7294485843 16.3390650969381 0.00374580869887351 24.7935077778438
2229 -90.1392346443 38.630044646 16.5046039483345 0.00367104565339962 8.18276076142776
3813 -90.1477345107 38.6155502152 16.603339710377 0.00362751395940013 13.8317107271927
9285 -89.9787745176 38.7627085397 16.6189221772739 0.00362071458752544 33.6183349451737
6159 -89.8179235466 38.7869121446 17.0124964959024 0.00345512610203179 21.2801216624138
5884 -90.1694796794 38.5568340935 17.0310302155913 0.00344761023309799 20.2857386115486
3261 -89.6872622239 38.7566342982 17.3577558483034 0.00331904277327282 10.8233984836427
5085 -90.1614892718 38.6264934515 17.5476152394847 0.00324760942844081 16.5140939436215
3335 -90.0817664188 38.7298507445 17.818223243714 0.00314971463389217 10.5042983040304
1891 -89.6506440381 38.7482795328 18.0094147713514 0.00308319362482647 5.83031914454686
7386 -89.9400975872 38.797588465 18.218247211778 0.00301291457387656 22.2533870426522
7666 -90.1890797753 38.5087398233 18.2213562681683 0.00301188649210128 23.0891218484484
6188 -90.1138859594 38.7129449684 18.2792785108059 0.00299282897638421 18.5196257058655
4966 -90.098252539 38.7276613938 18.3358025262964 0.00297440535244137 14.7708969802239
6415 -90.192753865 38.5781677148 18.4234194876238 0.00294618163790918 18.8997552071874
5077 -89.962552097 38.7962297404 18.4714246426201 0.0029308879476714 14.8801181103277
2466 -89.511255604 38.5306932395 18.6276767321983 0.00288192460554959 7.10682607728529
5603 -90.1347908205 38.7079144516 18.9456022701653 0.00278601319114085 15.6100319099622
4113 -90.1885503083 38.6275035777 18.9562780371343 0.00278287602969138 11.4459691101206
1905 -90.115103217 38.7271503478 18.974876910625 0.00277742324144947 5.29099127496124
2788 -90.1449041573 38.6980103565 18.98934629247 0.00277319220728309 7.73165987390527
3061 -90.1561462488 38.684597461 18.999104193387 0.00277034432715261 8.48002398541412
3239 -90.1996717758 38.6041696682 19.1092314234875 0.00273850513731037 8.87001813974828
1890 -90.1688761893 38.6718994074 19.1677791650606 0.00272180122793393 5.14420432079513
2703 -90.129578665 38.7187752134 19.1886901168762 0.00271587227269411 7.34100275309217
6396 -90.1045691237 38.3441414688 19.2666041884512 0.00269395073422703 17.2305088961161
3329 -90.1904075895 38.6378671709 19.28336989516 0.00268926832097498 8.9525742405257
5885 -90.0110652761 38.7949629006 19.3747434391261 0.00266396233051681 15.6774183150914
3795 -89.5625943783 38.3812545339 19.3872821360092 0.00266051761718474 10.0966643572161
3543 -90.1905464996 38.648792451 19.5599578225773 0.0026137507596412 9.26051894140875
7074 -90.1998745839 38.4548283158 19.6254511122544 0.00259633485395555 18.3664727568816
4795 -90.2047967795 38.6199446155 19.6458335904078 0.00259095027343553 12.4236065611234
3364 -90.1182213367 38.7390939962 19.6605826175788 0.00258706435988077 8.70288450663892
1845 -90.2140924885 38.588795438 19.6722338416699 0.00258400079926672 4.76748147464709
2885 -90.2029422686 38.6293134251 19.7351649036228 0.00256754746377831 7.40737443300043
709 -90.093601154 38.7597160923 19.779893860976 0.00255594842570672 1.81216743382606
4485 -89.9548780213 38.8206741346 19.96788317191 0.00250804858896565 11.248597921511
2298 -90.2137648613 38.6133017665 19.9966290426177 0.00250084295245635 5.74693710474469
2586 -90.2169410804 38.6056492952 20.0426144139705 0.00248938034981048 6.43753758460991
1258 -90.1933965881 38.6629508927 20.0865994420849 0.00247848994697645 3.11794035329637
3131 -90.2208149285 38.5951631588 20.1050612093184 0.00247394021739765 7.74590682067205
4327 -90.1620850273 38.7087080565 20.1728110151426 0.00245735080759539 10.6329569444652
6818 -89.493289126 38.6153192066 20.204207305662 0.00244971955002349 16.7021878920601
2237 -90.2102892974 38.6375142546 20.2892026095847 0.00242923786462626 5.43420510316893
4488 -90.0630687946 38.7898095236 20.4513055128977 0.00239088081420439 10.7302730941493
3201 -90.2284134002 38.5988263141 20.5552431378292 0.00236676295823425 7.57600822930783
3351 -90.2251861954 38.611287554 20.5637869986546 0.00236479667716523 7.9244336651807
4644 -90.2316186817 38.5882726227 20.6027024389523 0.0023558716158609 10.940667784058
2234 -90.2110875754 38.6505924527 20.6380402199783 0.00234781077284446 5.24500926653453
5279 -90.2356979763 38.5705010186 20.6729150505277 0.00233989602661238 12.3523111244867
3567 -90.2354129058 38.5816594723 20.7420785025664 0.00232431750388663 8.29084053636361
1271 -90.208607185 38.6596061766 20.7469545865819 0.00232322507988423 2.95281907653286
2487 -90.2015809302 38.6752815929 20.8495266196589 0.00230042247579243 5.72115069729577
1159 -90.2267490214 38.6286873012 20.9530500980146 0.00227774707313903 2.63990885776814
1941 -90.2248262494 38.6362661474 21.0079229153165 0.00226586363593245 4.39804131734489
2474 -90.2219714825 38.6431772752 21.0134712060433 0.0022646672595322 5.60278680008266
3844 -90.2372645564 38.6011914077 21.056001829269 0.00225552778133887 8.67024879146662
4891 -90.2398238648 38.5910592384 21.0707169441046 0.00225237850446654 11.0163832653458
4235 -90.2373886722 38.60953924 21.1799265504453 0.00222921060584734 9.4407069157635
5625 -90.246085752 38.5723229914 21.2439674690231 0.00221579074764392 12.4638229554971
3769 -90.235717167 38.6193131892 21.248817233315 0.0022147794126219 8.34750360617195
1010 -90.2251384086 38.6507004248 21.3506221287248 0.00219370856750113 2.21564565317614
2539 -90.2210676336 38.6591494224 21.357014729578 0.00219239551840002 5.56649222121764
1562 -90.2176633636 38.6659540193 21.3692305024978 0.00218988965831698 3.42060764629113
3007 -90.2479615457 38.5899674967 21.493917820027 0.00216455602889762 6.50881997889515
2999 -90.2465943332 38.5986762032 21.5197623685633 0.00215936002532403 6.47592071594677
3092 -90.2537290901 38.5474769127 21.5646065895431 0.00215038846051934 6.64900111992579
3088 -90.1435348347 38.7585432098 21.5773480104207 0.00214784960218898 6.63255957155956
2703 -90.2535348015 38.5622531334 21.5917583586233 0.00214498360751652 5.79789069111715
4814 -90.2309455588 38.4326373522 21.7234529669294 0.00211905526864697 10.2011320632665
3316 -90.2152009135 38.6826400009 21.7340970409706 0.00211698020125502 7.01990634736164
5454 -90.2381719465 38.6400195627 21.7738908590643 0.00210924931430793 11.5038457602355
1643 -90.2316861542 38.654733472 21.779749901987 0.00210811463461098 3.46363234466584
4958 -90.2550917939 38.5807883272 21.7906620559003 0.00210600379360917 10.4415668087142
3274 -90.2550655523 38.5922652656 21.8977301380862 0.00208545969758306 6.82779504988692
5359 -90.2509490513 38.6139919448 21.9626021376082 0.00207315804622191 11.1100539697032
3122 -90.2604711214 38.5750191113 22.0363337792838 0.00205930804521113 6.42915971714914
1556 -90.2397800135 38.6484926128 22.043011811027 0.00205806048054272 3.20234210772448
2654 -90.2282490651 38.672207218 22.0663625039232 0.00205370709324308 5.45053862546713
2483 -90.2324010002 38.6650512142 22.0781343585448 0.00205151764229113 5.09391830580888
4325 -90.2574513223 38.6037923682 22.1615948506762 0.00203609472124651 8.80610966939114
3126 -90.2651265991 38.5484802119 22.1821474293689 0.00203232343528573 6.35304305870318
4336 -90.2642235146 38.5665752735 22.1884546496734 0.0020311681957711 8.8071452968635
3421 -90.2505844179 38.631831586 22.2506828610385 0.00201982299620367 6.90981447001274
1324 -90.2538994915 38.623569584 22.2737974148393 0.00201563304317039 2.66869814915759
1554 -90.2403826762 38.6592231184 22.3293615452715 0.00200561416724491 3.11672441589859
3149 -90.2645710369 38.5927892732 22.4111308515933 0.00199100548916221 6.2696762853718
1703 -90.2483008771 38.6462247213 22.4278069085314 0.0019880457903008 3.38564198088227
1537 -90.2620337903 38.6146179886 22.5565391362663 0.00196541862514859 3.02084842685339
2994 -90.2528923938 38.6420602284 22.5744114173033 0.00196230779240516 5.87514953046105
2984 -90.2394675372 38.6712721403 22.5964767197787 0.00195847730369834 5.84409627423586
1928 -89.4872679837 38.698265459 22.6090285276759 0.00195630333968497 3.77175283891261
5702 -90.2735396478 38.530459408 22.6523604807444 0.00194882602928188 11.1122060189653
2584 -90.2558711804 38.6385754152 22.6566393079225 0.00194809000640902 5.03386457656092
1276 -90.2473055204 38.6588547452 22.6697827446223 0.00194583174257963 2.4828813035316
4287 -90.2712455248 38.5853713559 22.6965747041616 0.00194124057618121 8.32209835008885
2600 -90.2745814528 38.5549294839 22.7048117247892 0.00193983231626079 5.04356402227806
3100 -90.2749915966 38.5617087699 22.7481998806625 0.00193243960108058 5.99056276334979
2470 -90.2083010023 38.7242200816 22.8416683233175 0.00191665681645198 4.7341423366364
1918 -90.2769653749 38.5720106647 22.9052193842783 0.00190603595349921 3.65577695881149
2225 -90.2390335126 38.6849274 22.9616789631773 0.00189667412211481 4.22009992170545
2478 -90.2778369276 38.5771679308 22.9856249108021 0.00189272434900421 4.69017093683242
4023 -90.2610494838 38.6450646193 23.057419941124 0.00188095576071791 7.56708502536814
2415 -90.2573404046 38.6549178068 23.0854138962072 0.00187639673780517 4.53149812179948
3515 -90.2527439328 38.668130719 23.1761307086806 0.00186173617248578 6.54400264628751
1862 -90.2810192248 38.5038996463 23.2012437859053 0.00185770805904259 3.4590524059373
2331 -90.2743472 38.617511735 23.2497587956394 0.00184996323105115 4.31226429158023
4075 -90.2784317758 38.6058357107 23.3021676961666 0.00184165108515974 7.50472817202593
4281 -90.2821556053 38.5930042578 23.3533882851774 0.00183358142045029 7.84956206094769
3545 -89.9839823064 38.865333536 23.3757006534115 0.0018300827429832 6.48764332387546
1846 -90.286978325 38.5628822042 23.4000945348326 0.00182626912146384 3.37129279822225
2711 -90.2444198964 38.6913488573 23.4158446517887 0.00182381315380723 4.9443574599714
5485 -90.284615807 38.5861442376 23.4204604194663 0.00182309434058972 9.99967245813461
4721 -90.2852885158 38.5985927999 23.5803507679304 0.00179845459478366 8.49050414197365
7542 -90.2910581029 38.539807352 23.5837372209001 0.0017979381418925 13.5600494661532
3403 -90.2391855049 38.7072803222 23.6698309162485 0.00178488273560891 6.07395594927712
1586 -90.2689035028 38.6550212736 23.677393783297 0.00178374268826256 2.82901590358443
1783 -90.266444194 38.6627154274 23.731626830064 0.00177559935568878 3.1658936511931
1846 -90.280888572 38.6265749899 23.7387205001874 0.00177453833521912 3.27579776681449
6117 -90.2932117653 38.5192034344 23.7584598409105 0.00177159086591855 10.8368213268237
2392 -90.2607381996 38.6754785469 23.7681071847566 0.0017701529998315 4.23420597559696
3466 -90.2117565705 38.7445914391 23.7943314997799 0.00176625329212003 6.12183391048802
5016 -90.256329685 38.685490056 23.8257727219303 0.00176159476363114 8.83615933437382
3267 -90.2655786852 38.6689282105 23.840923277017 0.00175935654005903 5.74781781637285
2788 -90.2506324643 38.6958796974 23.8549117200384 0.00175729378307225 4.89933506720543
2583 -90.0741978736 38.8430993158 23.9085787233498 0.00174941352836066 4.51873514375557
2267 -90.2333313719 38.7226752613 23.9274359573037 0.00174665718615372 3.95967184101048
2780 -90.2971409676 38.5700459332 23.9816970056854 0.00173876214599246 4.83375876585903
4412 -90.2907937898 38.4779707946 24.0000671467038 0.00173610139664034 7.65967936197717
6441 -90.2024833095 38.7592499086 24.0082284165155 0.00173492126927492 11.1746278953998
1329 -90.2893419784 38.6169128756 24.0321528612207 0.00173146869740472 2.30112189885088
2531 -90.2918840283 38.6080569424 24.0452115420842 0.00172958852618653 4.37758855977811
4285 -90.2820587642 38.6404088085 24.0491386321452 0.00172902370800769 7.40886658881293
6028 -90.2978241965 38.5785151407 24.0703631931517 0.00172597584459541 10.4041823912211
2698 -90.2399335113 38.7184593227 24.0848080540227 0.00172390615779869 4.65109881374086
5951 -90.3002598374 38.5524131393 24.0880082436739 0.00172344813236766 10.2562398357199
1342 -90.2534302385 38.7006501034 24.1374007734948 0.00171640194146589 2.30341140544722
4128 -90.2975820727 38.5893157637 24.1439339062632 0.00171547318108433 7.08147329151613
2922 -90.276973122 38.6600362159 24.2032761329241 0.00170707140937107 4.98806265818227
1966 -90.2714852268 38.6778350741 24.3666562050836 0.00168425609805427 3.3112474887747
4363 -90.2356262144 38.7331078967 24.4137894742442 0.00167775912500362 7.32006306239078
4983 -90.2552471845 38.7074340729 24.4393342818436 0.00167425365834656 8.34280597954092
1968 -90.3015626793 38.6077436361 24.5555543430722 0.00165844286560674 3.26381555951406
2675 -90.2888004434 38.6505707952 24.6015763364547 0.00165224379483418 4.41975215118144
6741 -90.3075773278 38.5064600103 24.6103233554059 0.00165106952017962 11.1298596355308
6888 -90.1494767124 38.2716375322 24.6180008814508 0.00165003985471856 11.3654745193014
2427 -90.2811049375 38.6693765335 24.6347569631346 0.00164779596818506 3.99920081478513
2203 -90.2883018803 38.6576064878 24.7269231676571 0.00163553499581333 3.60308359577677
1738 -90.278029839 38.6802493028 24.7570596567727 0.00163155558277811 2.83564360286835
3401 -90.3001011814 38.6284023228 24.7770185133899 0.00162892807792789 5.53998439303274
7435 -90.3125186394 38.565840375 24.7912560555434 0.00162705763839914 12.0971735414976
3299 -90.3103771564 38.5887370766 24.8248696824868 0.00162265445060192 5.35313703253572
4991 -90.3141761174 38.5417384674 24.833431707022 0.00162153573190489 8.09308483793729
3819 -90.3091511285 38.5976725837 24.8446634704579 0.0016200699371301 6.18704708989985
3698 -90.3064433439 38.6151253667 24.9114893531265 0.00161138981423431 5.95891953303849
6740 -90.2280392816 38.7550322646 24.9293804660016 0.00160907774618981 10.8451840093193
2507 -90.2894344348 38.6650397122 24.9534137674389 0.00160597974700498 4.02619122574148
6017 -90.1751497484 38.8033918358 24.9756898283581 0.00160311624662256 9.64595045592792
4947 -90.2997962393 38.4438376048 25.0242320420623 0.00159690280242844 7.8998781636135
4401 -90.264676067 38.7120662498 25.0389158652638 0.00159503037608725 7.01972868515999
5898 -90.3114876151 38.4830904232 25.0397699785309 0.00159492156411559 9.40684738515373
5365 -90.3179049532 38.5194541295 25.0905377335157 0.00158847382108101 8.52216205009963
7506 -90.2565256066 38.7265419018 25.1399710942893 0.00158223305034081 11.8762412758581
3463 -90.2998074611 38.6493643714 25.1448393346631 0.0015816204439079 5.47715159725307
1841 -90.0512819666 38.873135941 25.1894860487787 0.00157601877532451 2.90145056537242
3279 -90.3221866535 38.5496299247 25.2699050890312 0.00156600368069631 5.13492606900319
4653 -89.9698211322 38.1884933281 25.2781593696848 0.00156498112812495 7.28185718916537
2189 -90.293432882 38.6744394808 25.3815234392128 0.00155226058075926 3.39789841128203
6778 -90.27915102 38.700865912 25.3910829431514 0.00155109197776373 10.5133014252826
2327 -90.3166522022 38.6167949348 25.4752070353711 0.00154086487638811 3.58559256735512
5778 -90.2876172616 38.6901768092 25.5016217102504 0.00153767446239399 8.8846830437125
4255 -90.3151474342 38.4621879402 25.5148645204836 0.00153607869874654 6.53601486316652
3205 -90.3149105719 38.6271073433 25.5348232060404 0.0015336783586384 4.91543913943608
1841 -90.1044635663 38.8568921685 25.5628937427862 0.00153031195278681 2.81730430508051
6924 -90.3107981213 38.6424433117 25.5813425735522 0.00152810547861392 10.5806023339228
4049 -90.2480684946 38.7497513152 25.6060921454353 0.00152515292507854 6.17534419364299
6111 -90.2209163331 38.7782762246 25.6087880514815 0.00152483182807381 9.31824730135905
3101 -90.2756395316 38.7156686379 25.6786744757097 0.00151654323578188 4.70280057415962
5479 -90.3074016119 38.6571008936 25.6960873334141 0.00151448857245489 8.29788288848033
5964 -90.3293469656 38.5650292908 25.6964563943849 0.00151444506959983 9.0321503950934
3942 -90.3242353863 38.6074172413 25.7580126067023 0.00150721531073418 5.94144275491415
6607 -90.3285820843 38.5870302096 25.7876705089275 0.00150375046581821 9.93527932766092
1753 -90.3054046031 38.666156838 25.7925214741597 0.00150318487898639 2.63508309286314
4907 -89.8707104552 38.9154936521 25.801080507314 0.00150218773662136 7.37123522360101
6477 -90.3327235549 38.5287077312 25.8572860461795 0.00149566427490455 9.68741750855675
6505 -90.0927100711 38.8673261471 25.8583850530828 0.00149553714318852 9.72846911644135
3850 -90.2668742319 38.7349359966 25.9158477724741 0.00148891244327445 5.73231290660665
1458 -90.3044356919 38.6770927647 26.0021215526015 0.0014790485556489 2.15645279413609
8129 -90.3317484849 38.4927858525 26.0229025700146 0.00147668726168607 12.003990750246
1777 -90.3280186789 38.6180567502 26.0946542495264 0.00146857762208021 2.60966243443654
5454 -90.2649193218 38.7443853122 26.1665729361437 0.00146051596046802 7.9656540483926
4584 -90.3170665303 38.4302708266 26.1903667011664 0.00145786342884275 6.68284595781515
3667 -90.2488373268 38.7641613689 26.2086345523024 0.00145583182734452 5.33853531087235
3512 -90.3275558354 38.6297716738 26.24214802416 0.00145211575772719 5.09983054113788
4133 -90.2239475938 38.7902562441 26.2666041679108 0.0014494129630449 5.99042377626456
4447 -90.2724172621 38.3477628416 26.3208558835146 0.00144344415244536 6.4189961459245
2573 -90.3425073537 38.5417565482 26.3662445447658 0.00143847874254834 3.70120580457687
5037 -90.2942465652 38.7119581024 26.4584474295343 0.0014284705369597 7.19520609466602
4596 -89.7201279005 38.9105898731 26.4713173870238 0.0014270818727147 6.55886828699675
4032 -90.3391847891 38.6005535189 26.4798576421331 0.00142616149934662 5.75028316536558
7589 -90.3236037656 38.6555129076 26.4984904770306 0.0014241565482335 10.807924044544
5537 -90.329083558 38.6428797402 26.5424515172808 0.00141944292512155 7.85945547639805
6033 -90.076160264 38.8861245644 26.5819113424436 0.00141523183616955 8.53809366761089
8049 -90.3380989658 38.471685407 26.5979137110722 0.00141352942829694 11.3774983683621
3914 -90.2186178425 38.8022299342 26.5996048894764 0.00141334969220997 5.5318506953098
2670 -89.8050894054 38.159311879 26.6589971066269 0.00140705924801362 3.75684819219637
2349 -90.2890369187 38.7276129015 26.7054142457572 0.00140217223112514 3.29370257091296
7047 -90.3485491914 38.5777861972 26.7965067049495 0.00139265530274036 9.81404191841133
2972 -90.3411880825 38.6204229981 26.824714673072 0.00138972790373466 4.13027132989942
3965 -90.2661803121 38.7611424065 26.8566892283905 0.00138642075894919 5.49715830923356
7005 -90.3237852154 38.6717916035 26.8582197311524 0.00138626275440805 9.71077059462837
5348 -90.3516950035 38.555689114 26.8756736561724 0.00138446277203422 7.40410690483901
5484 -90.309135399 38.7017780004 26.8880882214733 0.00138318461975308 7.58538445472591
3370 -90.3184319309 38.6850871266 26.9061870107236 0.00138132441212062 4.6550632688465
7345 -90.3511141223 38.5089935546 26.9390129692796 0.00137796009644187 10.1211169083655
2366 -90.3491893165 38.5933594729 26.9469279035791 0.00137715073799257 3.25833864609042
3843 -90.2729619808 38.7566730877 26.9901521668898 0.00137274330371378 5.27545251617206
2684 -90.0413758711 38.905183911 27.012749804733 0.00137044751517123 3.67828113071959
5198 -90.1105020803 38.8792033035 27.0508647309184 0.0013665882887145 7.10352592473799
7704 -90.3321950266 38.4263662436 27.0534339510791 0.00136632873575209 10.5261965802341
3653 -90.3556261291 38.5341223407 27.0838729602509 0.0013632592838994 4.97998616408452
5071 -90.2875822596 38.7430918262 27.1646846693052 0.00135516027987098 6.87201777922572
6004 -90.2510668016 38.7885367351 27.3198973801441 0.00133980585886923 8.04419437665085
6364 -90.2604834095 38.7799201857 27.3592132645258 0.0013359579555244 8.5020364289573
4450 -90.343980421 38.6485397242 27.4216520354318 0.00132988096173199 5.91797027970734
1889 -90.3491857646 38.6342549054 27.4508548059833 0.00132705295863399 2.50680303885961
4705 -90.354501274 38.6225412144 27.5589821771425 0.00131666003086327 6.1948854452117
6269 -90.3601363617 38.6082727845 27.6814845069987 0.00130503225676009 8.18124721762901
6619 -90.3647400811 38.4952443657 27.7726196258211 0.00129648145157485 8.58141072797393
5964 -90.367083121 38.5769895299 27.790431479051 0.00129482006413801 7.72230686251911
5670 -90.31005969 38.7318118 27.8425570275751 0.00128997639786226 7.314166175879
3938 -90.3527177498 38.4396623391 27.8646256484536 0.00128793389945006 5.07188369603434
2039 -90.366332 38.5947178762 27.8781775100401 0.00128668204863067 2.62354469715794
2589 -90.3703589858 38.53362579 27.8816790793405 0.00128635888850546 3.33038316234063
5797 -90.0561523015 38.9142295453 27.8945443205965 0.00128517259910798 7.45014555702898
7801 -90.3479442623 38.6625243912 27.8976953849276 0.00128488229320461 10.0233667692892
4738 -90.3713540146 38.5502902087 27.9301541013988 0.00128189760532665 6.07363085403765
3985 -90.2907524053 38.760635903 27.9451953011917 0.00128051804158997 5.10286439573605
4433 -90.3647658394 38.4704581941 28.0330680840084 0.00127250277005672 5.64100477966144
4052 -90.3395487451 38.6910508837 28.1183413094949 0.00126479634974345 5.12495480916045
4446 -90.3277621218 38.7134476128 28.1369202379476 0.00126312660034725 5.61586086514387
5747 -90.3475979303 38.6747097309 28.1397850245435 0.00126286942681489 7.25771059590516
2763 -90.1371004682 38.8855392634 28.1772416198918 0.00125951414105319 3.48003757172996
3338 -90.1506962805 38.206266361 28.2562097130217 0.00125248400872105 4.18079162111087
9297 -90.2524869626 38.8086602177 28.2633010023162 0.00125185558869148 11.6385014080647
1804 -90.1571413351 38.878793246 28.3928699212534 0.00124045614384168 2.23778288349039
3326 -90.1271474421 38.8961835079 28.5189439335098 0.0012295129891775 4.08936020200435
5006 -90.2871873252 38.7797466511 28.5196024451051 0.00122945621144266 6.15465779448196
3744 -90.3815361048 38.5705290021 28.5370724361059 0.00122795136089752 4.59744989520033
4671 -90.3094077062 38.7538685803 28.5576240688092 0.00122618459454924 5.72750824113949
4380 -89.7120274269 38.1451928838 28.5725760369883 0.00122490161075545 5.36506905510889
2570 -90.101490043 38.9090078823 28.6135481700457 0.00122139621534816 3.13898827344476
5925 -90.3824994401 38.5935518608 28.7357245852157 0.00121103221168067 7.17536585420794
3355 -89.3764028023 38.3555077623 28.9897745697993 0.00118989961384152 3.99211320443829
4761 -90.391047732 38.5473160275 28.9930145278872 0.00118963368706361 5.66384598410983
4983 -90.344660177 38.7149316695 29.0100170289382 0.00118823962923592 5.9209980724826
3089 -90.3576912814 38.6925740237 29.0706067271529 0.001183291672406 3.65518797606214
6067 -90.3916365193 38.5156079052 29.0899286003721 0.00118172028191441 7.16949695037473
8013 -90.3727503837 38.4284451228 29.1175582115072 0.00117947868042923 9.45116266627945
4333 -90.3582262829 38.3937380344 29.1280207557116 0.00117863151462555 5.10701035287251
2800 -90.1536152176 38.8936496884 29.1337122762975 0.00117817104805594 3.29887893455662
5382 -90.3850386298 38.6229983721 29.1845261450859 0.00117407193673575 6.31885516351182
5082 -90.3542669844 38.7062802902 29.2489323407184 0.00116890701303673 5.94038544025269
5830 -90.3875180096 38.4693380079 29.2593119164765 0.0011680778338054 6.80989377108549
6799 -89.3145930493 38.530413015 29.2625467736041 0.00116781959544475 7.94000542942886
3354 -90.3957985074 38.5621097949 29.2760784162324 0.00116674029341741 3.91324694412201
8158 -90.0000248663 38.95077017 29.2892899456423 0.00116568796697083 9.50968243454806
5159 -90.3799093214 38.6495988539 29.3163604435707 0.00116353618659634 6.00268318665053
4881 -90.2834729981 38.8034050546 29.3294335914987 0.00116249916073044 5.6741584035253
2723 -90.3990844208 38.5752960352 29.506609450011 0.00114858035305173 3.12758430135986
5580 -89.3269459849 38.6518614419 29.5391203469929 0.00114605347831437 6.39497840899417
6959 -90.3107866328 38.7806234391 29.6051703643249 0.00114094542386245 7.93983920465879
4746 -90.3987346375 38.5933174932 29.6055083153742 0.00114091937590555 5.41480335804772
6669 -90.3503588592 38.7273772413 29.6495674610757 0.00113753109146578 7.5861948489853
2222 -90.1697617521 38.8950295052 29.7025683552208 0.00113347512070027 2.51858171819601
6200 -90.3231309347 38.7688975545 29.7286243139777 0.0011314890995449 7.01523241717839
3818 -90.4001292288 38.4855492797 29.7589750925299 0.00112918229544749 4.31121800401852
4759 -90.3833772846 38.6673698854 29.8263448689102 0.00112408701173028 5.34953008882438
7414 -90.3037039333 38.7958844992 29.8918173311803 0.00111916819775091 8.29751301812528
4141 -90.3739746832 38.6945328314 29.9413543409397 0.00111546800548507 4.61915301071368
7022 -90.2688690821 38.8332337601 30.0470084853776 0.00110763716845302 7.77782819687712
6246 -90.3948044856 38.4396729428 30.0729557212563 0.00110572663298609 6.90636854963113
4403 -90.14813488 38.9126202105 30.0782604371471 0.00110533664710799 4.86679725721647
4889 -90.384974358 38.6825722911 30.2261141476159 0.00109454939127791 5.35125197395772
3565 -90.3511825811 38.7457495561 30.2552748487743 0.00109244050637712 3.89455040523442
3303 -90.4152282621 38.5336014178 30.3088813099571 0.00108857958649426 3.59557837419054
3958 -90.3801202647 38.7007323514 30.4030137694611 0.00108184919837905 4.28195912718427
4146 -90.4158012121 38.5751171372 30.4073942620916 0.0010815375181971 4.48405455044517
3421 -90.3270210351 38.7845747222 30.4865317388954 0.00107592985755666 3.68075604270133
3321 -90.1707086205 38.9083954095 30.4934020360801 0.00107544508874389 3.57155313971846
4448 -89.4010558772 38.8049631264 30.5055730618447 0.00107458710396207 4.7797634384233
6881 -90.3772806434 38.7128166498 30.5695860714358 0.00107009142426731 7.36329909038335
3494 -90.346858457 38.7643261823 30.6672637360272 0.00106328562812848 3.71511998468092
1876 -90.1972091226 38.8974271918 30.7056682859008 0.0010606275215705 1.98973723046625
4485 -90.3751279161 38.3657658051 30.7096772823189 0.00106035062029578 4.75567253202658
4689 -90.4205753752 38.5887409639 30.7453374255618 0.0010578923401272 4.96045718285644
7172 -90.396395464 38.4076352319 30.7620461021376 0.00105674344512379 7.57896398842782
5333 -90.3136096496 38.8087354128 30.8470888667763 0.00105092477583016 5.60458182950224
1833 -90.4254881788 38.5583314012 30.8711175765187 0.00104928942598087 1.92334751782293
6005 -90.4260755674 38.4863963694 31.1438643738103 0.00103099130145788 6.19110276525457
5109 -90.3406281401 38.7869573644 31.1921243935196 0.00102780349871195 5.25104807491934
7115 -90.4244345906 38.6167353985 31.2057761636842 0.00102690441721624 7.30642492849353
7213 -90.3783579884 38.7337958761 31.205996651043 0.00102688990598974 7.40695689190396
4231 -89.3933828796 38.2732323504 31.2093833466853 0.00102666705154652 4.34382829509332
2286 -89.6488406821 38.1208705065 31.2536068982052 0.00102376365923795 2.34032372501795
3395 -90.1909894966 38.9121178586 31.3272080761441 0.00101895878189747 3.45936506454193
2688 -90.3209940762 38.8131251518 31.3476650481376 0.00101762930426392 2.73538756986141
2788 -90.4343725808 38.574392121 31.405907872395 0.00101385838022689 2.82663716407256
3146 -89.538264304 38.9239420831 31.4310354347847 0.00101223796867935 3.18450064946522
2145 -90.4232499311 38.4483858166 31.4389057134263 0.00101173123363097 2.17016349613843
3820 -90.4337377485 38.5947823661 31.4972453449525 0.00100798681952938 3.85050965060221
3125 -90.4127770849 38.411076365 31.5381929154682 0.00100537108202888 3.14178463134026
6172 -90.3991196985 38.7086022523 31.5556837294024 0.00100425686848782 6.1982733923068
3289 -90.4246051322 38.6441651569 31.5759505964782 0.00100296812763928 3.29876217180559
5571 -90.3913310077 38.7268998305 31.6485608481242 0.000998371253385926 5.561926252613
4333 -90.3072935104 38.8343500791 31.6687515669487 0.000997098616710863 4.32042830620817
3335 -89.2864929848 38.4325387086 31.7204316767534 0.000993852242948444 3.31449723023306
4264 -90.4231052628 38.66416633 31.8296584624274 0.000987042931646575 4.208751060541
5491 -90.4178074161 38.6804471448 31.8686068273252 0.000984631767807379 5.40661303703032
5300 -90.3304968146 38.8196861672 32.0293782217386 0.000974771861918096 5.16629086816591
6114 -90.3416406663 38.8076907342 32.0334321527716 0.000974525156673715 5.95824680790309
4576 -90.3209234955 38.8308093952 32.0872252437343 0.000971260382135679 4.44448750865287
4035 -90.4483670887 38.5292564639 32.1098144936262 0.000969894299745024 3.91352349947117
2761 -90.4181318013 38.6915425266 32.120816214957 0.000969230015291375 2.67604407221949
3579 -90.4319560237 38.4294859674 32.1969174682867 0.000964653648676525 3.45249540861328
6352 -90.3537091225 38.7985340271 32.2192748129174 0.000963315343493418 6.11897906187019
6483 -90.3645549204 38.7877078513 32.313087794522 0.000957729972039426 6.2089634087316
3527 -90.1187324045 38.9623650866 32.3242021689419 0.000957071472291835 3.3755910827733
5818 -90.4466184282 38.4743076283 32.3616048944868 0.000954860432694746 5.55537799741803
2211 -90.3804649393 38.7709511285 32.4715146385554 0.00094840733976694 2.09692862822471
3869 -90.4138307602 38.7177123932 32.5250059813237 0.00094529036171106 3.65732840946009
12720 -90.4188371639 38.378837353 32.5665720981391 0.000942878872137368 11.9934192535873
4959 -89.7888435766 39.0118926923 32.6522705448561 0.000937936047874558 4.65122486140993
4495 -90.4570815896 38.5912861737 32.7268643182567 0.000933665277888197 4.19682542410745
4308 -90.4360127589 38.6871760393 32.9457220680603 0.000921301841532791 3.96896833332326
4996 -90.4639393806 38.5123031552 33.0098475717387 0.000917725844363615 4.58495831844062
4665 -90.3064362473 38.8648744555 33.0159382157624 0.000917387279042525 4.27961165673338
4759 -90.4177217186 38.7364641248 33.2183929046865 0.000906239034849398 4.31279156684828
4141 -90.3399625127 38.8389849024 33.2435442941508 0.000904868269549107 3.74705950420285
2645 -90.4343452899 38.7062136671 33.2801124875789 0.000902880823226501 2.3881197774341
4808 -90.4641736944 38.6192686208 33.3542147487349 0.000898873462245428 4.32178360647602
5510 -90.3870571514 38.3000818108 33.3544481082158 0.000898860884617995 4.95272347424515
4606 -90.4102170759 38.7552592231 33.3958630141769 0.000896632874730951 4.12989102101076
7204 -90.4713544307 38.5735301711 33.3980551686723 0.000896515173669001 6.45849531111149
5493 -90.4724842822 38.5587304448 33.4128525982396 0.000895721276617561 4.92019697246026
3923 -90.4693765632 38.4874974745 33.4613606037063 0.000893126154487323 3.50373390405377
3598 -89.9853620136 38.0693223335 33.4987836952247 0.000891131761341398 3.20629207730635
4746 -90.4491754027 38.6822910517 33.5264830298009 0.000889659876561985 4.22232577416318
5148 -90.3793814381 38.8040935333 33.5910689074147 0.000886242049929178 4.56237407303541
6430 -90.461067702 38.6551759349 33.666212659786 0.000882290240296267 5.67312624510499
2891 -90.2401966009 38.9265550492 33.7140146716993 0.000879790072367466 2.54347309921434
3479 -90.4690507622 38.4543333909 33.7902508510131 0.000875824658103484 3.04699398554202
6811 -90.4373669324 38.7265285165 33.9307729925512 0.000868585335404123 5.91593471943748
8870 -90.4835163216 38.5247712331 34.0218805045966 0.000863939578613062 7.66314406229786
7517 -90.1792525313 38.9660679523 34.1066705657922 0.000859649365965774 6.46198428396473
6060 -90.4219968531 38.3276201846 34.1261826513766 0.000858666615745796 5.20351969141952
6930 -90.4858293972 38.5870936974 34.2476071815487 0.000852588622745085 5.90843915562344
2549 -90.4654925417 38.6853089492 34.4305651012375 0.000843551687426547 2.15021325125027
6958 -89.3900040419 38.8863128416 34.5737276937363 0.000836580208035233 5.82092508750915
4111 -90.3901353761 38.8189338256 34.634993993348 0.000833623150119112 3.42702477013967
2836 -90.4689743093 38.3991511508 34.6927361111832 0.000830850517355155 2.35629206721922
6855 -90.4653815467 38.7022964971 34.7760678990426 0.000826873454397597 5.66821752989553
4806 -90.4962465954 38.4937638149 34.8603105840927 0.000822881873613575 3.95477028458684
2984 -90.5018117942 38.5542646636 34.9912134059461 0.00081673655528465 2.4371418809694
7561 -90.4981354452 38.6181865225 35.1576452639551 0.000809022202328452 6.11701687180543
7020 -90.490293893 38.660585828 35.2886565840011 0.0008030262632523 5.63724436803115
5727 -90.4659202924 38.7233860663 35.2890084050416 0.00080301025146053 4.59883971011446
5329 -90.4233807887 38.7966562248 35.3595785469045 0.000799808177196603 4.2621777762807
7572 -90.2320859027 38.9645185953 35.5636861589016 0.000790653980873551 5.98683194317453
5259 -90.5049612642 38.462216657 35.6127708439703 0.000788475983726841 4.14659519841945
5829 -90.5127384288 38.5779517735 35.6508211756693 0.000786793791777584 4.58622101227154
5287 -90.5144716365 38.5594225754 35.6844255055773 0.000785312628578904 4.15194786729667
411 -90.450279275 38.7715199892 35.831084988489 0.000778897090962516 0.320126704385594
1329 -89.2033713364 38.6398974295 35.8769530745705 0.000776906750207354 1.03250907102557
4193 -90.4860778352 38.7042723148 35.8803516121751 0.000776759582097666 3.25695292773551
4736 -90.3800421283 38.225572436 35.932444599605 0.000774509003463546 3.66807464040335
2342 -90.358637467 38.8837133063 35.9842407393706 0.000772280933417707 1.80868194606427
2975 -90.4728923168 38.7438733743 36.1584948509342 0.0007648553554028 2.27544468232333
5312 -90.5052064657 38.4119987943 36.3429580028229 0.000757110824768839 4.02177270117207
2688 -89.7233980658 39.0579691922 36.3440859154365 0.000757063832716256 2.0349875823413
6944 -90.5223650161 38.6086458727 36.3675517302939 0.000756087171516805 5.2502693190127
4371 -90.4121549145 38.2477213739 36.4435156583832 0.000752938436246457 3.29109390483326
6600 -90.531583595 38.5828726908 36.6907934287038 0.000742823771326812 4.90263689075696
4890 -90.533881498 38.559988782 36.7350116883606 0.00074103656048055 3.62366878074989
4504 -90.514488073 38.6717538532 36.7397379813696 0.000740845915101369 3.33677000161656
6965 -90.5300571139 38.6321623128 37.0113509227694 0.000730012212444586 5.08453505967654
3121 -89.3690542921 38.16607319 37.068773282002 0.000727752274933033 2.271314850066
6149 -90.451827048 38.2805215911 37.0773140845876 0.000727417036376476 4.47288735667895
4326 -89.9858403889 39.0695939947 37.1213662571274 0.000725691599495708 3.13934185941843
7936 -90.5290457618 38.6559901686 37.2629625314916 0.000720186938081756 5.71540354061682
5504 -90.4106775631 38.2250621007 37.28276226309 0.00071942220280917 3.95969980426167
2349 -90.5130922411 38.7093686536 37.3764372738748 0.000715820605825649 1.68146260308445
6089 -90.543642573 38.6031604486 37.4665553904618 0.000712381227784648 4.33768929598072
2742 -89.869469093 39.0845751178 37.4913068620085 0.000711440921097558 1.9507710056495
6679 -90.5500217147 38.5230384779 37.6229123357848 0.000706472365767972 4.71852893096429
7269 -90.5495330483 38.5764006831 37.6302275856136 0.000706197718503944 5.13335121580517
2865 -90.4855344452 38.7768739403 37.7054601872839 0.00070338241865443 2.01519062944494
3207 -90.4954331709 38.7610454489 37.7410820571696 0.000702055272150312 2.25149125778605
2117 -90.4778524787 38.7936093551 37.8443838314551 0.00069822777828688 1.47814820663332
3659 -90.5414878839 38.4212006274 38.1012908750104 0.000688843588137256 2.52047868899422
5949 -90.3522409223 38.1520551832 38.1749144663166 0.000686189162566359 4.08213932810727
5187 -90.5502301966 38.6420473316 38.2016925584446 0.000685227509021015 3.55427508929201
6750 -90.4986910433 38.7773761115 38.3629796659897 0.000679477901397487 4.58647583443304
5964 -90.4970605696 38.3080060193 38.3863080624544 0.000678652278195219 4.04748218715629
7149 -90.5606362611 38.4808565128 38.4227469610137 0.000677365664549879 4.84248713586708
3666 -90.4896372371 38.7975413938 38.5339133155538 0.000673463042241313 2.46891551285665
5967 -90.5675523222 38.5738458188 38.5934872213317 0.000671385496990094 4.00615726053989
4049 -90.5177407684 38.7513162039 38.5940283852823 0.000671366668839945 2.71836364213294
3638 -89.6417231916 38.0096284435 38.6532126097386 0.000669312304239554 2.4349581628235
5144 -90.5119749623 38.7665598419 38.7114056820358 0.000667301524044371 3.43259903968425
6391 -90.5650907254 38.6171906437 38.732848445466 0.000666562883403658 4.26000338783278
3747 -90.4818324718 38.8174688512 38.8115134104659 0.00066386358093877 2.48749683777757
3203 -90.5732057122 38.5870841616 38.956698615103 0.000658924580912406 2.11053543266244
2060 -90.5041272423 38.7899307877 38.9993770652625 0.00065748319930082 1.35441539055969
3229 -90.5673533364 38.6323854876 39.0033985079484 0.000657347626771364 2.12257548684473
5360 -90.5731675662 38.5986268471 39.0225858083651 0.000656701353578028 3.51991925517823
2819 -89.1360930535 38.5000770677 39.0281670240919 0.000656513544099295 1.85071168081591
2178 -89.1334032662 38.5271296292 39.0697229479781 0.000655117705288454 1.42684636211825
5340 -90.4344331003 38.2033327102 39.2156211784623 0.000650252158769324 3.47234652782819
3769 -89.764389631 39.1055454808 39.2402245952182 0.000649437004954126 2.4477280716721
4958 -90.5812150778 38.5553513507 39.2871399288597 0.000647886860984418 3.21222305676074
4142 -90.5007422088 38.8097673877 39.4543677328247 0.000642406348024587 2.66084709351784
4517 -90.5549942895 38.7090759844 39.5307656497011 0.000639925693732214 2.89054435858841
3416 -90.5487027732 38.3641508076 39.5464205631659 0.000639419149860527 2.18425581592356
3734 -89.1236111149 38.5421088347 39.5806196199898 0.000638314665651369 2.38346696154221
2263 -90.5236469147 38.7782646687 39.6134790263934 0.000637256140003626 1.44211064482821
4416 -90.5410396794 38.7464976621 39.6456451073198 0.000636222497237454 2.8095585478006
3216 -89.3593456337 38.9658894461 39.6528566204824 0.000635991103583045 2.04534738912307
4173 -90.3188284716 38.9894355487 39.7527454475621 0.000632798942183233 2.64066998573063
4256 -90.5476056832 38.7387666383 39.7938618688623 0.000631491957381798 2.68762977061693
2679 -90.4911518236 38.8345432729 39.8328438801182 0.000630256555703721 1.68845731273027
5261 -90.5232275605 38.7891995471 39.9075970080614 0.000627897630241743 3.30336943270181
5469 -90.5820054569 38.444434203 39.9331993886556 0.000627092760056058 3.42957030474658
4804 -90.0895053933 39.0921188789 40.0485838406855 0.000623484516587343 2.99521961768559
5144 -90.5362323334 38.7717564933 40.055392645905 0.000623272568904788 3.20611409444623
5787 -90.5204093721 38.8046881779 40.2375557066968 0.000617641996443704 3.57429423341972
2391 -89.1134083354 38.5930410838 40.2692381107304 0.000616670501260622 1.47445916851415
3494 -90.2002309429 39.0596866099 40.3100187751918 0.000615423391354374 2.15028932939218
6717 -90.5851771809 38.6712643805 40.449615761229 0.000611182905831891 4.10531557847281
2772 -89.7479933796 37.9629656812 40.5225501716257 0.000608984813685495 1.68810590353619
3623 -89.1047669838 38.5184517157 40.6414278559622 0.000605427417714813 2.19346353438077
4386 -90.5576410776 38.7587762267 40.7856876870503 0.000601152173025946 2.6366534308918
3393 -90.6060132967 38.5980033037 40.7866855176354 0.000601122759472019 2.03960952288856
5028 -90.6086287785 38.5789908181 40.8309707810591 0.000599819511337399 3.01589250300444
4039 -90.5699713263 38.742096128 41.0080241254384 0.000594651216017004 2.40179626149268
7772 -89.3600853467 38.0946762091 41.0173442235376 0.00059438100944398 4.61952920539861
4989 -90.0573391924 37.9712116127 41.0283613629329 0.000594061840019907 2.96377451985932
4086 -90.550409159 38.7835705502 41.0815851563981 0.000592523547724079 2.42105121600059
5978 -90.6118777127 38.6180914799 41.2493185401751 0.000587714551358019 3.51335758801824
3754 -89.8089918162 39.138470044 41.2865605848106 0.000586654747902346 2.20230192362541
2892 -90.5607133348 38.7736918649 41.3243365399206 0.000585582676768528 1.69350510121458
5775 -90.5467449381 38.7987924628 41.3372931793576 0.000585215647678437 3.37962036534298
3447 -90.5969236324 38.6997148408 41.532200399965 0.000579735797795366 1.99834929500063
4239 -90.5718411399 38.7627318368 41.5987162782115 0.000577883298036804 2.44964730037801
4749 -90.5927754352 38.7268267908 41.8408267736135 0.000571214844018004 2.7126992942415
3737 -90.5879717589 38.7388017971 41.8516101823015 0.000570920525613346 2.13353000421708
6762 -90.6278958717 38.5883720723 41.9123854546137 0.000569265993515613 3.84937664815257
3625 -90.5710333829 38.781109581 42.0357695011916 0.000565929061167146 2.0514928467309
2265 -89.459322635 38.0191304448 42.115291579672 0.000563793904771527 1.27699319430751
3683 -90.596172693 38.750744069 42.5401701476015 0.000552588133887706 2.03518209710842
6422 -89.8689223065 37.927735154 42.5456284405855 0.000552446356949987 3.54781050433282
2187 -90.5699506937 38.8014050138 42.5480887329144 0.000552382469697793 1.20806046122907
4393 -90.6062838666 38.3566889176 42.6755227065441 0.000549088441228303 2.41214552231594
3980 -90.5914159186 38.7671190145 42.6928536527319 0.000548642732409037 2.18359807498797
8574 -90.5093636586 38.1964718111 42.8053596840932 0.000545762509012401 4.67936775227232
4978 -90.6466377082 38.5640769108 42.8395748814602 0.000544891075765456 2.71246777516044
5587 -90.6353421436 38.6571169196 42.9118780902832 0.000543056423719485 3.03405623932076
6513 -90.6407510329 38.6332674003 42.9346775544362 0.000542479821832883 3.53317107959757
6135 -90.5899479259 38.7842300819 43.0598578650717 0.000539330295205822 3.30879136108772
6773 -90.6149793968 38.7320727375 43.0926834178826 0.000538508945927709 3.64732109076838
4631 -90.6098154737 38.7595423123 43.438497502095 0.00052996893079564 2.45428611851461
5812 -90.5865074655 38.2843597029 43.4800830502432 0.000528955661842731 3.07429030662995
4786 -90.6118307991 38.7713076351 43.8245801674137 0.000520672297296758 2.49193761486228
3920 -90.4221175786 38.0884017892 43.9808089747462 0.000516979798743571 2.0265608110748
7235 -90.6658845821 38.4846124344 44.0630043173199 0.00051505284443415 3.72640732948108
3481 -89.6098289384 39.1520097272 44.1720679899151 0.000512512587240383 1.78405631618377
5156 -90.6135853759 38.7821176568 44.1848984483767 0.000512214982540465 2.64098044997864
4064 -90.1285552395 37.9400431584 44.2543363566631 0.000510608846900871 2.07511435380514
5016 -90.6107343631 38.7943055974 44.36287483681 0.000508113385906765 2.54869674370833
6537 -90.6758905361 38.5255891746 44.4241234541721 0.000506713255251358 3.31238454957813
3599 -89.0347307437 38.5130110656 44.4457599626832 0.000506220032180663 1.82188589581821
6622 -90.6500835639 38.7079890887 44.452913856034 0.000506057111354777 3.35111019139133
2250 -89.1428166268 38.8651585742 44.4556118528865 0.00050599568833052 1.13849029874367
5786 -90.6365082485 38.755526305 44.7034067555582 0.000500401678544056 2.89532411205591
5548 -90.668685469 38.4271131067 44.7683450582042 0.000498951025509009 2.76818028952398
2999 -89.0295137012 38.5982991537 44.8194382853878 0.000497814086345137 1.49294444494907
3424 -89.6445069945 39.1700893442 44.8578724392723 0.000496961399154622 1.70159583070543
4550 -90.6551282196 38.7323281407 45.1691982707432 0.000490134457857171 2.23011178325013
5724 -90.6416303623 38.778549743 45.5047091414663 0.000482933479966934 2.76431123933073
5809 -89.3915543973 39.0933047083 45.552185176284 0.000481927345197672 2.79951594825328
6363 -90.3329885795 39.0874063321 45.6389931139238 0.000480095782768271 3.05484946575451
4376 -90.6963638214 38.600323209 45.6667935523853 0.000479511427719084 2.09834200769871
3057 -89.7777412106 37.883081215 45.8216496562465 0.000476275848132809 1.455975267742
3103 -89.6475137829 39.1892028116 46.0982828558259 0.000470576790367048 1.46019978050895
3588 -90.5157327535 38.1213960106 46.1949786052099 0.000468608820975222 1.6813684496591
6581 -90.6806850747 38.7356368578 46.5563973275119 0.000461361412580885 3.03621945619481
5653 -90.6586373265 38.7950002465 46.7713398148981 0.000457130688986224 2.58415978483912
3818 -90.6687144208 38.7754484029 46.7999674709479 0.000456571604085343 1.74319038439784
6379 -90.6772058969 38.7586810233 46.853160964933 0.000455535479658302 2.90586082474031
4181 -88.9996222175 38.4255202251 47.0300371765277 0.000452115457915739 1.8902947295457
6342 -90.3031028517 37.9600512369 47.0788016651877 0.000451179335497802 2.86137934572706
1905 -90.6305634503 38.8586520623 47.2205532188694 0.000448474607428815 0.854344127151892
2609 -89.0197388429 38.7441074987 47.2380738881291 0.000448141989376106 1.16920245028226
5040 -89.4729027517 39.1631910767 47.6058916382704 0.000441243776095383 2.22386863152073
4746 -90.7020492085 38.3548060805 47.683572168375 0.000439807301032901 2.08732545070215
6052 -90.6890439352 38.7741515999 47.8028028589503 0.000437616085100531 2.64845254702841
5150 -90.2381639461 39.1666522484 47.8379695575814 0.000436972919993583 2.25041053796695
5259 -90.6757979503 38.8117876021 48.0652801316732 0.000432849623824303 2.27635617169201
2480 -90.6888257686 38.7863167843 48.0765536487475 0.000432646648979922 1.07296368947021
5722 -90.7124762047 38.7288016911 48.077877334162 0.000432622825957484 2.47546781012872
2651 -89.2653309445 38.023723147 48.1094041518407 0.000432056003224822 1.145380464549
1633 -90.507745393 39.0179907703 48.1577937845232 0.000431188167478552 0.704130277492475
3693 -90.6857323112 38.7963445681 48.1654878965745 0.000431050419674564 1.59186919985817
4753 -90.7124052 38.745428878 48.3897079291535 0.000427065017705969 2.02984002915647
4389 -89.0516388499 38.2365132543 48.4420756681914 0.000426142169512997 1.87033798199254
5856 -90.5792029091 38.1238794334 48.8126878376971 0.000419695734251667 2.45773821977776
3238 -88.9562307979 38.6188111504 48.894742085694 0.000418288265066204 1.35441740228437
1 -90.7404404334 38.6925933277 48.956045884448 0.000417241342096069 0.000417241342096069
7277 -90.7140578199 38.7688290097 48.9607603879915 0.000417160992401193 3.03568054170348
5648 -90.6844804702 38.8290201295 48.9628393600359 0.000417125567673364 2.35592520621916
4116 -90.6274990256 38.1717978064 49.1244875763334 0.000414384911465621 1.70560829559249
2089 -89.1081192923 38.9493504544 49.1494085016591 0.000413964795022184 0.864772456801342
3083 -90.7644582597 38.5050240347 49.276687880254 0.000411829053466136 1.2696689718361
4970 -90.7257957545 38.7558132153 49.2893349844636 0.000411617738919393 2.04574016242938
4495 -88.9492313389 38.643090535 49.4704924291398 0.000408608628500642 1.83669578511039
7439 -90.7200992821 38.7821990742 49.5673717023173 0.000407012940832939 3.02776926685623
4143 -89.2295349351 38.0189076503 49.6678446569922 0.000405367915522715 1.67943927401061
4603 -90.7184016899 38.7952526564 49.7865690813957 0.000403436885134766 1.85701998227533
3539 -89.4416862415 37.8969921721 49.9998036082011 0.000400003142287296 1.41561112055474
