"pop" "long" "lat" "miles" "weight" "fact"
4172 -80.4693377886 33.9793859609 0.381699641901516 6.86367158338481 28635.2378458814
5695 -80.4684502805 34.0172099965 2.99842068146161 0.111228190113916 633.444542698752
6736 -80.4091400206 33.923511505 4.90186763044658 0.041617581735152 280.336030567984
7845 -80.5283836563 33.9222349532 4.9268029540012 0.0411973815471919 323.19345823772
4248 -80.5675933399 33.9889200413 5.73661735058327 0.03038702868113 129.08409783744
3936 -80.3732292667 33.9484053887 5.78340544928319 0.0298973516966266 117.675976277922
4584 -80.3818003176 33.9312911757 5.81796801082807 0.0295431868993771 135.425968746745
4833 -80.4201665868 33.8935515494 6.22897339206636 0.0257731231276162 124.561504075769
3937 -80.3510189872 33.9530652647 6.93373011917903 0.0208001339943655 81.8901275358168
4061 -80.3509064636 33.9296370769 7.44764936980391 0.018028581423346 73.214069160208
5355 -80.3786682337 33.8911413915 7.73110825701178 0.0167307916413355 89.5933892393514
2073 -80.3526201702 33.9170859408 7.7598275059221 0.0166071789430159 34.4266819488719
2078 -80.3509106889 33.9057231217 8.26656426168553 0.0146335571389362 30.4085317347094
3679 -80.5348120554 34.086005419 8.61964666755765 0.0134592565813838 49.5166049629112
8538 -80.3234519202 34.0108684454 8.74443281108168 0.0130778607777707 111.658775320606
4604 -80.3135657029 33.9527617784 9.05008815364102 0.012209401652172 56.2120852065997
4004 -80.3407318994 33.8878143701 9.47819008730277 0.0111313841654191 44.5700621983382
4327 -80.2931368266 33.9262571547 10.6283107097564 0.00885261374654364 38.3052596812943
6373 -80.4197780705 33.8052192346 12.0068331326637 0.00693654247612374 44.2065852003366
5433 -80.6770949512 33.9143458822 12.6182236352508 0.00628063506507192 34.1226903085357
4001 -80.3792852564 34.1420533969 12.7249837162763 0.00617569059457265 24.7089380688852
5673 -80.3463094536 33.8099440766 13.3568391177841 0.00560521931777629 31.7984091897449
4188 -80.5314746912 33.7856585547 13.5007238853712 0.00548638006226527 22.9769597007669
4168 -80.2485953976 33.8681351366 14.6254436652791 0.0046750030796619 19.4854128360308
2987 -80.5318815277 34.1818718528 14.8291085293983 0.00454747073323132 13.5832950801619
1583 -80.2404246299 34.0738568131 14.8300944807537 0.00454686609299827 7.19768902521626
3029 -80.6854583158 34.1376997046 16.7920423315836 0.00354644279689415 10.7421752317924
2503 -80.3777801754 33.7232173712 18.1170867935603 0.00304665494546147 7.62577732849005
6224 -80.5947213218 34.2237478835 18.7197760121061 0.00285363684676121 17.7610357342418
4980 -80.7971141781 33.9580467905 18.841843147966 0.00281678196727417 14.0275741970254
5589 -80.2185988421 34.1536331463 18.9979483680075 0.0027706814300467 15.485338512531
2309 -80.6616535559 34.2184463743 20.1917101298305 0.00245275287903201 5.66340639768492
22 -80.8157367653 34.0437250898 20.4475734469116 0.00239175365511016 0.0526185804124235
0 -80.2264332471 34.197077014 20.7821206202787 0.00231536933786139 0
3162 -80.7951521223 34.1123397327 20.9930541798385 0.00226907445582803 7.17481342932822
1631 -80.1094840469 34.0395775084 21.124372505374 0.00224095102647064 3.65499112417361
2667 -80.7173690431 34.2076297582 21.5293009425316 0.00215744703682761 5.75391124721923
5265 -80.2710836785 33.7066650879 21.7084637972145 0.00212198259184259 11.1722383460512
5509 -80.5495854136 34.2814783343 21.7700335078213 0.00210999684060508 11.6239725948934
2624 -80.6988425864 34.2329509943 22.2289838592032 0.00202376825387058 5.31036789815641
7881 -80.7592940304 34.1890935714 22.3112758653151 0.00200886701550857 15.831880949223
4866 -80.3186487397 34.2731545537 22.4268699508828 0.00198821190832115 9.67463914589073
2264 -80.1577332227 33.7697510895 22.7915073452788 0.00192510269728015 4.35843250664225
7590 -80.8699353553 33.9530572046 23.0334991894962 0.00188486461006178 14.3061223903689
0 -80.08177861 33.8866242061 23.0425968841097 0.00188337653668889 0
6424 -80.8551134251 33.8558098866 23.6082050093272 0.00179421326968101 11.5260260444308
5677 -80.6179072048 34.2932750663 23.6773660618803 0.00178374686507032 10.1263309530042
2349 -80.0533482393 33.9571118759 23.8882618907402 0.0017523905265491 4.11636534686383
5767 -80.8557251431 34.1109654301 24.0971574508387 0.00172213966346617 9.93157943920938
5999 -80.8156924452 34.175079086 24.2438124478386 0.00170136764197981 10.2065044842369
4461 -80.9002103813 33.9675826977 24.7271140826412 0.00163550974038472 7.29600895185623
3606 -80.4197838561 33.6159474737 24.9213057736105 0.00161012062193927 5.806094962713
8358 -80.8776833773 34.0976273014 24.9290609080283 0.00160911899900081 13.4490165936488
10592 -80.8574449256 34.1489275594 25.3284478522389 0.00155877289945982 16.5105225510785
4639 -80.5343075244 34.3403121796 25.6202719084384 0.00152346517387399 7.06735494160146
1550 -80.1748525126 34.2561477452 25.7976287214825 0.00150258975630307 2.32901412226976
3544 -80.0730917788 34.1534538312 25.877802827531 0.00149329359045487 5.29223248457205
2133 -80.9212236574 33.9948850775 25.9653246446093 0.00148324361026869 3.16375862070312
6959 -80.9266441048 33.9666651781 26.2445840873537 0.00145184619494326 10.1033976706102
5089 -80.9068461208 34.0855717177 26.2495417017717 0.00145129784145084 7.38565471514333
3440 -80.6457969622 33.6202556581 26.4824717935384 0.00142587995326538 4.90502703923289
3433 -80.8944013656 34.1318126765 26.703763908729 0.00140234554963313 4.81425227189053
4074 -80.2281420781 33.6422256273 26.8014160321073 0.00139214515250724 5.6715993513145
5154 -80.9267852993 34.05530767 26.832290710995 0.00138894324132572 7.15861346579274
3800 -80.9380307928 33.9556785298 26.9242304098704 0.00137947363043117 5.24199979563845
4905 -80.9041319786 34.123415101 26.9867594504723 0.00137308848198586 6.73499900414064
10945 -80.937947942 34.0175777267 27.0497790700791 0.00136669798877219 14.9585094871116
4582 -80.7537738975 34.2884688676 27.1846347047928 0.00135317198202001 6.20023402161567
3281 -80.041422876 33.8023417692 27.2818000918217 0.00134355037785628 4.40818878974644
3501 -80.9184360352 34.1096028057 27.4058356395866 0.0013314164006451 4.66128881865851
8302 -80.8981316942 34.1493090442 27.4106027524645 0.00133095333455301 11.0495745834591
11475 -80.8837652808 34.1725652616 27.4413796458675 0.00132796954593795 15.238450539638
6122 -80.8024414165 33.6863415149 27.6071172844824 0.0013120726399049 8.03250870149777
5380 -80.9522621131 33.9850948361 27.7173647817126 0.0013016557013984 7.0029076735234
5211 -80.9403606838 34.0647207482 27.732600508982 0.001300225887869 6.77547710168536
3550 -80.9546275033 33.9371256302 27.965752599881 0.00127863614575798 4.53915831744081
4919 -80.9406366083 34.0797566991 27.9995932159293 0.00127554726612022 6.27441700204536
5881 -80.9529572538 34.0381468944 28.0918083665969 0.00126718669906902 7.45232497722489
3905 -80.9643180358 34.0067199603 28.4851986215564 0.00123242782757464 4.81263066667897
5946 -80.9678117524 33.970448423 28.6018684871573 0.00122239394269404 7.26835438325874
3386 -80.9685839525 34.0472056105 29.0781824409992 0.00118267518880032 4.00453818927789
3527 -79.9750413551 33.8742989436 29.1906105505102 0.00117358254750836 4.139225645062
1895 -80.9762888744 34.0149913367 29.2183661200866 0.0011713539505653 2.21971573632124
8292 -80.9537628152 34.1087862534 29.2984807271642 0.00116495674113498 9.65982129749129
1697 -80.9805034801 33.9785972386 29.3293812286557 0.00116250331164075 1.97276811985434
2127 -80.9689229757 34.0666202433 29.3580606707999 0.00116023315747768 2.46781592595502
3534 -80.9791760581 34.0274249912 29.4767388177009 0.00115090938987358 4.06731378381322
2445 -80.9672130031 34.0827480422 29.5244478138469 0.00114719285176441 2.80488652256399
17155 -80.9304972224 34.1684924658 29.6607679610097 0.00113667214463615 19.4996106412332
2187 -80.98687928 34.0020345197 29.7530596689152 0.00112963134207996 2.47050374512888
4058 -80.9881747832 33.9782333664 29.7692021557007 0.00112840657865538 4.57907389618352
3521 -80.9880925453 34.0381987821 30.0833880270158 0.00110495987904124 3.89056373410422
3694 -80.9938588904 33.9934984984 30.1216494682817 0.00110215455414954 4.07135892302841
1820 -80.9939665739 34.0124409786 30.2119011798897 0.00109557947901522 1.9939546518077
2405 -80.9889037522 34.054936357 30.3191351363457 0.00108784340331838 2.61626338498069
3857 -80.9024005019 34.2277261514 30.3963196496243 0.00108232575775935 4.1745304476778
1278 -81.0007646828 34.0062232639 30.5668937400934 0.00107027993982838 1.36781776310067
555 -80.985307703 34.0867606194 30.5975893636322 0.00106813359877918 0.592814147322443
2957 -81.0027850391 33.9799307261 30.608330132542 0.00106738409279967 3.15625476240863
2978 -79.9441706407 34.0564210391 30.6428699731215 0.00106497919413839 3.17150804014412
4043 -81.0031811475 34.0228463508 30.8073028912314 0.00105364095430233 4.2598703782443
3450 -80.9965986238 34.0652998887 30.8897912299233 0.00104802116590337 3.61567302236664
5817 -80.1780881243 34.35044319 30.9235651201501 0.00104573317468835 6.08302987716212
5137 -81.0072439964 33.9456421267 30.9291475872838 0.00104535571557952 5.369992310932
2683 -81.0085336806 33.9963929502 30.9714357121858 0.00104250302549786 2.79703561741075
1551 -81.0051863745 34.0427011616 31.0985074262413 0.0010340008812575 1.60373536683038
2498 -80.3785966392 34.4177874992 31.1422445793923 0.00103109855367481 2.57568418707967
2610 -81.0131749463 34.0080110138 31.2855675065778 0.00102167302135384 2.66656658573353
4525 -80.0084548774 34.2181806765 31.3416919065711 0.00101801722353348 4.60652793648898
2982 -81.0174777765 33.9898303269 31.4658189160796 0.0010100012749649 3.01182380194533
2372 -81.0156440565 34.0295289728 31.5696023435908 0.00100337153693247 2.37999728560382
3029 -80.0972518658 33.6354618643 31.7039199139033 0.000994887731677371 3.01351493925076
2884 -81.0164065491 34.0428494009 31.7359692143499 0.00099287932566485 2.86346397521743
2852 -81.0216067745 34.0011744786 31.7374197388315 0.000992788570784982 2.83143300387877
3535 -81.0204772859 34.0186657457 31.7646358328593 0.000991088047481338 3.50349624784653
3656 -81.0053342644 34.0952667443 31.8575016370111 0.000985318352030171 3.6023238950223
2467 -81.0201532589 34.0497163645 32.0215136497479 0.000975250734027757 2.40594356084648
5613 -80.9551143178 33.7436187184 32.1343719196067 0.00096841245927153 5.4356991338911
1213 -81.0307993278 34.0078827264 32.2929644481007 0.000958923961952218 1.16317476584804
6455 -81.0343497376 33.9821418778 32.4207229708201 0.000951381297135429 6.14116627300919
4862 -81.0262407782 34.0599102153 32.485772346197 0.000947575027881885 4.60710978556172
2194 -81.0313411073 34.03252394 32.4878884579404 0.000947451590537356 2.07870878963896
6219 -80.981962662 34.1789645892 32.6229380502391 0.00093962347238335 5.84351837475205
3232 -81.0380469985 33.9948011119 32.6574399023745 0.000937639138928975 3.03044969701845
2935 -80.3293099178 33.5149702103 32.7480492151755 0.000932457681993199 2.73676329665004
3695 -79.9134992512 34.0913333408 32.8780008081389 0.000925101097957906 3.41824855695446
1736 -81.0404621234 34.0178706642 32.9005002790215 0.000923836243747831 1.60377971914623
2762 -81.0425002333 33.9526894318 32.9215074841737 0.000922657620585531 2.54838034805724
1494 -81.0377496575 34.0407422323 32.9260210782412 0.000922404676780887 1.37807258711064
1236 -81.0479091397 34.0042315491 33.2555415935975 0.000904215505115654 1.11761036432295
2974 -80.0417793833 34.3051272362 33.5263252207972 0.000889668251871137 2.64587338106476
3181 -81.0460256742 33.8942664171 33.5573523532366 0.000888023837668034 2.82480382762202
1876 -81.051055965 34.0350016441 33.6305178753663 0.000884164125982872 1.65869190034387
2332 -81.0533935375 34.0219001072 33.6645782876391 0.000882375910497467 2.05770062328009
2350 -81.0569672511 33.9785825375 33.7153379038468 0.000879721015152915 2.06734438560935
3018 -81.0446856628 34.084353255 33.8624143790939 0.000872095730113087 2.6319849134813
2876 -81.0564712024 34.0474174782 34.0538474109662 0.000862318351337551 2.4800275784468
4202 -81.0632267973 33.9894836798 34.0877611224277 0.000860603374041021 3.61625537772037
3879 -79.8765922694 33.9333209774 34.1209142064132 0.00085893180131682 3.33179645730795
3337 -80.2186525388 33.524643882 34.25416179481 0.000852262364344661 2.84399950981813
643 -81.0639887788 34.0298677299 34.3255135016022 0.00084872288798873 0.545728816976753
5171 -80.81167901 33.5670627121 34.3450740536134 0.000847756416893374 4.38374843175564
1150 -80.1624171349 33.5471544907 34.3891402236742 0.000845585182407017 0.972422959768069
2782 -81.0685421404 33.9433384058 34.4496482623728 0.000842617386207304 2.34416156842872
1514 -81.0034450413 33.7471024671 34.4620821186238 0.000842009466269069 1.27480233193137
1852 -81.0695419776 33.9252386072 34.6097473446779 0.000834839793906161 1.54612329831421
2819 -80.0757102035 34.3541169214 34.6293774021885 0.000833893585250594 2.35074601682142
3468 -81.0740548434 34.0033856422 34.7489342639881 0.000828165283491532 2.87207720314863
3370 -79.9034020275 34.1564161063 34.7965386643403 0.000825900843093343 2.78328584122457
2294 -81.0784438458 33.9631072732 34.9568314535982 0.00081834395536946 1.87728103361754
1989 -81.0760167537 34.0290374753 35.0048088426263 0.000816102257644885 1.62322739045568
2578 -80.0872191362 34.369416129 35.0236914583893 0.000815222510787106 2.10164363280916
1989 -81.0704389447 34.0689116573 35.0896018237231 0.00081216284937858 1.615391907414
2266 -80.7129456839 34.4421279047 35.2638595131964 0.000804156014819694 1.82221752958143
3159 -81.080418389 34.0382447594 35.3284600768894 0.00080121779245669 2.53104700637068
3621 -81.0645683171 33.8435260787 35.3461494741643 0.000800416035348327 2.89830646399629
3875 -81.0847742046 34.022308532 35.4584443118284 0.000795354320768307 3.08199799297719
4094 -81.089439436 33.9745820592 35.577337004852 0.000790047357333228 3.23445388092223
4143 -81.0930749981 33.991943696 35.804038399056 0.000780074302677018 3.23184783599089
3878 -80.5658929359 33.4617634485 35.8578340484982 0.000777735448355296 3.01605806872184
4284 -81.0893315995 34.0498306365 35.9415380190884 0.000774117142419286 3.31631783812422
2151 -81.0999694665 34.0098533319 36.2593860503365 0.000760604879908547 1.63606109668328
6156 -80.9202263441 34.3459975638 36.455024766262 0.000752463095365954 4.63216281507281
3703 -81.095963658 33.8876331665 36.4611976056426 0.000752208334636745 2.78542746315987
3254 -80.835611886 33.5426372553 36.5204663647643 0.000749768810568028 2.43974770958836
3145 -80.7434695082 33.4943680854 36.7288944841008 0.000741283420592194 2.33133635776245
6166 -81.1002860418 34.0709658852 36.7971469018854 0.000738536062820945 4.55381336335395
1971 -79.8366446088 34.0646636114 36.8092973435371 0.000738048574118834 1.45469373958822
3174 -81.1063066851 34.0430273081 36.8420799299069 0.000736735707060921 2.33839913421136
2806 -80.4735293751 34.5066763334 36.8569082926053 0.000736143015639952 2.06561730188571
5455 -79.8766267558 34.189381592 37.0808702432516 0.000727277520429944 3.96729887394534
4232 -81.1160101573 33.9631357465 37.1114404588346 0.00072607983727974 3.07276987136786
1604 -81.1092449182 34.0608745247 37.18507046182 0.000723207268761589 1.16002445909359
6125 -80.471298662 33.435384363 37.2489299707188 0.000720729663501395 4.41446918894604
5505 -81.078431258 34.1648872178 37.3238106520728 0.00071784064493083 3.95171275034422
5166 -79.8900537024 33.7209805056 37.5924690324888 0.000707617066376673 3.65554976490189
5542 -80.0726826302 34.4077720234 37.626109993857 0.00070635229164548 3.91460440029925
5939 -79.8404065674 34.1317804526 37.6585736098017 0.000705134992975816 4.18779672328337
3781 -81.1190166615 34.0562211932 37.6890729166405 0.000703994215286323 2.66180212799759
4889 -80.0190196572 34.3732053193 37.7749541699834 0.000700796796299681 3.42619553710914
0 -81.1269387023 33.9433905395 37.7941918749871 0.000700083549624174 0
2465 -79.9872466063 33.6010572349 37.8536366209072 0.00069788647607114 1.72029016351536
4684 -81.1268707622 34.0349092042 37.9467832870026 0.000694464525160724 3.25287183585283
6510 -81.1320094447 33.9889165178 38.0303487605674 0.00069141593373249 4.50111772859851
3585 -81.1306006757 34.0150409371 38.0362380816561 0.000691201840257203 2.47795859732207
6108 -80.8618845218 33.5307910997 38.0700125817809 0.000689975959854777 4.21437316279298
8076 -80.9146787353 33.5646466084 38.1753046608651 0.000686175135388081 5.54155039339415
2818 -81.0804253157 33.756284969 38.1955552386585 0.000685447733504869 1.93159171301672
2571 -81.1293721402 33.8932207085 38.2946431134893 0.000681905113318593 1.7531780463421
3430 -81.1315024908 34.0486993644 38.3248271325062 0.000680831421241146 2.33525177485713
7095 -79.9251855949 34.3024104631 38.5585727873408 0.000672601914287066 4.77211058186673
2778 -80.2484548762 34.5028347088 38.7074504872373 0.000667437903078809 1.85414249475293
5498 -81.1246839143 33.8384735294 38.7771585739206 0.000665040409185647 3.65639216970269
4045 -81.1423783856 33.9150877105 38.8410278810947 0.000662855052645031 2.68124868794915
7785 -79.8313913305 34.1678906466 38.9347577675615 0.000659667435789074 5.13551098761794
2859 -81.1434817643 34.0570582358 39.0845776742855 0.00065461982374718 1.87155807609319
5836 -80.068367697 34.4320783624 39.1228032168644 0.000653341235750562 3.81289945184028
2843 -80.8439394154 33.4986886586 39.3065226092699 0.000647248051600525 1.84012621070029
4133 -81.1553967005 33.9602278951 39.3755303806983 0.00064498136433993 2.66570797881693
7126 -81.1449998425 34.0797857435 39.4272069227432 0.000643291741036363 4.58409694662512
4532 -79.9014706498 34.2986625219 39.5161229774334 0.000640400029652214 2.90229293438384
3992 -81.159728656 33.9828395984 39.6123387558949 0.000637292828311247 2.5440729706185
8948 -81.1406624219 34.11349246 39.6776119383159 0.000635197746843167 5.68374943875266
5711 -79.7884397933 33.8670729977 39.770793019158 0.000632224757355639 3.61063558925806
2495 -81.1555135076 34.0661612473 39.8609516800224 0.000629368023015326 1.57027321742324
3590 -80.868819486 33.5011281379 39.970840824467 0.000625912221600287 2.24702487554503
2479 -79.8244395747 34.1988979824 40.085707701892 0.000622330218159404 1.54275661081716
3875 -79.7823627745 34.0897125547 40.1830161050267 0.000619319760452445 2.39986407175322
2409 -79.8008073046 33.8017246734 40.1881108668718 0.00061916274452833 1.49156305156875
1369 -81.1706973038 33.9933041815 40.2566354538173 0.000617056668815962 0.844750579609052
3779 -79.8015595258 34.1682364816 40.5514591864873 0.000608116836253738 2.29807352420287
3105 -81.1705596586 34.0525190661 40.5786287521141 0.000607302775279932 1.88567511724419
2654 -79.8263952166 34.2251852191 40.7196937146876 0.000603102313835162 1.60063354091852
3151 -80.8596712632 33.4824817174 40.7416804696814 0.000602451546138558 1.8983248218826
4431 -81.1799500454 33.962502688 40.7798632684858 0.000601323905427113 2.66446622494754
2866 -81.1483515534 33.8007302484 40.7941834724197 0.000600901807528543 1.7221845803768
2709 -81.1704556147 34.0793450537 40.8566861318532 0.000599064691675486 1.62286624974889
4249 -79.8520336859 34.2785286627 41.148744629405 0.000590590993244869 2.50942113029745
1832 -79.8702131276 34.3032969731 41.1767439959285 0.000589788086072197 1.08049177368426
4055 -81.0525049098 33.6280377988 41.1861612203389 0.000589518406567438 2.39049713863096
4875 -81.185506819 34.0249422532 41.2276276211392 0.000588333137632783 2.86812404595982
4676 -79.7960821462 34.1907580829 41.3818343455885 0.000583956536779192 2.7305807659795
3295 -79.790574826 34.1797366004 41.4100823463045 0.000583160113421697 1.92151257372449
7856 -79.7806636405 34.156781622 41.4366850539922 0.000582411566183044 4.57542526393399
2859 -81.1829489843 34.0726556385 41.4844630029657 0.000581070803684049 1.6612814277327
4006 -79.7453689793 33.9788622833 41.525128924562 0.000579933265526733 2.32321266170009
7514 -81.1954317375 33.9455055552 41.7107737022125 0.000574782462293372 4.3189154216724
5021 -80.2994612455 33.387194853 41.7423325737489 0.000573913673814975 2.88162055622499
3148 -81.1915569176 33.8923518022 41.8369648477012 0.000571320305359756 1.79851632127251
5857 -81.1762553502 34.1265233591 41.8744443363247 0.000570298048920361 3.34023567252655
3490 -81.1382322282 33.7281887482 42.0215371236658 0.000566312477891267 1.97643054784052
3318 -81.1838930819 33.8347362679 42.1429031833152 0.000563055362672816 1.8682176933484
3012 -79.8764471217 34.339695735 42.3292078123091 0.000558109889949889 1.68102698852907
3608 -79.7859762143 34.2077487942 42.3531483503207 0.000557479113952881 2.011384643142
3306 -81.2002749171 34.065057943 42.3849838253828 0.000556641980341445 1.84025838700882
5261 -81.2061694913 33.9241580017 42.4255593257321 0.000555577752707462 2.92289455699396
4901 -81.2108202976 33.977660296 42.5402778995451 0.000552585334546801 2.70822072461387
3821 -80.9181911415 33.4834042117 42.6393550820647 0.000550020333702861 2.10162769507863
7004 -81.1970793929 34.1046077237 42.6889768294695 0.000548742387526008 3.84339168223216
3074 -81.2005495505 34.0905052341 42.6917450886863 0.000548671225669376 1.68661534770766
1704 -79.769578553 34.1911354512 42.8095655124366 0.000545655277338982 0.929796592585626
6273 -81.0494364257 34.3646422669 42.8171819865226 0.000545461168364613 3.42167790915122
3767 -81.2150811248 34.0104152068 42.8502789466459 0.000544618880519705 2.05157932291773
8474 -80.5623717797 34.5887474596 42.8649990389739 0.000544244894103305 4.61193123263141
4998 -80.7933345025 33.4159061952 42.8667642731075 0.000544200071504754 2.71991195738076
4525 -79.7529406423 34.1546721818 42.909889272482 0.000543106764810088 2.45755811076565
3982 -81.2174026563 33.9906203048 42.9294253915625 0.000542612568388185 2.16068324732175
1162 -79.8774390064 33.5880252246 43.2445446721539 0.000534733438328697 0.621360255337946
2099 -81.2198153184 34.0654989839 43.4974763177872 0.000528532721080378 1.10939018154771
3019 -79.7527224627 34.1875990551 43.6324291817484 0.000525268328042414 1.58578508236005
6084 -79.7280768174 34.1285130576 43.8043808808821 0.000521152597832165 3.17069240521089
3394 -79.715965113 33.8401161613 44.2242236123581 0.000511304441630391 1.73536727489355
4078 -79.7472460827 34.2077340286 44.4112953548675 0.000507006023416961 2.06757056349437
5483 -80.7488680364 34.5740052733 44.4842028522426 0.000505345467696521 2.77080919938003
3992 -81.2447763748 34.0046990422 44.5313206877108 0.000504276638506627 2.01307234091846
3314 -81.2474961887 33.9687179398 44.6470869225362 0.000501664932936721 1.66251758775229
5848 -81.2414837236 33.8812951806 44.7836898324138 0.000498609160907264 2.91586637298568
4460 -79.753526922 33.7141182497 44.8737271839649 0.000496610289288568 2.21488189022701
3332 -80.0463398392 33.4279708841 44.9247624400717 0.00049548261555289 1.65094807502223
4 -79.7259500951 34.1865738125 45.0555730423714 0.000492609706091932 0.00197043882436773
3621 -80.6579428517 33.340477557 45.1407656560848 0.000490752089960222 1.77701331774597
4315 -79.7388267041 34.22974455 45.4270319342369 0.000484586460349186 2.09099057640674
6655 -80.9288308277 33.4388645011 45.486439364563 0.000483321501494767 3.21650459244768
5097 -80.3899354142 33.3181537035 45.5873086486454 0.000481185013988993 2.4526000163019
3439 -81.2617299151 34.0417378645 45.6845332717348 0.000479139102733462 1.64775937430037
3653 -81.2559525683 34.081576079 45.7120453639087 0.000478562530314465 1.74818892323874
5275 -81.1751273497 34.2871645265 45.8615466014346 0.000475447542613055 2.50798578728386
5221 -79.6734542075 34.0517138657 45.9459918181491 0.000473701476262476 2.47319540756639
3184 -81.2146269196 33.72621517 46.1204804632882 0.000470123925824604 1.49687457982554
3463 -81.2733890836 33.9775645568 46.1293520973185 0.000469943113991508 1.62741300375259
4008 -81.2582641772 33.8409116994 46.2215931391761 0.000468069323572202 1.87602184887739
3816 -79.672297832 33.8755779819 46.2455334599581 0.000467584830111607 1.78430371170589
4274 -81.2777664611 34.0083385683 46.4326096508007 0.000463824637696565 1.98238650151512
4352 -81.0866853569 33.5397031593 46.5067873236212 0.000462346230087317 2.01213079334
5393 -80.0737285694 34.5628895 46.5973076294015 0.000460551659821161 2.48375510141552
7923 -81.2613319388 34.1308345784 46.6764181204466 0.000458991831815036 3.63659228347053
8536 -81.2792493968 33.9056192983 46.7235756588544 0.000458065789591063 3.91004957994932
5821 -79.7682067715 34.3229921103 46.837985183934 0.000455830719796958 2.65339061993809
4196 -80.3360039612 34.6444437664 47.0064911358992 0.000452568510033081 1.89897746809881
3173 -80.1674145503 33.3379193894 47.2990586789294 0.00044698711537066 1.4182901170711
8372 -81.2558604534 34.1842109094 47.3586881418232 0.000445862218426035 3.73275849266276
3775 -81.2974507581 33.9416474936 47.571172150128 0.000441888088516903 1.66812753415131
3798 -79.733361541 33.6379565851 48.2590476622161 0.000429380685797748 1.63078784465985
3616 -79.8405170529 34.4415107314 48.3740268246828 0.000427341940552222 1.54526845703683
2566 -81.3125929778 33.9674812346 48.3823910307001 0.000427194198078538 1.09618031226953
2242 -80.9034558587 34.5744736401 48.3951357985424 0.00042696922613084 0.957265004985343
3714 -81.3127398734 33.997200503 48.4072555330556 0.000426755452149772 1.58496974928425
6018 -79.6571933525 34.1727627468 48.5199407329794 0.000424775516456912 2.5562990580377
2937 -79.8320557676 33.4953499905 49.388317614457 0.000409969487659101 1.20408038525478
1471 -81.3313402653 34.0286627911 49.5831232496155 0.00040675438248352 0.598335696633258
4968 -81.3226542622 34.0998099878 49.6890705045879 0.000405021664737639 2.01214763041659
