"pop" "long" "lat" "miles" "weight" "fact"
2325 -77.9626237128 35.3479729416 0.54834328579167 3.32579089330495 7732.46382693401
6685 -77.9791074338 35.36764698 2.14830251669092 0.216675159820613 1448.4734434008
4448 -77.9289447715 35.3187394709 2.35893153062859 0.179708793775765 799.344714714601
2587 -78.0005063766 35.3534376707 2.38481774919262 0.175828636944823 454.868683776258
3334 -77.9440337223 35.3790352891 2.86875233852989 0.121510521894008 405.116079994623
4460 -77.9677360014 35.3882396852 3.34859554748616 0.0891814664016982 397.749340151574
1093 -78.0130799839 35.3714772762 3.62894953780145 0.0759343258563839 82.9962181610277
4916 -78.0148800827 35.3063123505 3.81138369619226 0.0688390163879541 338.412604563182
6122 -77.9243657563 35.3943587112 4.29933487793849 0.0541000233039736 331.200342666926
2822 -78.0002283223 35.3938031048 4.30888180035789 0.0538605567447866 151.994491133788
3641 -77.9775331573 35.4118340919 5.04375983076939 0.0393089282385228 143.123807716461
5253 -77.8678314397 35.2967401988 6.07984020740672 0.0270530147762645 142.109486619718
6162 -77.8602573946 35.3854017762 6.51616426660403 0.0235513578901003 145.123467318798
5024 -78.0820444001 35.3409182084 6.80033548519923 0.0216241638231886 108.639799047699
3329 -78.0382933262 35.4173060486 6.87517117355431 0.0211559712987312 70.4282284534763
8980 -77.9453092461 35.2309249032 7.6070838835575 0.0172807898763163 155.18149308932
6326 -77.881685111 35.4397768094 8.23524772600985 0.0147450640845769 93.2772753990337
5665 -78.0805392788 35.2566423671 8.85806507941544 0.0127444843002731 72.197503561047
6586 -78.0105005523 35.4620078473 8.87353750792722 0.0127000789641595 83.6427200579542
7820 -78.1013517225 35.4070970747 9.14736296910212 0.0119511081187248 93.4576654884276
5198 -77.9318812484 35.48088206 9.88107135391556 0.0102421687989492 53.2387934169381
5820 -77.7823951344 35.2962854652 10.5553046688914 0.00897549590995557 52.2373861959414
2599 -78.0467999847 35.1987139301 10.9011850350921 0.00841497010203371 21.8705072951856
2521 -78.106557568 35.196213174 12.8897402521451 0.00601882433893722 15.1734561584607
4704 -77.7768177409 35.4670345898 13.6223144328891 0.0053888761054795 25.3492732001756
7215 -78.0415932456 35.5269879128 13.6928061533488 0.00533353414862589 38.4814488823358
4230 -78.1951307028 35.2798431153 13.8291756561776 0.00522886481610029 22.1180981721042
6351 -78.1842692356 35.4421752222 14.4091679193663 0.00481639608818627 30.588931556071
4012 -77.706964905 35.3234442863 14.4120462590431 0.00481447244190517 19.3156634369236
3282 -77.8918000561 35.5409688954 14.4400928260706 0.0047957885880225 15.7397781458898
10062 -77.905826568 35.1148554225 15.8954158774046 0.00395782156029254 39.8236005396635
4483 -77.6823764099 35.257201716 16.7707134930291 0.00355546919949455 15.9391684213341
4341 -78.0884980271 35.1023432202 17.9430686148871 0.00310603656626458 13.4833047341546
7380 -77.6529982736 35.4139049285 18.1352018238831 0.00304057145294499 22.439417322734
4407 -78.2325405736 35.5132364513 19.4110813849935 0.00265399768109749 11.6961677805966
5134 -77.6483650749 35.2131359287 19.7455007681738 0.00256486018048695 13.16799216662
6682 -77.7240848491 35.1255796064 20.0046060553764 0.00249884888382902 16.6973082417455
6942 -78.1575162064 35.5822630473 20.0634513841845 0.00248421232485553 17.2454019591471
5049 -77.6097528316 35.2954084239 20.0945114520081 0.00247653857069995 12.504043243464
1753 -77.8430280696 35.6194740663 20.4458847873573 0.00239214874923216 4.19343675740398
3716 -77.9322006214 35.6353562312 20.4908410882845 0.00238166365626717 8.85026214668879
3192 -78.2989359293 35.4567157588 20.6645316766302 0.00234179495203906 7.47500948690866
3413 -77.5930914037 35.3425777905 20.79038093976 0.00231352984381398 7.89607735693711
2362 -77.5989986037 35.2666718324 21.0867595908222 0.00224895262319857 5.31202609599502
4283 -78.0101645136 35.6433652824 21.1561993866772 0.00223421363161977 9.56913698422748
3574 -77.5924247452 35.2798634002 21.2478735668957 0.00221497614377831 7.91632473786367
4018 -77.6915706925 35.5568695434 21.3605360558805 0.00219167273657058 8.80614105554058
3901 -78.2517814866 35.5613047804 22.3973807824159 0.00199345085247267 7.77645177549589
3790 -77.5698535916 35.2833562891 22.4546605891072 0.0019832935987578 7.51668273929207
5991 -78.360440079 35.3362730963 22.5112278169318 0.00197333870296637 11.8222721694715
1007 -77.5730761204 35.2629843218 22.569232576219 0.00196320845627541 1.97695091546934
3108 -78.0977331737 35.6476902205 22.6177854192322 0.00195478879530653 6.0754835758127
2008 -77.5718524367 35.2505306369 22.8563267219423 0.00191419919402709 3.8437119816064
7110 -78.2415027834 35.0899184066 23.4484239735229 0.00181874864990825 12.9313029008477
3408 -78.3144357644 35.5200367051 23.4645245455203 0.0018162535772248 6.18979219118211
3672 -77.8872828202 35.6807918941 23.9350359183685 0.00174554814924567 6.4096528040301
2545 -77.5426297209 35.2670122375 24.1824028064554 0.00171001963890153 4.35199998100438
5260 -77.5649256313 35.4758775811 24.2530162730529 0.00170007657624382 8.94240279104248
5783 -78.0925173587 35.0018188311 24.5439400450271 0.00166001280157011 9.59985403147994
3471 -78.3612494079 35.4997656022 25.0938679801973 0.00158805223134022 5.51212929498191
1665 -77.752211103 35.6610582636 25.1372767971874 0.00158257224654078 2.6349827904904
4727 -77.5525061732 35.1959266137 25.1613612040007 0.0015795440262839 7.46650461224399
5538 -78.2964591611 35.5826461985 25.2506548213558 0.00156839233013154 8.68575672426844
5115 -78.4087898294 35.4001410357 25.567611862234 0.00152974721264328 7.82465699267039
2366 -77.9257214697 35.7138554198 25.9326652994654 0.00148698192779086 3.51819924115318
1862 -77.9067419239 35.7135012646 26.0132029300978 0.00147778870276153 2.75164256454196
8028 -77.9496046735 35.7175033764 26.1151594721365 0.00146627231823862 11.7712341708197
4889 -77.4969078819 35.3508678569 26.2261635267379 0.00145388638758418 7.10805054889905
1301 -77.9161553652 35.7189557642 26.3311922950357 0.00144231111569246 1.87644676151589
6635 -78.3962896774 35.1897757862 26.6657053826766 0.00140635139090322 9.33114147864287
5962 -77.9420879373 34.9522046493 26.854267942881 0.00138667078042342 8.26733119288446
5518 -77.7706154308 34.9805327431 27.1144826398788 0.00136018304036701 7.50549001674518
3730 -77.9148417102 35.7306263255 27.1418320482506 0.0013574432504358 5.06326332412555
6120 -77.5857710356 35.5878286995 27.2368862879804 0.00134798507801065 8.2496686774252
5755 -77.8733306697 35.7340508584 27.6997322138813 0.00130331339521979 7.50056858948989
5495 -78.0670376193 35.7327256096 27.8012212333533 0.00129381521048907 7.10951458163746
3574 -77.9367677177 35.7417202761 27.8166359514608 0.00129238166037799 4.61897205419093
3851 -78.4260219147 35.4798938937 27.9154768362051 0.00128324593961302 4.94178011344973
6104 -78.2806703914 35.0239129271 28.3533603002473 0.00124391563496391 7.59286103581972
10844 -78.3659314156 35.5844596986 28.3699765334263 0.00124245894434798 13.4732247925095
5151 -77.9476702115 35.7540996997 28.6486407657496 0.00121840579688711 6.27600825976552
4021 -77.7944949743 35.7322781964 28.7117389461359 0.00121305643700638 4.87769993320264
7282 -77.9137752729 35.7618620711 29.2985048553404 0.00116495482238384 8.4832010165991
6385 -78.4153635853 35.5531538197 29.5171000463597 0.00114776407017604 7.328473588074
7843 -77.48304973 35.5297839144 29.9902932634096 0.00111183047775262 8.72008643701382
6342 -78.23592812 35.7186662144 30.4033477551356 0.00108182542993403 6.86093687664163
6479 -78.2985562782 35.6862813429 30.5540537855161 0.00107117967204934 6.94017309520768
5094 -78.3491264383 35.0318250516 30.5756179518506 0.00106966925606555 5.44889519039791
4801 -77.437577522 35.4642538409 30.7654706965383 0.00105650819981877 5.07229586732992
3489 -77.5101927011 35.0879020383 30.9023551065172 0.00104716915757749 3.65357319078785
8885 -77.963177593 35.7888956958 31.0451085693834 0.00103756098802892 9.21872937863697
2889 -77.582571069 35.6747210772 31.482536373629 0.00100892892359515 2.9147956602664
3315 -77.3937445264 35.3676762861 32.0897927974351 0.00097110496427808 3.21921295658183
6695 -78.5289174719 35.3849028975 32.1566206455591 0.000967072860189847 6.47455279897102
6838 -78.5107216809 35.4848388205 32.5399157855768 0.000944424295222867 6.45797333073397
4304 -78.1158339199 35.7956819158 32.6884690069972 0.000935859900241825 4.02794101064082
3220 -78.1009910357 34.8786677196 32.8796258384429 0.000925009656517776 2.97853109398724
3883 -77.4215707504 35.5277569011 33.0858147391491 0.00091351636691839 3.54718405274411
2591 -77.3836050692 35.4323983536 33.2115087094299 0.000906614770448279 2.34903887023149
5587 -77.8346402481 35.8116339931 33.3899923844812 0.00089694819449866 5.01124956266401
4608 -77.7581177652 34.8867554328 33.4047020853573 0.00089615842935321 4.12949804245959
14249 -78.3818241891 35.6832036284 33.5162816112609 0.000890201534140414 12.6844816599668
3753 -77.4856059209 35.6331511123 33.6081817797828 0.000885339752626729 3.32268009160811
2897 -77.6240099274 35.7423689066 33.693190288641 0.000880877932975367 2.55190337182964
7563 -78.4378176876 35.6383600514 33.8420734121956 0.000873144401174459 6.60359110608244
6969 -78.3100431553 34.9412546191 33.908611603473 0.000869721055617002 6.06108603659489
3262 -78.5673518915 35.3266882096 34.1999245780826 0.000854967691471766 2.7889046095809
9570 -77.4170766329 35.56144224 34.2882233366082 0.000850569949363941 8.13995441541292
5177 -77.3946127244 35.5204250807 34.3022058690741 0.000849876658792871 4.39981146257069
7433 -78.4849762264 35.5963614137 34.4072465517947 0.000844695462022613 6.27862136921408
6549 -78.5619734469 35.2280771865 34.7786750779789 0.000826749486118556 5.41438238459042
3313 -77.6736105659 35.7872061575 34.9146340223235 0.000820323233187096 2.71773087154885
12699 -78.5189956832 35.5618722715 34.9585618132129 0.000818262945498751 10.3911211448886
5933 -78.4555107742 35.0253394286 35.4120579297031 0.000797439360449272 4.73120772554553
5219 -77.4071747175 35.5822430596 35.4416300419578 0.000796109166099465 4.15489373787311
6686 -77.4147643077 35.6049298247 35.8377891262701 0.000778605703289282 5.20575773219214
7689 -77.3660678957 35.5253871045 35.9257758943587 0.000774796565889069 5.95741079512105
4907 -78.6047523327 35.3432513483 36.2948413405167 0.000759119583712249 3.724999797276
5886 -77.3829546511 35.5710109442 36.3034238371873 0.000758760699040302 4.46606547455122
4961 -78.020994476 35.8637660236 36.3780536026974 0.000755650689403025 3.74878307012841
6939 -78.1818687025 35.8369999875 36.5389097973605 0.000749012092833526 5.19739491217184
9234 -77.57917058 34.912343874 36.6533646280834 0.000744341623710405 6.87325055334188
3933 -77.9100360283 34.8107012998 36.735850382622 0.00074100272454047 2.91436371561767
6167 -77.9030292474 35.8694078744 36.7618060535622 0.000739956724077488 4.56331311738587
7492 -78.4734828649 35.6724342557 36.8721320049974 0.000735535265807731 5.51063021143152
2968 -77.3879361003 35.5971004735 36.8820726063386 0.000735138830520933 2.18189204898613
7075 -78.6000575062 35.4787283174 37.2544122790053 0.000720517555928964 5.09766170819742
3903 -77.3909908426 35.6128546791 37.2683082204656 0.000719980348652429 2.81008330079043
4530 -78.6180707802 35.2817099729 37.2792063634887 0.00071955945439691 3.259604328418
6706 -77.3641814006 35.5725239755 37.3009398124571 0.000718721193867279 4.81974432607397
4141 -77.7295734034 35.8522102822 37.7509015193028 0.000701690093661734 2.90569867785324
6287 -77.4377723506 35.680986354 37.7596831546831 0.000701363752469115 4.40947391177333
5173 -77.3726961815 35.6058687103 37.9252696083988 0.00069525263948967 3.59654190408006
6567 -77.3643539301 35.5971481735 38.053011074284 0.000690592639148052 4.53512186128526
5939 -77.2956914684 35.4361229866 38.1319721754666 0.000687735535584724 4.08446134583768
5132 -78.5755396618 35.1105122661 38.1574897877767 0.000686816004407783 3.52473973462074
3159 -77.3519424046 35.580523177 38.1606977982505 0.000686700533755979 2.16928698613514
6564 -78.3044068349 35.8181153027 38.2814581819408 0.000682374918858432 4.47910896738675
5408 -78.3943608163 35.7672569388 38.2938677634752 0.00068193272716502 3.68789218850843
6858 -77.298048544 35.220735303 38.3649117170744 0.000679409466314396 4.65939011998413
6679 -78.6372442875 35.4101070365 38.4182381301304 0.000677524667491977 4.52518725417892
9637 -78.5616252359 35.6117765577 38.6769642745403 0.000668490502399272 6.44224297162178
5191 -78.0803033018 34.7882897775 38.7581030206201 0.000665694508703813 3.45562019468149
2623 -77.3460529952 35.5973214261 38.9729588902175 0.000658374863356209 1.72691726658334
5272 -77.3181073096 35.5554352102 39.1985022899144 0.000650820242971287 3.43112432094463
4952 -77.3455522784 35.608686518 39.3607988998047 0.0006454642462412 3.19633894738642
3575 -77.3653822772 35.6378346321 39.3900067770104 0.000644507371524708 2.30411385320083
8858 -77.3300424465 35.5877711927 39.488402179772 0.000641299464916379 5.68063066022928
3186 -78.4740610768 35.7333113236 39.6503181298001 0.000636072540971037 2.02652711553372
5660 -78.3832909417 35.8030165572 39.8560728695773 0.000629522115227556 3.56309517218797
5914 -78.666256603 35.2992194855 39.875803710489 0.000628899285012277 3.7193103715626
6980 -78.6268036471 35.5393221078 39.9453269260334 0.000626712042860517 4.37445005916641
2594 -78.5473521574 35.6660662362 39.9588672710869 0.00062628738319743 1.62458947201413
5155 -77.8225341469 35.9092873161 40.141041642909 0.000620615651352836 3.19927368272387
6346 -77.9956275198 34.7595849082 40.2022767330848 0.000618726479121289 3.9264382365037
3541 -77.7763145679 34.7790235865 40.2031978246467 0.000618698128281487 2.19081007224474
6059 -77.7838520371 35.9093664923 40.6258753711881 0.000605891048487933 3.67109386278838
2776 -77.3507754397 35.0262599291 40.7871456362315 0.000601109197052008 1.66867913101637
4388 -78.5310871874 35.7057356582 40.8397848367205 0.00059956063279155 2.63087205668932
6574 -77.8441064256 35.9259044589 41.0565773101191 0.000593245587970138 3.89999649531569
6531 -78.4569908803 35.7759334923 41.064531993617 0.000593015772916173 3.87298601291553
3963 -78.6917603197 35.3839685159 41.3049089053882 0.00058613366027057 2.32284769565227
5508 -78.6129318488 35.6205226361 41.5044590097267 0.00058051104229581 3.19745482096532
4860 -77.6331628392 35.8795379992 41.6344409859002 0.000576892010331431 2.80369517021076
5315 -78.5569444295 34.978433807 41.94856291802 0.000568284519177784 3.02043221942992
5960 -77.8747901056 35.9438352699 42.0463642219022 0.000565643894777792 3.37123761287564
9146 -78.5915052492 35.6676753321 42.0944864728496 0.000564351350276138 5.16155744962556
4954 -78.2746814369 35.8944408986 42.1958012788463 0.000561644516759526 2.78238693602669
7742 -78.4915725864 35.7747618608 42.3524826098289 0.000557496640166865 4.31613898817187
6072 -77.2639862794 35.568575511 42.3631277865231 0.000557216495384849 3.3834185599768
3886 -78.4152710103 35.8330327092 42.5932049072929 0.000551212884779676 2.14201327025382
2871 -78.6669241043 35.5682488021 42.7653409523097 0.000546784408615177 1.56981803713417
2680 -78.6981685903 35.4892272589 42.7897462863536 0.000546160864342857 1.46371111643886
5370 -77.7577607791 35.9361308814 42.7915703349375 0.000546114303643601 2.93263381056614
7994 -77.9992724453 35.9582104866 42.8096313452892 0.000545653599117764 4.3619548713474
4381 -78.106517224 35.948171409 42.8449069867781 0.000544755459375291 2.38657366752315
3356 -77.804811338 35.9494234753 43.0600409936233 0.000539325707817446 1.80997707543535
3161 -78.408981561 34.835038883 43.150860761332 0.000537057855499293 1.69763988123327
5648 -78.3595225948 35.8742807982 43.2016949820402 0.000535794717307168 3.02616856335089
5134 -77.2250632402 35.513359586 43.2075213179936 0.000535650228132363 2.75002827123155
6000 -77.9191492142 35.9638862129 43.2153586779336 0.000535455959099563 3.21273575459738
13750 -78.5520738458 35.7439741943 43.4203259344031 0.000530412611549541 7.29317340880619
4737 -78.5212516642 35.7722000369 43.4230759762045 0.000530345430188865 2.51224630280465
10317 -77.5216815261 34.8252393559 43.4545087963775 0.000529578456920293 5.46366094004667
5429 -78.2517979412 34.7572219651 43.5412480970258 0.000527470593100813 2.86363784994431
7260 -78.6605077309 35.6139480041 43.6938676688808 0.000523792194007044 3.80273132849114
2931 -78.4716949143 35.8185671975 43.8086768325185 0.000521050392664384 1.52719870089931
2240 -77.2476497187 35.5932227369 43.8650663010116 0.00051971161118091 1.16415400904524
2914 -78.6378353903 35.6569528447 43.9430001106509 0.000517869807520354 1.50907261911431
5246 -77.3654155008 35.7505633776 43.9530043934832 0.000517634086368917 2.71550841709134
5981 -77.6127957915 34.7712894638 44.0235056561124 0.000515977487937835 3.08606135535619
5207 -77.5798943162 35.8980933432 44.1630100640667 0.000512722843610033 2.66974784667744
7060 -77.828143492 35.9692811653 44.1638462753304 0.000512703427703394 3.61968619958597
4958 -77.7541289648 35.9581152154 44.311527210582 0.000509291658671584 2.52506804369371
9464 -78.5983780652 35.7228314022 44.5660604464576 0.000503490765998652 4.76503660941125
2574 -78.7233645991 35.515789681 44.6276661017025 0.000502101651480586 1.29240965091103
4969 -78.7494568526 35.4056431441 44.6727246189904 0.000501089286711326 2.48991266566858
8114 -78.7052338201 35.1204988823 44.682879315163 0.000500861556030573 4.06399066563207
2939 -77.5175130602 35.8758299005 44.6865413990484 0.000500779467696187 1.47179085555909
6120 -78.6319614307 35.6867508011 44.7210569895805 0.000500006765525217 3.06004140501433
4204 -78.2501894141 35.9467874743 44.9946289035533 0.000493945065749735 2.07654505641189
3107 -77.8587279344 35.9868070501 45.1067015817052 0.000491493590773148 1.52707058653217
2266 -78.7471197666 35.4746864528 45.2591470599604 0.000488188190891236 1.10623444055954
6953 -78.558304493 35.7790437172 45.2735734688007 0.000487877118457585 3.39220960463559
2285 -78.5133880212 35.8185780436 45.3805560583971 0.000485579533802052 1.10954923473769
2021 -78.4691533521 35.853275036 45.5559678191529 0.000481847316896656 0.973813427448142
8637 -77.1489732783 35.3082558531 45.9120048299223 0.000474403063812954 4.09741926215248
8052 -77.2372735327 35.6454110138 45.933396870067 0.000473961289987542 3.81633630697969
5555 -78.6010643 35.7526776838 45.9357818310855 0.00047391207563605 2.63258158015826
2070 -78.7671031996 35.4424944243 45.975877406529 0.00047308583836877 0.979287685423355
5704 -78.6427948975 35.7067094554 45.9798623246581 0.000473003840444187 2.69801390589364
2730 -77.8133897025 35.9949346645 46.0560470099516 0.000471440274030668 1.28703194810372
10145 -77.4525343754 34.8201471025 46.0845726102073 0.000470856826948173 4.77684250938921
5523 -78.7014430164 35.6247558176 46.094534861965 0.000470653319640272 2.59941828437322
5712 -77.7917653792 35.9934790758 46.192637959495 0.000468656312310059 2.67696485591505
6473 -78.7392768295 35.5520588547 46.2154630964831 0.000468193501716756 3.03061653661256
3409 -77.522613232 35.9064262358 46.3006961030158 0.000466471332810883 1.5902007735523
4377 -78.781062078 35.2958325352 46.357336777764 0.000465332134066121 2.03675875080741
4907 -78.5975439352 35.7669031564 46.3980535691725 0.000464515784389832 2.2793789540009
7468 -78.6217718706 35.7423326683 46.4241234262951 0.000463994225379567 3.46510887513461
3957 -77.56533409 35.9331448657 46.6799302636425 0.000458922766399308 1.81595738664206
4261 -78.5911685324 35.7795339327 46.6838199944078 0.000458846294009678 1.95514405877524
11713 -78.5513453605 35.8158553316 46.7349697124806 0.000457842462605915 5.36270876450309
4232 -78.008166112 34.6639991601 46.8424562210567 0.000455743707331317 1.92870736942613
5400 -78.7925333173 35.3702726277 46.9284209660677 0.000454075549433522 2.45200796694102
7887 -78.7343321665 35.5933247819 46.9297526992985 0.000454049779047626 3.58109060734863
3344 -78.7709250741 35.5039442919 47.0117470137574 0.000452467322053611 1.51305072494728
7235 -78.6745406797 35.6951639912 47.0616618258214 0.000451508034028168 3.2666606261938
4218 -78.7673081983 35.1538282481 47.3081060305763 0.000446816165262729 1.88467058507819
4340 -78.6249217155 35.7640876632 47.4766823365412 0.000443648762226129 1.9254356280614
8345 -78.5081541307 35.8656758907 47.6121318871192 0.000441128121096713 3.68121417055207
4847 -78.6025482828 35.7904400714 47.6594468532362 0.000440252676544576 2.13390472321156
7761 -78.6492019592 35.7428357235 47.6892186231493 0.000439703159883577 3.41253622385644
3139 -78.6207472128 35.773950342 47.7164777765505 0.000439200921964032 1.3786516940451
6253 -78.706037649 35.0136137307 47.7701781137953 0.000438214030894687 2.74015233518448
6417 -78.575008098 35.8196750153 47.8715263878653 0.000436360518933494 2.80012544999623
4439 -78.5911468701 35.8067829647 47.9271236115866 0.000435348717678993 1.93251295777705
3525 -77.6941142386 35.9986439074 47.9686615386856 0.000434595073398645 1.53194763373023
4585 -77.4868610058 34.7649834611 48.0116735606378 0.000433816744366362 1.98904977291977
4317 -77.1593173884 35.1071919745 48.1092624629019 0.000432058548167048 1.86519675243714
7891 -78.447423012 35.9135519469 48.1652159669983 0.000431055286908582 3.40145726899562
3555 -78.6378830522 35.7669140717 48.171451050271 0.000430943706642218 1.53200487711309
5312 -78.7256930176 35.6536377271 48.1915980463178 0.000430583461011865 2.28725934489503
3817 -78.6210266725 35.7849786287 48.2100581758862 0.0004302537744288 1.64227865699473
10699 -78.5457698325 35.8508378165 48.2503256303858 0.000429535934926174 4.59560496777514
3716 -77.4517860541 35.9036324717 48.3850105657605 0.000427147943262264 1.58728175716257
6051 -77.1183782282 35.4707946969 48.390019346117 0.000427059520916965 2.58413716106856
7322 -78.8069500746 35.2152294404 48.5160895486024 0.000424842956095019 3.11070012452773
3533 -78.6203518071 35.7972514759 48.7252841334345 0.000421202790128191 1.4881094575229
2823 -78.639301035 35.7806977381 48.8213944895677 0.000419546053200823 1.18437850818592
12779 -77.3936439587 34.8042547563 49.0661945626772 0.000415370115010164 5.30801469971489
4672 -77.4377812069 34.7741610699 49.1125484157741 0.000414586408211497 1.93694769916411
4709 -78.1769314193 36.0284665745 49.130740646716 0.000414279437251804 1.95084187001874
3799 -78.5994790096 35.8253231054 49.1384771240234 0.000414148997264794 1.57335204060895
6256 -78.5706414276 35.8505792752 49.2009810911583 0.000413097412022639 2.58433740961363
1798 -78.6519399232 35.777221202 49.2315960552873 0.00041258379754864 0.741825667992456
1737 -78.6354848777 35.7958896148 49.316137959179 0.000411170437802954 0.714203050463731
3165 -77.1520648375 35.0730490598 49.3394467212263 0.000410782042279982 1.30012516381614
7977 -77.1189860882 35.1474560825 49.428836660886 0.000409297622197599 3.26496713227025
7799 -78.7082156626 35.7210910457 49.6121101509857 0.000406279212018285 3.1685715745306
2488 -78.6481689558 35.790607555 49.6378022187026 0.000405858748129276 1.00977656534564
2909 -77.4236130749 34.7730185379 49.6636337409276 0.000405436659692437 1.1794152430453
7874 -78.6754751218 35.7622075352 49.6688114716335 0.000405352134520115 3.19174270721139
5415 -77.3187815118 34.8511784909 49.6701255253832 0.000405330687123282 2.19486567077257
6673 -78.593608939 35.8416096117 49.6752896973471 0.00040524641630854 2.70420933602689
4302 -78.6306744139 35.8088224358 49.6850944874324 0.000405086490518428 1.74268208221028
2169 -78.5677339108 35.8640982343 49.7622155685202 0.000403831863913593 0.875911312828583
8267 -78.8020738932 35.5678678799 49.9139982713953 0.00040137958603994 3.31820503779218
4570 -77.4764026964 34.7373100417 49.9353026786131 0.000401037169770957 1.83273986585327
