"pop" "long" "lat" "miles"
2859 -97.3940763243 35.4185233277 0.381761264651065
5504 -97.3848840005 35.3984042578 1.33018479988231
2328 -97.3927763165 35.4419764482 1.71829988139925
240 -97.3793188421 35.4420019256 1.75372844009191
1809 -97.4013744982 35.4427007121 1.91108285676339
3361 -97.3620158875 35.4424164617 2.23939380569067
1958 -97.4148181978 35.4424619649 2.31547963978906
3385 -97.4309313949 35.4155329592 2.4569534563783
2794 -97.4320636711 35.4246646517 2.56480944871615
1276 -97.3986625113 35.4534695445 2.56606161397587
1835 -97.4329119017 35.4318341798 2.74892572543929
3462 -97.3708205307 35.456856709 2.87712818813825
1616 -97.4150493469 35.4526963669 2.88882825754519
2820 -97.3960821545 35.4601742581 2.99048569832467
4435 -97.4328406725 35.3945693013 3.01331465249644
2529 -97.3355204052 35.4062722071 3.02746782342323
2424 -97.4325418101 35.4424796521 3.07398973238535
2093 -97.4149604775 35.4598642551 3.31483637316617
3401 -97.3355413736 35.4426041443 3.39987968495348
3544 -97.4502779872 35.4280209326 3.61710130669268
4418 -97.3797084909 35.471314414 3.74620613352136
6402 -97.4502374795 35.3990121649 3.76616081360234
3057 -97.3974850229 35.4713557977 3.76678168772839
1655 -97.4505067935 35.438139369 3.83142921676192
2986 -97.3619881565 35.4712956091 3.98611913610864
2739 -97.3356651812 35.4569560384 3.99340812888406
2701 -97.4501988528 35.4452950471 4.02646169234608
4029 -97.4151948174 35.4713322654 4.03796099780041
2524 -97.4491492208 35.4532240346 4.26663480913838
3921 -97.4370134601 35.4697919933 4.56999983122335
3607 -97.4435659928 35.3655129334 4.79261227571567
1360 -97.4677726504 35.4429095616 4.85771962624797
3787 -97.4769895602 35.4135672703 5.05702596358457
4098 -97.4037970497 35.4910101917 5.16647762262076
3506 -97.3797438593 35.4931011597 5.24584457947648
3058 -97.3620017821 35.4930552617 5.41751656709919
1715 -97.4797602223 35.3909877878 5.52061693601377
1675 -97.4473189546 35.4852737932 5.77559574713342
3109 -97.4858080141 35.4424408714 5.80744570576334
6549 -97.3267744013 35.4858157828 5.83037470200049
5409 -97.3508498932 35.3379901524 5.87540538896376
3825 -97.4642664037 35.3579373413 5.98088333687756
607 -97.4763589941 35.4705429066 6.21081232470696
4912 -97.2741908783 35.4063713841 6.42972665909801
1796 -97.5013808836 35.4135298689 6.43059613040937
3221 -97.501399008 35.428088014 6.46653285521178
2510 -97.5013435289 35.3992849501 6.54584558359147
2615 -97.475131112 35.4814644677 6.63282019787247
6183 -97.4590967169 35.3414634441 6.6351179312012
2264 -97.4392213332 35.3312930168 6.64204391317119
5340 -97.2740614095 35.4497649384 6.76696218076293
3960 -97.5036369485 35.4456793048 6.83395738167423
2895 -97.4723809683 35.4895283791 6.90866235139878
3588 -97.4857571506 35.3560491882 6.98848960326534
4244 -97.4989687444 35.370291777 7.08821986568595
3861 -97.5146914825 35.427968268 7.21068543878494
5523 -97.5146493013 35.4062803576 7.21501542837513
467 -97.5032243146 35.4628905649 7.24187718738336
1258 -97.5165235561 35.4411861267 7.45889075544854
130 -97.4960037174 35.4793206615 7.46431766859565
358 -97.5005261006 35.4737143186 7.46574814303789
1062 -97.4900947091 35.4882010513 7.57478637682278
2454 -97.4848294775 35.3419266632 7.58480818348593
2382 -97.3901805663 35.5277718122 7.62787423659065
1972 -97.5171326588 35.3843142247 7.66624003016985
4374 -97.4680191526 35.3269812988 7.73920775874094
227 -97.518749726 35.4526401637 7.79042952551968
1088 -97.3356184868 35.5220215986 7.79530985389343
2703 -97.525785414 35.4135009175 7.80540935478272
2486 -97.5257943765 35.4279987763 7.83384095567159
2067 -97.4418705961 35.5223020417 7.87041332604791
1803 -97.5257193582 35.398854665 7.90364142681852
1076 -97.5258014597 35.4398769502 7.95187121129598
4912 -97.2738981614 35.485910606 7.95584566583074
2370 -97.485554443 35.5004350883 7.96673482685126
437 -97.5074302384 35.4788424793 7.98306170328922
514 -97.519349347 35.4607353858 8.01378786925441
251 -97.5143078777 35.4712217266 8.05806064335868
1656 -97.50324326 35.4878056218 8.13836922831881
3895 -97.4988353752 35.3411965365 8.20756465373525
6173 -97.5123169972 35.3560815654 8.2265947162519
226 -97.5198830586 35.4678928246 8.23826741518379
2338 -97.4833053984 35.3270720099 8.27042986234712
3049 -97.5346690667 35.4134986863 8.30592476359153
3192 -97.4467960507 35.3067738442 8.36119466745638
3639 -97.5346226741 35.435150243 8.3866423626377
704 -97.5275106375 35.460132517 8.42764104333177
2854 -97.5256212765 35.3702361256 8.45190252374962
466 -97.5139581986 35.4855402464 8.54289408610768
1156 -97.4810342984 35.5149632089 8.55859949240767
2992 -97.5391001713 35.4242729561 8.56322655412253
3498 -97.5235990916 35.4738590358 8.60705935231541
3547 -97.5392088827 35.4027122646 8.61886654354125
2713 -97.5086030726 35.3413514687 8.63006730182144
2047 -97.5388615428 35.3953332183 8.67543521881623
1909 -97.5038190891 35.5006349396 8.72165830212622
542 -97.5229502771 35.479830481 8.76968092937019
3145 -97.5379202871 35.4498515634 8.77245420566191
1913 -97.5435336258 35.413477311 8.80544077084826
4261 -97.5390022378 35.3843064645 8.85053984153941
1505 -97.489869081 35.5149743955 8.87458585348178
1199 -97.5209862535 35.4865224092 8.91228431453866
3729 -97.5441239851 35.4346719372 8.91241075487556
3671 -97.5010135696 35.3270855731 8.95490203334119
351 -97.5361838096 35.4631074576 8.95742683294549
3177 -97.4737306493 35.5271718995 9.00958123652554
1196 -97.5169015726 35.4968196553 9.12782051693267
4230 -97.5388973434 35.3702309038 9.14691373596412
5074 -97.5210274619 35.3415622453 9.18663560111876
1416 -97.5254873009 35.4896227404 9.24131268267102
3236 -97.5523738109 35.4134786983 9.30355830228187
1704 -97.5377923688 35.4756231368 9.37880536415303
3372 -97.5525609048 35.438592346 9.42185424176157
3713 -97.4775312874 35.3023520102 9.45054282937678
727 -97.5172963507 35.5041088573 9.45637643859413
373 -97.54355313 35.4690844301 9.49444915853113
2785 -97.5543849564 35.3990594246 9.49981546096928
838 -97.5254648664 35.4968818452 9.52037639930062
3435 -97.5388091081 35.3560463856 9.53814578865527
3414 -97.5567373001 35.4242241145 9.5559528630001
2120 -97.5527251483 35.3861642835 9.56982108980595
2637 -97.2900845838 35.5313655365 9.59566725636921
3389 -97.5387606027 35.4823839258 9.63646121280738
2214 -97.5209790931 35.3270197588 9.79524275033408
3989 -97.5611650324 35.4134447221 9.79901342853838
1429 -97.5254200422 35.5041443562 9.81635184978968
1063 -97.5560615397 35.3788546412 9.87831679787626
2793 -97.538819525 35.4896083171 9.88157384690968
1068 -97.5574199263 35.454944225 9.92486781415931
2379 -97.5637983843 35.434523198 10.0114103754558
1661 -97.5117781652 35.5219996727 10.0655213751682
2819 -97.5007855835 35.3051528894 10.0658196283889
4598 -97.5566440792 35.3701402478 10.0898420091104
2964 -97.5387849542 35.4968607788 10.1420164653209
1913 -97.5682246092 35.4146104133 10.1948473988629
2648 -97.5259533882 35.5123458891 10.1952610333473
819 -97.5567172326 35.4714406339 10.2438662242165
4848 -97.5686801045 35.4005618071 10.2865533631802
4966 -97.3971562 35.2690200615 10.287126312096
6062 -97.5664254148 35.3862515425 10.3224011262395
2405 -97.5387612154 35.5041315469 10.4213448906994
3495 -97.5566221837 35.4822947308 10.5350199300437
2958 -97.5746002708 35.4134578836 10.5560983754717
5182 -97.5737023579 35.4449461598 10.6696648254596
3022 -97.5566800972 35.4895576813 10.7608127724149
3393 -97.5315565148 35.520762361 10.813896333846
6445 -97.5209580347 35.3052794498 10.8182774805708
5181 -97.5387021197 35.3198481441 10.8844820317641
1488 -97.5091669657 35.5402114658 10.911470686231
2926 -97.5717908068 35.3695853686 10.9128036510628
4143 -97.5656584647 35.3556845814 10.9241716830632
3389 -97.3972411025 35.5769274945 11.0404201426356
5885 -97.5846215356 35.4272852581 11.1368322905174
4070 -97.556452562 35.3341923837 11.1410588226166
6378 -97.5546540602 35.5039889686 11.1606214155201
3263 -97.1897404965 35.4467530797 11.3235137856153
2787 -97.5744931925 35.4823232112 11.4552199530619
2364 -97.4647611895 35.2638938053 11.4882975171689
1516 -97.5680423276 35.4949935938 11.5021441336898
3402 -97.1837803498 35.4040704335 11.5181515452794
1918 -97.5854343762 35.4587654109 11.5188551898148
1422 -97.5412500383 35.527363994 11.5252933985942
2148 -97.5745130731 35.4895910724 11.6617076595737
1561 -97.4871192939 35.565611517 11.681925480833
3629 -97.5569257334 35.5179866723 11.810683346176
4726 -97.1909516986 35.4803998077 11.894672093958
5986 -97.1960092163 35.3378551395 12.1207502935491
3829 -97.5748494922 35.5036209621 12.1241114828527
2111 -97.5391464282 35.5441381967 12.2374864016159
31 -97.6041586704 35.3970854551 12.301431329768
4152 -97.5922228074 35.4792078172 12.3046237292448
2807 -97.5561567944 35.5306110629 12.3106688746539
3583 -97.522534473 35.5583302829 12.3606991598835
3980 -97.4487202277 35.5914464096 12.51635057693
3708 -97.5733141052 35.318363379 12.5301727492586
2813 -97.5922348071 35.4896694551 12.5738393415937
3009 -97.5745931633 35.5167565252 12.5825167966223
935 -97.6101311016 35.4357179651 12.6165772994887
6574 -97.4206237732 35.2352690617 12.7456417005799
2817 -97.592211794 35.4969171432 12.7794722169366
3658 -97.2978223545 35.5877096068 12.8079777209767
3586 -97.4479288272 35.2382241749 12.8642630793898
2026 -97.5571428921 35.5436231589 12.9417667929138
3283 -97.5364020112 35.5610931742 13.0016325072415
2312 -97.5759715904 35.5263859684 13.0206917698033
2856 -97.5923092226 35.5058466072 13.0611223543529
1418 -97.5714929991 35.532605045 13.0727936275451
3473 -97.1953637894 35.5254345322 13.1444832066715
4354 -97.4856194317 35.5938704388 13.393449704115
1237 -97.5707183585 35.5408896477 13.3953831545531
6097 -97.6100488762 35.4860441982 13.4106398057179
272 -97.4274632512 35.2261418544 13.4300256447523
2555 -97.5923186136 35.5167657608 13.430820057749
4927 -97.5540652011 35.5583179455 13.5260796865081
5259 -97.3116177177 35.2320172498 13.5263354162865
1786 -97.435509613 35.2258368962 13.5345381800801
2735 -97.6056146006 35.5005313142 13.5689103509928
4564 -97.5226695239 35.5800963084 13.5824844503608
6640 -97.5255760122 35.2555748087 13.6483510265613
2027 -97.588046474 35.5290135783 13.6827863073545
3904 -97.6210083271 35.4718713471 13.6901084062391
2363 -97.5358429896 35.5757135955 13.769999537815
5378 -97.3882865251 35.218344275 13.7779367601579
5522 -97.498757431 35.240157848 13.7843797674775
1922 -97.4535825568 35.2254376991 13.8019855694472
578 -97.4436153301 35.2207906169 13.9734044161524
2968 -97.5825746748 35.5425201311 13.9860408692852
2165 -97.6145197823 35.5005094624 14.0245121559103
2573 -97.5496880009 35.5728688193 14.1064234905299
3946 -97.4723195478 35.2256826093 14.1089170085365
1150 -97.570736906 35.5578435809 14.1713319937925
3341 -97.5968555783 35.531043758 14.1726745144905
1701 -97.6246759876 35.3484709552 14.2077160177826
3736 -97.6100654294 35.515043458 14.2426070172063
2214 -97.6402300931 35.4411385598 14.3430648229513
3717 -97.627826046 35.4860662059 14.3525773625137
6203 -97.4148391142 35.2111201595 14.3612249020874
3448 -97.4309459306 35.2120314962 14.4253111760776
2579 -97.54039328 35.5873439123 14.5672909582759
2001 -97.5631144484 35.5729940418 14.6140299058627
2359 -97.6278475418 35.4969340402 14.618427417217
6807 -97.4776553699 35.6158478189 14.6294018651632
3797 -97.4512180301 35.212197355 14.652498271013
6318 -97.4987626035 35.225627502 14.6865054093826
5290 -97.4413893533 35.6252642342 14.6879225544256
3889 -97.6100555354 35.529581337 14.7440953509171
3002 -97.6280298423 35.5061092159 14.8772107842396
1323 -97.5713863862 35.5731499666 14.9411587696071
1885 -97.6238096344 35.5169113346 14.9877696982919
5774 -97.4711002905 35.2115151401 15.0126958609993
2099 -97.6538040296 35.3989130645 15.0738272842063
4771 -97.4457120006 35.2039074793 15.138459292788
4845 -97.5582585341 35.5874216186 15.1880830223342
1516 -97.6454768939 35.4824500493 15.2195001019486
2098 -97.6114185051 35.5414669955 15.2551191190657
2121 -97.4356785996 35.1991889834 15.3466358565273
2020 -97.645465594 35.4896947934 15.3736220543273
1936 -97.6325146131 35.5170467403 15.4293582011229
7499 -97.4170931867 35.1956220526 15.4407698365737
2000 -97.5968888438 35.562494416 15.4840192129228
2598 -97.5435015137 35.6021177173 15.50136846129
5068 -97.5176877701 35.6154032371 15.529351514923
4882 -97.4735798455 35.630795016 15.529778521641
2940 -97.6556804377 35.4710376116 15.5643974370806
3755 -97.6278314611 35.5296162576 15.6060005283916
2328 -97.3752614152 35.1910773755 15.6790134286792
2783 -97.4573967388 35.1978608551 15.6998696166774
3224 -97.5755294594 35.5866746144 15.7837494361995
3028 -97.4962330438 35.205743102 15.8851091484815
3410 -97.4996697304 35.6302875219 16.0170853165689
5374 -97.5612556966 35.601056393 16.0310989904879
4686 -97.442637813 35.645476438 16.0717981938534
5805 -97.653999211 35.5005019473 16.0796688234934
6156 -97.6278792631 35.5440675156 16.1272640891579
1755 -97.6628008683 35.4859465495 16.2233849773969
3599 -97.4726180274 35.645475953 16.4815772890956
5003 -97.5496429917 35.6162860348 16.506530025534
1875 -97.5762826338 35.6017270537 16.5968801271542
2243 -97.6557450598 35.5166300486 16.5989927444481
5464 -97.4668561335 35.1860451095 16.6282652966632
6212 -97.2117978674 35.2234759491 16.6859677605225
6671 -97.6155404077 35.2624934309 16.754088376879
5009 -97.628489654 35.5595528846 16.7596588101944
2739 -97.4903114411 35.6462309921 16.8474984446252
3318 -97.5938285783 35.5948887789 16.9005038536693
5396 -97.433128454 35.1755387176 16.936634549693
2076 -97.1922321302 35.6044374425 16.9693472131629
4367 -97.4415695634 35.6600295909 17.0496854955157
5942 -97.6891272724 35.4351826093 17.0502472808112
2110 -97.6529891552 35.5373041656 17.1012356104988
4295 -97.5049612997 35.6456685662 17.1126443226761
1571 -97.4715691168 35.65568301 17.1418114737087
5486 -97.3630435664 35.6669438657 17.3077316699336
3210 -97.6912727466 35.4551163287 17.3215576498115
5993 -97.5493597026 35.6310763406 17.3591206388676
3694 -97.6295673413 35.5728693041 17.3624782986826
1426 -97.6450430508 35.5560376186 17.3886257586762
4898 -97.6944247885 35.390200834 17.4127347515812
6700 -97.61279621 35.5919742905 17.5127487155054
4291 -97.4714861987 35.6628636111 17.6183997789816
4293 -97.098416172 35.3181280573 17.692392159498
3034 -97.4892838744 35.6607145355 17.7727201931378
3643 -97.6890867134 35.496955534 17.8636463318759
4738 -97.5183702534 35.6529432449 17.8754851865282
76 -97.698319836 35.4709560945 17.9063149245302
2798 -97.6295733618 35.5873682645 17.9997789165604
2790 -97.4396857873 35.6746428581 18.0275010005574
2892 -97.5050181361 35.6602339776 18.0469726312819
5212 -97.6467144778 35.5708190906 18.0473092762144
8014 -97.544971277 35.6457787976 18.1097283178497
2107 -97.6659741059 35.5539055168 18.3076530640548
4965 -97.6655207487 35.5631504298 18.6230068576325
5086 -97.6296973347 35.6017679338 18.669399748929
4128 -97.6473520534 35.5873742847 18.7699110768774
5167 -97.4970949666 35.674845957 18.8399049738374
4384 -97.5449974503 35.6602952768 18.9918941469173
4579 -97.7246074185 35.398965053 19.0538900793409
5378 -97.6631361285 35.5797766936 19.1590928802667
4436 -97.7147646776 35.4970281284 19.2469006039603
5285 -97.7268109805 35.4569415592 19.3213192374315
5284 -97.6201494299 35.623873618 19.3761254535486
2155 -97.647455613 35.6021614173 19.4299497954741
2770 -97.7335777272 35.4353320973 19.550784052309
2815 -97.7334621913 35.3844411049 19.6453159833015
5914 -97.7092147708 35.5276708244 19.6643787583724
4087 -97.4699313003 35.6969955248 19.8819118991067
4743 -97.4383529318 35.7035039568 19.9888402784257
8391 -97.0311011399 35.4198708954 20.0868592200606
3237 -97.6664008443 35.5986330145 20.0932012997752
6720 -97.3844884921 35.1266621411 20.1204873964273
5949 -97.7343368162 35.4868376119 20.127887093557
2490 -97.7296629564 35.5012432395 20.1342131682983
5574 -97.5406153776 35.6820479657 20.2276879169304
2363 -97.2252626892 35.6813464188 20.4041913921568
5932 -97.7478543825 35.4667198129 20.5957974312384
2519 -97.7501509112 35.4874564809 21.0041500343457
1921 -97.7533574018 35.3574931882 21.0504296094224
9327 -97.7178881468 35.2754564654 21.0771963696584
5103 -97.7599665553 35.3916976334 21.0808938704174
4042 -97.751401694 35.5006571336 21.2992908907686
8144 -97.518520547 35.7070176917 21.3410248256866
4483 -97.7843136771 35.4553866178 22.5217708758454
4250 -97.6206084223 35.6822230387 22.5278367681582
4395 -97.0048311607 35.3239492994 22.5297565685649
2513 -97.7300539831 35.5889115627 22.6460862290551
4397 -97.3093297922 35.0874459208 23.254690686042
8021 -97.7465581513 35.5871488547 23.3817615183205
7782 -96.9848174652 35.5268321605 23.9074330844468
9323 -97.6133603672 35.1213431546 24.1366151756252
7996 -97.4997880259 35.0604150871 25.5051238557697
4335 -96.9425570724 35.3502084481 25.5168820431296
8379 -97.4695699799 35.7875741322 26.0113543732969
3053 -96.9297436362 35.3690245129 26.0251869942496
4319 -97.0503387737 35.6774093042 26.1359812086791
5749 -97.8139750093 35.2640606832 26.3061483259496
3337 -96.9209944325 35.3544734887 26.6629084587121
3577 -96.9210025892 35.3399950002 26.8467802484628
5497 -97.3650100199 35.0231675469 27.308244110016
3275 -96.9177611685 35.3159164961 27.4089262582403
7907 -96.9778101343 35.1938394091 27.8220691047958
3218 -96.9032055566 35.3399892419 27.8310987104587
3546 -96.8942925236 35.3617093499 28.0751218354304
7006 -97.2041854584 35.0396336674 28.1155541934363
2833 -96.8946804359 35.3253071517 28.5154103705616
7704 -97.5744110676 35.8089241788 29.04496892135
2670 -97.3097167999 34.9973835999 29.3923552721051
5520 -96.8775591781 35.2813910562 30.268383686661
2199 -97.4364309296 35.8578910233 30.5861048369982
5263 -97.826367681 35.6782913565 30.5892507238851
4338 -97.2394806755 35.8446267137 30.6926319913449
7281 -97.3877756999 35.883659404 32.2442216485164
6173 -97.9590571857 35.4426320441 32.2667328599175
4525 -97.4085792005 35.8851174183 32.3669367564143
3381 -97.9453286141 35.5299021849 32.3761915144522
2760 -97.4471133213 35.8890247614 32.7874975498965
3201 -97.9602630877 35.5147433229 32.9666800971049
6981 -97.8620023948 35.1340279541 33.2090145419581
6881 -96.7975752747 35.4034709341 33.2680773390378
3078 -97.9627084834 35.5272742996 33.2860301591634
1127 -97.964484468 35.541108409 33.6112854292553
2534 -97.9873282915 35.2882623302 35.0069291439221
3676 -97.4761443236 34.9113766831 35.3695144025907
5222 -96.8947923884 35.7371081553 35.4520556763706
2900 -96.9974355322 35.009658184 35.8014310147451
4308 -97.9883641496 35.6092303461 36.3424971262759
3018 -96.8204789745 35.6739515394 36.507680767629
1981 -96.8538376943 35.0979599496 37.3762721002444
4140 -96.9891856849 35.8629040155 38.0833591700409
2690 -97.9035631994 35.774719603 38.1229458116642
5061 -96.7154070296 35.5524092382 38.9843054887894
4301 -96.7225139531 35.2431518164 39.4138594622183
1343 -97.1065310241 34.8957428108 39.4343239231079
1275 -97.9417050869 35.0694939333 39.4986133373893
3945 -97.9297760726 35.0421618241 40.166039645062
3277 -97.9593065921 35.0459367708 41.2894919743524
2938 -97.6181052506 34.838788277 42.1066446909582
5618 -97.9160275575 35.8503102269 42.1835842055441
3321 -96.6459132469 35.3210902837 42.3541237499561
2179 -96.6748088642 35.2254715675 42.3566659762401
6509 -97.9541268892 35.0090910859 42.7080635927646
2109 -97.3940221972 34.7884667405 43.5155165788212
2627 -96.645423065 35.2410600328 43.6167656788466
4662 -97.5331452464 36.0408553543 43.8876332868441
2179 -96.6905008772 35.1207293267 44.3917990561954
3628 -97.1869095268 34.7788954683 45.6101553514019
1861 -97.5610853671 34.7692349043 45.9088373506857
5369 -98.0162646563 34.9882135453 46.3170170570695
2469 -98.2057933808 35.5446613066 46.9290829778696
2884 -97.2269515228 34.7506374463 47.0163979794769
5735 -97.1923820249 36.0802498535 47.1324305850055
4731 -96.708069231 35.8228181885 47.3838402338582
6246 -96.9669442681 36.0150094815 47.6007866311004
7465 -97.8508061479 34.8383640037 47.8775820087699
3278 -96.5279870077 35.5263141151 48.9969476548481
2852 -96.7004196955 34.9750440028 49.4458268326991
8266 -97.111565933 36.1034945649 49.9133156005378
4401 -96.8425359798 35.9888969513 49.9891077912483
