"pop" "long" "lat" "miles"
1359 -121.946492637 38.2715803031 0.362240813442027
2455 -121.945273642 38.2796400964 0.597653160356446
16 -121.940827105 38.259875375 0.848546520971761
6823 -121.969648747 38.2938937311 2.21030189571067
3844 -121.980187046 38.2565677386 2.44026892300673
4753 -122.000555862 38.2601759666 3.3985091398941
3506 -121.92838241 38.3204258877 3.39914432459701
5962 -121.997507544 38.2478506833 3.55287992937623
3142 -122.006434355 38.2700830537 3.61833355798383
4910 -121.965530196 38.3258892497 3.97201409701232
3263 -122.013862573 38.2638864004 4.05931097491552
3427 -122.015679921 38.2762526949 4.12743665606474
4393 -122.014992032 38.2840953216 4.1632056129653
5266 -121.942926056 38.332287045 4.1653764569348
7810 -121.981157714 38.3243070783 4.24961294125278
5155 -122.01315853 38.2488980449 4.29315048518419
3807 -122.021604897 38.266291817 4.45783762087913
5617 -121.94445415 38.3401208226 4.71054560780477
5148 -122.02958464 38.2655043996 4.89440574587458
3626 -121.956951945 38.3424031547 4.94956098842173
3846 -122.027246366 38.2485808126 5.018030617175
3296 -121.966056107 38.341738969 5.02143607213958
3819 -122.029748549 38.2544096415 5.03358298943346
3235 -121.923090257 38.3444166704 5.08323196702687
5065 -122.024239294 38.3044801118 5.09908972758253
4088 -122.001119175 38.3298018789 5.19428753595061
4113 -122.035834692 38.2770013033 5.22292631017798
6016 -121.979044863 38.3421109185 5.28824657118955
5520 -122.03968403 38.2655653356 5.44037740151437
2670 -122.04151493 38.2544310439 5.65525517889784
5958 -121.967077012 38.3539171166 5.84795476046311
5625 -121.944349299 38.357269339 5.89519603035934
2275 -122.044940051 38.2470422792 5.96539988312794
3674 -122.051246873 38.2642271895 6.07405837038139
4557 -122.049106885 38.2948719847 6.13725650813441
3368 -122.056183258 38.2753584885 6.32106108351105
4974 -122.006338085 38.3504996994 6.51283481260335
4559 -122.05810498 38.2534113749 6.55148823644625
3303 -122.064317422 38.2655928535 6.77432614856753
4912 -121.946131916 38.3704359045 6.80944716071734
4147 -121.996784319 38.3621844956 6.95414901921082
3022 -121.972631795 38.373858157 7.2589273460939
5238 -122.067712236 38.2249885667 7.67265381416733
7098 -121.985734063 38.3782458553 7.75181727963871
4713 -122.011501177 38.3703183175 7.82682226815538
6808 -121.979391505 38.1591295136 8.10579126739245
3156 -122.090172648 38.2976678659 8.35079034243376
3102 -121.972963424 38.3961762221 8.76746366793268
4726 -121.932564737 38.4034596888 9.09390676852769
4711 -122.099574627 38.2185527048 9.43490101472442
8423 -121.776887429 38.2044175451 10.0166359966434
8761 -122.165997104 38.254167591 12.3449532707391
4959 -121.84711155 38.4368897759 12.4587276574119
4368 -122.032709571 38.4382236105 12.5454742203895
2743 -121.800331138 38.4228108287 12.8822271088512
9825 -122.144206152 38.1648873078 13.3549580471673
6940 -121.818593477 38.4433872711 13.5507210994243
6611 -121.83149767 38.4598699015 14.2552228573949
3874 -122.117170721 38.0994748384 15.3480343688078
4389 -122.229721599 38.2300755488 16.0123518237221
2871 -122.229028763 38.3229948625 16.0879863990282
6482 -121.972470564 38.039758742 16.1707057376417
5546 -121.944629473 38.0367709305 16.2818584753781
4412 -122.187430507 38.1336995428 16.5162264940191
5923 -121.917157403 38.0316346862 16.6808470723449
2771 -121.86233761 38.0361500453 16.8585891759405
800 -122.195684887 38.4117997718 16.9116458377598
5641 -121.891842631 38.0264792651 17.1912759596242
7118 -121.944332337 38.0232287951 17.2182648119508
3281 -122.030096665 38.0327658537 17.2691410363385
2504 -122.259845226 38.2881001989 17.4105987355061
5536 -122.166569594 38.0928970736 17.4828866897409
5001 -121.893554061 38.0214293093 17.5230113058291
1724 -121.916757274 38.0163118378 17.7395827900664
5308 -122.226687458 38.1487693243 17.7721321678776
6678 -122.214196497 38.129560065 17.8785010656861
3618 -122.267416116 38.3103235354 17.979135471664
5757 -121.899338115 38.0139380402 17.9947461424716
1984 -121.699403415 38.0926056146 18.0314363888506
1230 -122.272140808 38.2709444978 18.0454358883518
6081 -122.23943592 38.1595748396 18.0470971873914
5180 -122.194710905 38.1047068896 18.0581764007616
3222 -121.923539246 38.0097236973 18.1724357720967
2292 -121.869496824 38.0151990674 18.1795352362124
5095 -122.274650969 38.2885042652 18.2146730410065
3592 -122.154294954 38.0696610221 18.2242124851048
2280 -122.208181403 38.1138592474 18.2384440694273
4132 -122.167830888 38.0752608651 18.4152296708862
3256 -122.180811117 38.0808236139 18.6219114472205
5833 -122.244089695 38.1480978891 18.6287989633556
7251 -121.882847289 38.0064804438 18.6350235839108
6620 -121.830885778 38.0158433018 18.6924094918113
5072 -122.236844277 38.1357990532 18.695672463305
4000 -122.21011338 38.1044995327 18.7173351995999
4292 -122.221945172 38.1165829633 18.7332137179541
3283 -122.26044323 38.1711791481 18.7690402108289
2460 -122.28202694 38.31580294 18.82056467624
1769 -122.286675879 38.3049317749 18.9665042143534
2856 -122.288110157 38.2952648489 18.9769929696595
3128 -122.202334177 38.0911630877 18.9834031169854
3984 -121.86453903 38.0040574571 18.9900878166562
2497 -122.289196588 38.2866990157 18.9962327248891
3165 -122.162984877 38.0607978478 18.9982441709297
4089 -122.259685144 38.1608637522 19.0094583168646
7444 -121.975836931 37.9970979776 19.1245534783571
2418 -122.281099345 38.2030801509 19.1455893410976
3615 -122.096502773 38.0228813807 19.2315273102125
5357 -122.23949772 38.1237283392 19.2534141273584
3206 -122.223573151 38.104880292 19.2812887972638
3467 -121.848637649 38.0024851989 19.3004648060224
6431 -122.291617233 38.3170955409 19.3486557000401
2071 -122.213868267 38.0932353032 19.3672399154845
2938 -122.235805329 38.1146825968 19.4284419474152
4157 -122.175014973 38.060660307 19.4298366094935
3466 -122.297920197 38.2918298031 19.4902037667896
3933 -121.827761183 38.0037210069 19.5420086016071
5542 -121.923639382 37.9889418049 19.6081574992024
5481 -122.300901064 38.262271664 19.6201284540717
3087 -122.223903 38.0949119724 19.7175954226544
5013 -122.301106867 38.3110879546 19.7972624120866
3061 -122.236503966 38.1052840198 19.8319063386382
4223 -122.202792813 38.0733783501 19.83541289762
6309 -122.033892208 37.9947649461 19.8559902976521
2538 -122.256522882 38.128288256 19.8823422967241
3114 -122.272761498 38.3924700718 19.8899165380166
5038 -121.815578825 38.0004785433 19.9698439639716
4881 -121.799437599 38.0053352552 19.9731306518461
4988 -122.266258106 38.1384998154 20.0051578324055
5566 -122.307462254 38.2946658378 20.021028518904
3324 -121.78584004 38.0085622952 20.0645090503832
4300 -121.830868919 37.9946908378 20.0859447419075
4468 -122.301598867 38.3353931749 20.1181933870135
6216 -122.077365817 38.0020883615 20.1214535678836
5922 -121.784923793 38.536968234 20.153828985562
5353 -122.026070787 37.988694632 20.1587950781237
3655 -122.276729294 38.1497680102 20.1711096862238
3271 -122.236496569 38.096957171 20.1729413376824
3555 -122.249685996 38.11155441 20.1764358658573
6595 -121.837827816 37.9907829418 20.2372903558664
2776 -122.310627562 38.3056917158 20.2640431265548
4695 -122.224696531 38.082350108 20.3031413033693
2144 -122.12618751 38.0176897575 20.3100897527316
7534 -121.997753439 37.9817941983 20.3283114889287
1483 -122.138183537 38.0211047871 20.4423859655144
7723 -121.875440229 37.9809265798 20.4454518818963
3842 -122.217670528 38.0726398827 20.4608003440718
2985 -121.768284689 38.0088339183 20.465035310238
2470 -122.248525162 38.1011218285 20.5318789534728
4514 -122.315412134 38.3153683505 20.6072619177874
5016 -122.312451245 38.3317651592 20.6424479581633
2578 -122.268728626 38.1220954867 20.6718530570302
4532 -121.616584096 38.4333277405 20.7816093592424
3372 -122.266786948 38.1160095329 20.7967218566273
6695 -122.053204748 37.9849716171 20.7984373528579
2962 -122.244872266 38.0899964936 20.8271743818932
7013 -122.012198292 37.9762391163 20.8421081552383
4166 -121.815591876 37.9865786419 20.8770684656371
2359 -122.262948572 38.108547006 20.894406607042
7229 -121.796424039 37.9919186413 20.8945993137329
2453 -121.795717469 38.5534344251 20.9692551499822
3152 -122.320546212 38.323452817 20.9693631697707
2805 -122.107401615 37.9987216085 20.9941268536935
2817 -121.783716087 38.5500116301 21.0033669629995
7412 -122.121546202 38.0042106289 21.0036141682017
2798 -122.259788697 38.1015253274 21.0196791192643
2165 -122.327593585 38.2948437239 21.1118545141079
5926 -121.985136521 37.9689872628 21.112891888171
2281 -122.037824165 37.975619502 21.1913518023748
8106 -122.007721016 38.5747566821 21.2550680956036
5533 -122.071286184 37.9821739915 21.2933437945798
3047 -122.329462839 38.3098582114 21.3130418986058
4091 -121.970119214 37.9648899386 21.3157508605808
3267 -122.158852411 38.0153564349 21.3867972709367
3406 -121.773112386 38.5524832102 21.3962495797418
3358 -122.020212623 37.969026095 21.4170959774907
3018 -122.202810921 38.0403485064 21.4849889842614
6549 -122.102714288 37.9885912968 21.5215123388937
3283 -122.33024671 38.3307690267 21.5769084058963
3135 -121.779733112 38.5577988362 21.5831783825012
3779 -121.717652365 38.0132042853 21.6079185965188
3855 -121.958109629 37.9598248315 21.6252329535751
3749 -122.001731356 37.9631833315 21.6337503432723
5854 -121.763362851 38.553627706 21.6957632196666
4802 -122.0345121 37.9668032078 21.7387967896263
4194 -121.766549742 37.988664385 21.7572771568503
3976 -121.539180812 38.2716579571 21.7594158508419
7595 -122.039854535 37.9659570052 21.8662132892267
2267 -121.755587916 38.5536477031 21.8860708923191
6416 -121.793980567 37.9762503746 21.9517553989048
6592 -121.732942706 37.9993140007 21.9737775258888
4625 -121.745814206 38.5512244226 21.98557347538
7367 -121.977802726 37.9552653286 22.0148794185625
5615 -121.735951665 38.5482324605 22.0669924162302
5882 -121.721138978 38.5422614462 22.1302710644201
6689 -122.092935842 37.9754215767 22.1496068953169
1996 -122.345443474 38.3072999282 22.1546364835268
3200 -122.014812725 37.9571845352 22.1636912544499
6343 -121.775354965 37.9782239955 22.2132051315636
7831 -121.928819563 37.9506028944 22.2484322494759
4767 -121.98714412 37.9518579602 22.3024908219957
4032 -122.0474356 37.960655211 22.3262774278526
3917 -122.304860152 38.1224453568 22.3810764985074
4095 -121.702575263 38.5403733617 22.5778915177523
5701 -122.044649837 37.9550141276 22.6644969612328
3471 -121.751016692 38.5645120732 22.6678282564682
7183 -122.026785586 37.9515188945 22.6760005417608
6085 -122.07662226 37.9619922663 22.7069844877236
4518 -122.112485428 37.9702924919 22.8944477453869
7902 -121.721978096 38.5558316889 22.9043593202721
10039 -121.730555216 37.9836877554 22.9734686517132
4197 -121.769288054 37.9678585722 23.0027272099266
4996 -122.042559609 37.9488682364 23.0484012164921
5141 -122.060615419 37.9514982289 23.1317227713527
3759 -122.227663446 38.0245051934 23.2055169982894
5298 -122.252308035 38.0433146228 23.223244068848
5267 -121.758878325 38.5764435621 23.2237428391518
7833 -121.970173955 37.9368159591 23.2526346205117
6098 -122.008103991 37.9402031974 23.2582573611656
5641 -121.747906442 37.9715280104 23.2691969984114
2055 -122.368691962 38.281631383 23.2962164223387
3659 -121.630563262 38.0378837403 23.3573944157221
4352 -122.072739414 37.9504138959 23.3991267102673
3601 -122.042335153 37.9413375804 23.5512806739339
3559 -121.703535707 38.5582399246 23.5749421351879
6347 -121.705664195 37.9837074581 23.6730046866768
12847 -121.801463172 37.9447372371 23.8659661544124
4615 -122.056080976 37.9387339492 23.9132763743734
4739 -122.358708563 38.3819376697 23.9649312530879
5048 -121.847027364 37.9317708134 24.07916327863
3790 -122.031041401 37.9314714475 24.0807787041473
5514 -122.074367936 37.9354641216 24.4113703272896
3484 -121.994458356 37.9210528638 24.4656165819758
3437 -122.088547599 37.93727149 24.5357677842315
7718 -121.670279537 37.9871680247 24.5700389597342
2933 -122.366986249 38.3956411768 24.7009653310935
4807 -121.735271804 38.5914251437 24.713411401159
2922 -122.019622824 37.9200150977 24.7402177284639
4564 -122.054100876 37.92562789 24.7615816894472
9989 -121.758726035 37.9431249241 24.801299817559
3102 -122.273053265 38.0233461166 24.9933242478898
6726 -122.256311737 38.0086411101 25.0715728324193
5662 -122.047016805 37.9189346603 25.1177178054298
5857 -122.068950876 37.923240158 25.1354331745918
7624 -121.707497407 37.9577945947 25.1529225865951
8491 -121.732137647 37.947113894 25.1643381824709
6171 -122.120931236 37.9329605147 25.4470416943885
5807 -122.014579596 37.9067520747 25.59893047367
4702 -122.265432558 38.000071168 25.8440150354
1932 -122.278031793 38.0095102149 25.8549211917828
4542 -122.28496199 38.0146985762 25.8758040202339
7080 -121.714807928 37.9422133796 25.9003428161715
5375 -122.200964329 37.9570881517 26.0156649069899
4380 -122.03962194 37.903521248 26.0692234853931
3832 -121.564617326 38.5087119131 26.1103432913436
6148 -122.251108012 37.9837950697 26.1651492800978
3596 -121.545433765 38.4901291038 26.1695957326892
5574 -122.063024272 37.9062511119 26.1815406294654
4922 -121.92565258 37.8934256862 26.2068732025473
7000 -122.084439903 37.9107115392 26.2095933308712
6086 -121.548366944 38.5034579854 26.5827960768411
3086 -121.527728016 38.4803889944 26.5901763006963
3267 -121.522237314 38.4764386371 26.6957723747889
5129 -121.533871386 38.4908513657 26.7126156550428
5051 -122.292420994 38.0027169454 26.7436448981428
4806 -122.045893564 37.893105208 26.845782430279
4182 -121.70888921 37.9289599246 26.8614253589937
2322 -122.430957018 38.2163769106 26.9572464820218
5941 -121.466742787 38.3919826936 26.9776823830328
3362 -122.058423058 37.8919010823 27.0816135424228
3843 -122.02908724 37.8863574717 27.1230938451845
5131 -121.520701129 38.4876831186 27.1837393808861
3433 -122.007004685 37.8810079321 27.300383421174
5159 -122.307213405 38.0031442631 27.3064556994278
5103 -122.439364053 38.3188626913 27.3097435714953
4185 -121.534656627 38.5080620725 27.3682196741829
2508 -121.466172753 38.1372073805 27.3870349436628
7222 -121.467274754 38.4114015655 27.3900923388147
7824 -121.471845394 38.4215065641 27.4122295435832
4326 -122.265847086 37.9682697461 27.504225845902
4576 -122.28701768 37.9824692017 27.5371199024308
10812 -121.666072828 37.9366147688 27.5806507847821
5485 -121.570093083 38.5462231659 27.590106699667
4587 -122.132186511 37.9026548454 27.6189738984698
4864 -122.083817495 37.88745017 27.7393501658738
3678 -122.451041947 38.2867640742 27.7762489333507
4843 -121.524087021 38.5075567716 27.8099094750303
4686 -122.104077566 37.889705547 27.9231460685003
2561 -121.793550313 38.6594239693 27.9385123350519
5755 -121.513120231 38.4997729738 27.9885993905429
9389 -121.442297219 38.3865371783 28.1355677572995
8309 -121.702165397 37.9109396905 28.1362172541992
5518 -122.317375352 37.9938793536 28.1489082506212
3718 -121.74037331 37.8957262809 28.210929600411
5290 -121.498998087 38.4887495366 28.2140980001738
5130 -121.552230293 38.5443866752 28.2165371130662
6794 -122.054296477 37.8736685752 28.2578342585648
9553 -121.487408893 38.4761381762 28.3054285153238
4642 -121.464194526 38.4419518371 28.3499615940839
5650 -121.983673244 37.8636733677 28.3541049875363
4505 -122.462130126 38.2775055099 28.3641208879326
7672 -121.443472074 38.4013366182 28.3773920387543
4672 -121.765939949 38.6593181564 28.3919769424408
6621 -121.475759632 38.4633003058 28.4329620088676
3093 -121.787211999 38.6661842266 28.4848702320831
4626 -122.294432785 37.9689268069 28.498854726741
7043 -122.308673892 37.978910781 28.5332585486754
3635 -122.080739588 37.8725498618 28.6844588541294
4085 -121.508378744 38.5136433634 28.7464544418172
6590 -122.182470669 37.9027605537 28.7621586811569
5538 -121.486287593 38.4884269607 28.7888481434727
4330 -121.414337781 38.3320218862 28.8266798276651
3545 -121.440757694 38.4150905111 28.8271587954828
6464 -121.789740742 38.6731902056 28.9100558488034
1846 -122.063696973 37.8645118662 28.9908586621707
3374 -121.518418569 38.5306639817 29.0136587541052
3070 -121.770171788 38.6701718527 29.0277073494252
6003 -121.425089417 38.3868495059 29.0386425398372
4924 -122.327707508 37.9830385154 29.0734668452336
7270 -121.533656837 38.54696396 29.0899038496272
4107 -122.469181434 38.3392244223 29.1049177793823
7329 -121.751184635 38.6662283194 29.1139542733625
5083 -121.49315857 38.5073301432 29.1769771914283
5397 -121.560236832 38.5712864583 29.180780330509
4884 -121.760919743 38.6701038367 29.1857684126552
5512 -122.138897767 37.8787500052 29.2897074617438
6811 -121.425590485 38.4014367099 29.3019102008061
5112 -121.474404614 38.4881975873 29.3331953363631
5812 -122.105110982 37.8682932229 29.3477543889203
3118 -121.751650063 38.6699765473 29.348022217899
6738 -121.606229652 37.9387516013 29.3519885015602
6189 -121.788602112 38.6811922476 29.4586185696476
7864 -121.434081646 38.4284567243 29.4916027791821
4073 -121.503939132 38.5289918599 29.5662336779274
4475 -122.288199527 37.9435441867 29.5983879127064
8123 -121.737824359 38.6699421228 29.6141840206926
10605 -122.350464428 37.990830609 29.626812138167
5814 -121.425882133 38.4168785031 29.6277610849901
7181 -121.975938506 37.8447097081 29.6305428511659
5099 -122.330279706 37.9725547555 29.6780612258705
2797 -121.458301952 38.4780446944 29.7467622318097
2594 -122.066133863 37.853346062 29.7730804972412
5015 -121.478544809 38.5066366691 29.8119172656416
6658 -121.432005201 38.4372367082 29.822160857403
4078 -122.168436538 37.8795216064 29.873682065236
6740 -121.462181003 38.4886350608 29.9204939952094
5311 -121.788532412 38.688437132 29.9412533509976
6158 -122.490237645 38.3067583498 29.9779226830803
5215 -121.433331111 38.4460006015 29.9921337419883
6072 -121.437542695 38.4555238346 30.0534638635248
2916 -121.4885663 38.5245169191 30.0562094023441
2548 -122.323640886 37.9586271056 30.1082306477229
4307 -122.345969917 37.9761178006 30.126727944797
3881 -121.760700064 38.6846143052 30.1379157537095
5171 -122.335480954 37.9659750075 30.1994374373221
3309 -121.438475503 38.4632311112 30.235565060882
5282 -122.492679231 38.3259002358 30.2403186305317
5073 -121.41215218 38.4158717693 30.3071186454063
4913 -121.440889626 38.4697883708 30.3186080644293
4795 -121.46294768 38.5025626054 30.3766612912783
2629 -121.488327577 38.5331674886 30.4169379150112
2767 -122.315189552 37.945659926 30.451346642152
4387 -121.497350578 38.5448273469 30.5150993553328
4004 -121.510001645 38.5579647251 30.5574599679505
4922 -121.532485416 38.5777590126 30.5671435092598
3529 -121.471168179 38.5180237627 30.5776367892751
5675 -121.446475743 38.4880661786 30.6415925763168
6649 -121.439153323 38.4777525733 30.6530735459074
6093 -122.350937598 37.9690134952 30.6603192398661
3141 -122.093149177 37.8454846652 30.6699697365849
6246 -122.336399852 37.9566785518 30.6899148080252
2538 -121.5227217 38.5723026259 30.6954939377522
3586 -122.041923058 37.8352797697 30.7247546033612
1859 -122.216675489 37.8837793193 30.8026282684453
3554 -121.408084614 38.429927942 30.8435802931679
2826 -121.477904327 38.5327387398 30.8561661740677
2765 -122.295520172 37.9242040851 30.8874519723444
7597 -121.41619384 38.4477354658 30.8925853982826
3883 -122.312103237 37.9340258606 30.9436447942691
5750 -122.139311109 37.8529795164 30.9613871614169
3165 -121.398873834 38.4154833153 30.9799855988833
2837 -122.322237814 37.9396785217 31.0161073560055
2451 -122.275509281 37.9094206509 31.0382969767588
7159 -121.423835882 38.4663044792 31.0424338508359
5067 -121.460035215 38.517682311 31.068135393443
3404 -122.352146216 37.9611012247 31.0854818831785
1320 -122.308756458 37.9274847432 31.1699289415876
3156 -121.493847645 38.5571818761 31.1959730985864
7353 -122.340000044 37.9485618055 31.2287761625595
1587 -121.481256945 38.545565287 31.2362257077466
2377 -121.505865166 38.5693878678 31.2416374704625
4219 -121.469351739 38.5336328202 31.2692122288243
5316 -122.329961418 37.9401569401 31.2754096896456
4945 -121.446819325 38.5069627841 31.2807248371661
1992 -122.266203218 37.8994331601 31.3097964761847
7278 -121.95056706 37.8194789263 31.3160360218893
3738 -121.60923227 37.901379922 31.3321645674179
3303 -121.439657225 38.5002157067 31.3770341675833
2229 -122.293527848 37.9139380765 31.3780791518163
3838 -121.98629658 37.8199755175 31.3783915404776
5327 -122.352480674 37.9542650228 31.4283679747107
1868 -122.460277287 38.4721027394 31.4310542748243
2556 -122.284367852 37.9071994338 31.4480215571925
6284 -121.426537233 38.4848896038 31.4872175943935
2772 -121.360043699 38.276322993 31.4880216779977
3640 -122.259485773 37.8917444717 31.5464303732614
2505 -121.481696222 38.5543033505 31.5860003659325
3521 -122.181243336 37.8566645846 31.6024214419772
1425 -121.504836595 38.5765588953 31.6110155056675
4252 -121.460269285 38.5323685774 31.6224026852526
2532 -122.305934769 37.9170430605 31.6296595160075
7614 -121.447188003 38.5172076754 31.6360720920978
3317 -122.315525383 37.92255774 31.6684782917353
3563 -122.274679545 37.8973721885 31.6906328819564
2376 -121.490321521 38.5652910851 31.6991324535526
4170 -122.522911291 38.30034926 31.7175362659942
4506 -122.341486741 37.939435706 31.740882373159
3383 -121.471113784 38.5476141477 31.7600538065915
2282 -121.377421568 38.400851385 31.7894478947708
4376 -122.353819699 37.9476155605 31.80416508832
1806 -122.288392627 38.6421504803 31.8056439541876
1719 -122.291179129 37.904547577 31.8171897267487
6645 -121.51690165 38.5922089068 31.8670589919608
6032 -121.382009216 38.4166613614 31.8733707331184
4336 -121.403327266 38.4605218321 31.8842585831501
3558 -122.255985859 37.8839736072 31.8933872580883
2576 -122.302274853 37.9089566494 31.9431925286361
2806 -121.502639584 38.5818621842 31.9441430810684
3433 -121.584302261 37.9046461446 31.9508625650363
6097 -122.335037149 37.9302098115 31.9702458687949
5563 -121.789344932 37.8252535134 31.9800005132534
4122 -121.450732614 38.5311862925 32.0030870083431
5321 -121.385169579 38.4310582022 32.0357473866103
5462 -122.377078783 37.9616207173 32.054486905558
8107 -121.417391932 38.4893083296 32.0677542878257
1593 -122.270922477 37.8883735648 32.0870529125996
4389 -122.351844775 37.9402555172 32.0911021151405
2771 -121.477405594 38.5618913077 32.0932981701921
4034 -121.533028998 38.6093571269 32.0941960263782
3323 -121.487082353 38.5716526416 32.1155481267949
3291 -121.458260843 38.5429517122 32.1316525331928
2770 -121.545385333 38.6190612664 32.1353479535672
4864 -121.403666388 38.4699149031 32.1369532427612
2002 -122.298054788 37.9022181001 32.1718161380849
13206 -121.389670092 38.4461567325 32.1795990295255
2937 -122.232034041 37.8676339755 32.1872188019643
2047 -121.49047534 38.5772181511 32.2253663744967
2287 -122.457386175 38.5013923517 32.2323783038839
3844 -122.281377001 37.8911558914 32.2526227623048
4485 -122.311739966 37.9089942412 32.261996505202
4985 -121.904066266 37.8065305897 32.2652548870577
6964 -122.322995856 37.915942984 32.2810675939103
5052 -121.433521804 38.5184654473 32.3096484191101
4485 -121.419081154 38.4995525401 32.32399367086
4686 -121.463766218 38.5542218571 32.3522167134455
2355 -122.291036584 37.8947523935 32.3573848028442
4658 -122.260305198 37.8773322463 32.4075360584032
5899 -121.42220661 38.5067270842 32.4204003927026
3198 -122.27017701 37.881969493 32.4323915530735
1215 -122.254603095 37.8737734738 32.4504060231381
5962 -122.362426325 37.9410309603 32.4582194858097
1714 -122.305230753 37.9010393355 32.4746416667993
7000 -121.36201938 38.3944800347 32.4762087633983
3005 -121.474543328 38.568485447 32.4994778597097
1122 -121.491684215 38.5854907927 32.553059064524
2933 -121.435944474 38.5287335698 32.5779873521839
2898 -122.297446997 37.8944560157 32.5813085952589
2620 -121.399309962 38.4778848377 32.5864253362918
5573 -121.388914026 38.46011804 32.5881729232971
5586 -122.103680437 37.8186525536 32.612562937948
6472 -122.022217815 37.8051255093 32.6136110292345
4885 -122.249750566 37.8678561785 32.6617315027059
3283 -122.287069686 37.8870243393 32.6652662848946
6307 -121.965082482 37.799280751 32.7366364419449
2007 -122.278189499 37.8803071817 32.7715204543006
3626 -121.516239102 38.6104592993 32.7798963518337
4196 -122.269567679 37.8752574029 32.8020344477355
4454 -121.401384826 38.4884408182 32.8098476754923
5373 -122.424821315 38.5564328953 32.8281258317566
6962 -122.362977712 37.933790971 32.8353529580406
3200 -121.418201045 38.5133193215 32.8368036805625
2466 -121.472144955 38.5739998667 32.8409025803558
3159 -121.482312565 38.5834558401 32.8414485136181
2548 -122.159502762 37.8296920166 32.8596589324252
6117 -122.356736106 37.9283281102 32.8708803583717
5241 -121.362390177 38.4162731736 32.8776398470508
2308 -122.295002567 37.8866829646 32.9362852307756
6223 -121.979580264 37.7966457235 32.9611777812326
4337 -121.94180143 37.7955395117 32.9667406943227
3633 -122.24891306 37.8618307815 32.996350693521
5283 -122.530657791 38.3858209213 33.0097525833847
8368 -122.259967608 37.8667733788 33.0163057771993
4571 -122.307515703 37.8923864431 33.0257597747429
5314 -122.215056786 37.8462221324 33.0543970295307
5706 -122.34158159 37.9134035357 33.0756930895509
5456 -121.418348435 38.520576494 33.0866557412745
4329 -121.459395004 38.5674649889 33.0970739954984
3387 -122.277901638 37.87407688 33.1205502960933
6563 -121.429617421 38.5358714464 33.1342577119983
4325 -122.546201393 38.2188433962 33.1458903155064
1823 -121.483662341 38.5915048871 33.1536201727529
4499 -121.434847103 38.542905193 33.1691864106205
3632 -122.28960051 37.879466408 33.1724752472739
5537 -121.540344896 38.6360159033 33.1961543737171
5659 -122.259232988 37.86316413 33.2078477751702
4794 -121.441828479 38.5519311668 33.2160899413788
4336 -122.269237382 37.8678801774 33.2210595825082
3667 -121.469385506 38.5801194844 33.2254641661681
5700 -121.378472372 38.4645831354 33.2298803545913
2925 -122.244089617 37.854763407 33.2866445998776
3372 -121.578767689 38.6615982225 33.2913515349081
1913 -121.354609506 38.130245002 33.2929958347651
7702 -121.601112539 38.6746036987 33.3416718526869
5922 -121.362477246 38.4380680659 33.3569700825401
3568 -121.41862923 38.5285904478 33.3637484275571
5788 -121.50819856 38.6170919592 33.4117335729207
7055 -121.324666624 38.2669152362 33.4119192303653
3527 -122.478248753 38.5073990398 33.4210988183115
4997 -121.552528836 38.6484980989 33.4363755549406
5245 -121.345273256 38.399407507 33.44135835813
3124 -122.308728083 37.8855742271 33.4419361259655
2642 -122.25869852 37.8588772 33.4459655347257
5784 -122.202620603 37.834517394 33.4834490873324
4605 -121.381036613 38.4780946887 33.4867757712602
3144 -122.287791426 37.872890154 33.4906107736403
4396 -122.27711869 37.8668414536 33.5148932331001
11035 -121.90820987 37.7872922028 33.5813669511029
1552 -122.257388012 37.8547291967 33.655049573825
3118 -122.26803293 37.8593485138 33.6850176686653
3218 -122.238137091 37.8454549405 33.6896045252692
3435 -122.389675627 37.9375078835 33.6929299063872
1530 -122.5086111 38.0784784096 33.7040329297948
5421 -121.439681812 38.5616513042 33.7043773036157
4481 -121.383060027 38.4891710938 33.7195248377074
2685 -122.296518954 37.8733186347 33.7374818035674
3103 -121.454269636 38.5777710565 33.7564479444762
3345 -121.501691438 38.620311253 33.8172942118941
1974 -122.249536146 37.8481918059 33.8289478113546
7049 -121.343953809 38.4163368614 33.8333849621923
6535 -121.362983011 38.4586643039 33.8441977346865
3964 -122.286295365 37.8657912257 33.8517071236877
10717 -121.383817942 38.0509207192 33.8928039506389
4685 -122.275868546 37.8583683666 33.9705263543369
5356 -121.484999593 38.6104277448 33.9849461426142
7342 -121.490590827 38.6150113485 33.9858815603652
2569 -122.53999211 38.1330627404 34.0108359355833
3703 -122.257400666 37.8482253973 34.0425275803244
2020 -122.267466806 37.8523241346 34.0821555243669
2794 -122.293661699 37.8645112182 34.1500672199521
4353 -122.19108576 37.8197739534 34.1521802817995
3483 -122.234449647 37.8361165377 34.1626129977944
3497 -121.440791053 38.5740543354 34.171708001976
3517 -122.264756207 37.8485279858 34.229852865274
1426 -121.618477101 37.8461454321 34.2729342065277
3647 -122.284179788 37.8573189932 34.2772901079486
7816 -121.989755228 37.7780017809 34.2876859210105
3067 -121.308292833 38.2719947205 34.298011354085
1677 -122.215907252 37.8263539614 34.3061545832829
1756 -122.302767227 37.8660195039 34.3467717325768
3716 -122.274628744 37.8503318141 34.4048920638336
4865 -122.254451366 37.8405787628 34.4193714275535
4920 -121.32169965 38.162797216 34.4357325036073
3040 -121.42099291 38.5594303536 34.4357538888321
2779 -121.491294831 38.6248861042 34.4379710082992
5083 -121.517288446 38.6442379447 34.4456079345925
7353 -121.953560038 37.7730209193 34.532329965534
1425 -121.339301926 38.4381601449 34.5421153548375
2172 -122.28157648 37.8505015316 34.5970015392644
1571 -122.264831372 37.8419938202 34.6200454944634
6590 -122.515120041 38.0576833362 34.6246206345504
4763 -121.457526708 38.6008955105 34.6441792549946
5664 -121.881174055 37.7733204024 34.6514089016335
3855 -121.380861423 38.0299832547 34.7153821322657
3558 -121.431367413 38.577629028 34.726696285946
6407 -121.352936624 38.4728982418 34.7275550314954
2109 -121.395547096 38.5374995829 34.7499151881592
2300 -121.344347536 38.458161356 34.7679150431447
5922 -122.225313208 37.8216326805 34.8259449915702
4206 -122.272272742 37.8417488719 34.8434988451877
7533 -121.489793144 38.632814445 34.8845974780647
2682 -122.543587885 38.1009407326 34.8953556785811
1954 -122.206991864 37.8133535593 34.9119995702433
2059 -121.29764511 38.2470214479 34.9254169023871
2929 -122.249791215 37.8300667093 34.9290869631916
3594 -122.283363702 37.845444919 34.9447299802048
2224 -121.415036006 38.5662828639 34.9724587610075
4745 -122.240614999 37.824601687 35.0242224026335
2671 -122.18304431 37.8029801855 35.052264076942
3265 -121.320427761 38.1305558796 35.0667226925933
3842 -121.472538167 38.6235574002 35.0987948535234
2416 -122.257886322 37.8305925027 35.112659951888
2859 -121.974208938 37.7642471218 35.1810088395181
2302 -122.280197792 37.8394691017 35.2038520797058
2283 -122.251034596 37.8260193858 35.2072220589411
5327 -122.475749106 37.9868567199 35.20848400606
2641 -121.431655156 38.5897537347 35.2293772480739
4443 -121.912717405 37.7631947584 35.2350206026278
4067 -122.587438871 38.2398505525 35.246323455536
4156 -122.263823959 37.8304898737 35.2795016962692
3850 -121.51884451 38.661466684 35.288781812827
2502 -122.289803215 37.8426003156 35.2994159949718
6513 -121.927397686 37.7614245399 35.3329422048562
1203 -121.493949527 38.6458433542 35.3791892855243
9944 -121.287786691 38.282639751 35.4165030529939
5048 -122.202206372 37.8033092864 35.4391911950653
2819 -122.25368572 37.8232890699 35.4424559355357
7455 -121.456519133 38.6174354885 35.4438669696308
5678 -122.271947741 37.8312004248 35.4605820909881
3054 -121.356602548 38.0403877172 35.5445625213689
2684 -122.213160288 37.8054604417 35.5487900905938
2807 -122.294585009 37.839833365 35.6015311278092
4197 -122.232162704 37.8114454221 35.6235829552314
3154 -121.394911482 38.5601472825 35.6270778102855
3428 -122.194977593 37.7978704872 35.6285018809769
5099 -121.952750028 37.7570418377 35.6365099187651
3461 -122.2416012 37.8148074736 35.6496826250899
4220 -121.385386363 38.5497822171 35.6668419510538
4048 -122.518427294 38.0289919545 35.6841362287854
3584 -122.248732968 37.8171968801 35.6845152975234
1749 -121.458239914 37.9220987384 35.6874192019744
5991 -122.157492892 37.7853894604 35.695961969147
3175 -122.283363705 37.8326444267 35.6965884526969
3136 -122.227674297 37.8082964325 35.710678466187
7195 -121.527777982 38.6752309042 35.7150380996553
3106 -121.408422902 38.577968696 35.7352133004201
2285 -122.082160638 37.7670777116 35.7856843364989
4129 -122.221420375 37.8041890042 35.8191251905232
3719 -122.190363388 37.7932864568 35.824314998805
1910 -121.413014876 38.5852352327 35.8353651844734
2742 -121.312174569 38.4344400074 35.8526201992028
4571 -121.353351021 38.0354850347 35.8570010776135
7689 -121.518168644 38.6726687443 35.9058073408799
1596 -122.302887071 37.8388239156 35.9072879771488
5625 -122.506171384 38.0050280976 35.9256617049928
2038 -121.284622118 38.3460890966 35.9314991493102
4374 -122.260076747 37.8176893101 35.9502103151808
1991 -122.256924999 37.8159445265 35.9731355253814
5135 -122.559368357 38.0882289953 36.0075440421069
2706 -122.184784548 37.7884239671 36.0219831566365
4482 -122.253478859 37.813512834 36.0315149183487
4753 -122.570370808 38.1104908556 36.05610898547
7560 -121.45923666 38.6328003335 36.0602140596676
5477 -121.427036583 38.6046096839 36.0695185129307
3528 -122.266673524 37.8181152042 36.1002929587392
4314 -122.273335003 37.8207218357 36.1245022007875
4291 -121.406108195 38.5851612388 36.1311834226553
6412 -121.297509246 38.1377426984 36.131926184053
2493 -122.214297693 37.796474887 36.140110350009
4596 -122.207951877 37.7936161511 36.1793829265279
5611 -121.390982048 38.569874897 36.1809429974949
3201 -121.355949809 38.0213374529 36.1927608715156
2630 -122.280582226 37.8229176924 36.1940048799707
2901 -122.561904773 38.4625826401 36.2180521978473
1724 -122.25200422 37.8095193301 36.2374147802345
3066 -121.410762023 38.5926313604 36.2422201206873
2725 -121.352125522 38.0248493414 36.2595831755028
4307 -122.606795783 38.2440559394 36.2779318113121
4597 -122.24337217 37.8052483403 36.282068350129
2587 -122.258635303 37.8111923156 36.3065734183056
4450 -121.362109425 38.0090626716 36.3192293252261
12534 -121.336135948 38.0476231641 36.3233755141906
2800 -121.346035349 38.0310653875 36.3515920971728
2145 -122.221874038 37.7955737061 36.3693695850492
5539 -121.363902383 38.5419364479 36.3734213978647
3243 -122.229662288 37.7982380145 36.3844125778744
253 -121.556210128 38.7042984605 36.4035123715643
3137 -122.237243343 37.8007995367 36.4066613627222
5885 -122.202490123 37.7879627089 36.419772634291
4610 -121.297337349 38.1227030613 36.4258566751111
6166 -121.440932004 38.6251685045 36.4275830214827
8379 -121.896927257 37.7461211492 36.4601579178722
3895 -121.948108794 37.7449958449 36.4656175085195
7819 -122.564309623 38.0793080951 36.4820174718486
2425 -122.186644843 37.7817395646 36.4893217770525
2293 -121.335582253 38.5048367034 36.5044459624956
1687 -121.286484147 38.1484049648 36.5290618536787
2163 -122.281426748 37.8173716253 36.547648128868
3818 -121.316199789 38.4732851203 36.5723369159744
1783 -121.266368357 38.2663758151 36.5783397203182
4029 -121.392217789 38.5813717933 36.5832350443654
1482 -121.371414556 38.5576332037 36.596031983739
7161 -121.489804317 38.6678295203 36.6517179758528
4089 -122.613257927 38.2376122558 36.6563782258294
2603 -122.251333355 37.8020641137 36.6770792309566
5702 -121.298197466 38.1079878205 36.6865325033285
4054 -122.175565236 37.7751067274 36.7008321767758
3643 -122.243224949 37.7982724373 36.708986579393
4146 -122.258950496 37.8046163153 36.7151842345957
5734 -121.975584318 37.7420569009 36.7178102007148
2295 -122.591415043 38.1316929562 36.7257487757024
5930 -122.216987803 37.7880774651 36.7300889822462
3965 -122.233069571 37.7939544483 36.7321483233175
3600 -121.359985195 37.999985345 36.7387259246729
4167 -122.164503633 37.7711087129 36.7550170257208
836 -121.288541786 38.4187479371 36.7617529923994
2709 -121.371277032 38.5619433157 36.7632652841252
1434 -122.266797739 37.8071104088 36.7683607056624
8370 -121.460427733 38.6484561594 36.7702103450632
3599 -121.422377176 38.6164004338 36.7852739936404
4592 -121.429312529 38.6228775044 36.7926843457598
3345 -122.271476309 37.8087143267 36.7957162186811
4550 -121.4084151 38.6034282036 36.80158668078
6725 -121.500227698 38.678073069 36.8152317035097
4113 -122.225017962 37.7892991179 36.8354237892044
1569 -122.276976413 37.8103738937 36.8440906613335
7249 -122.617983105 38.2544768443 36.8511868278794
3308 -122.135391282 37.7619817305 36.8616420319322
5849 -122.508943103 37.982495205 36.8820778193745
2351 -122.282439918 37.8120251814 36.8946715847453
5062 -121.928439696 37.7387470762 36.9003409213681
5892 -121.26680703 38.1957951747 36.9492390228534
4109 -122.193190069 37.7765202834 36.9570929296202
3957 -122.249437261 37.7965238528 36.9703029230379
2530 -122.254279403 37.7984884041 36.9708210427518
3414 -122.214400144 37.7831274869 36.9854443812576
4842 -121.360715394 38.5555480387 37.009314478158
5885 -122.591248324 38.1166102344 37.010210360978
3124 -121.392291996 38.5922629898 37.0237964570201
4351 -122.210238181 37.7807731957 37.0437607536724
3883 -121.278555222 38.1423519149 37.0488284193786
3006 -121.280704846 38.1348582261 37.0666470898974
2667 -122.303893676 37.8191564123 37.0811762162406
3114 -122.246068368 37.7933026015 37.0859570608863
6027 -122.203179873 37.777530821 37.0993402283824
3693 -121.354882282 38.5506007103 37.0999223953136
3035 -122.240918371 37.7909328654 37.1076593752862
3630 -121.345783925 38.5389797909 37.1182270505638
3540 -121.327285894 38.0355856752 37.1210010446746
3537 -121.334100734 38.0247763551 37.1293754177758
6504 -122.586128792 38.0983067156 37.1385684377185
5325 -122.137708159 38.7863546644 37.1476845231542
3910 -122.235760006 37.7877897646 37.180221533036
2193 -122.288931219 37.8100261971 37.1937098433415
5722 -122.568764037 38.0608775134 37.1937445740999
3324 -122.598796146 38.4211835864 37.2051707007474
4649 -122.230732046 37.7850396964 37.2344219577325
3519 -121.336475371 38.0173793052 37.2555200800522
4143 -121.363571369 38.5661625573 37.2717263189668
2788 -122.270713661 37.800426755 37.2765829100355
1151 -122.279918325 37.8042568403 37.2912529048971
2238 -122.275477221 37.8022681054 37.2915971372683
3323 -122.170952354 37.7646064027 37.2967925054208
2887 -122.155770725 37.7603717112 37.3035961988779
5718 -121.280186394 38.122813181 37.3186983190282
7809 -122.504837763 37.9662787698 37.3217987434895
4718 -122.22656536 37.7819663739 37.3314649712951
1784 -122.284760576 37.8057157255 37.3356837461329
7207 -122.188936022 37.7688775573 37.3634495494166
5730 -121.938592325 37.7319375366 37.3661948150023
3753 -121.284519748 38.1084534799 37.3844811353804
5492 -122.182329202 37.7662014144 37.4073834987576
5630 -121.340664031 38.0068691313 37.4081475049777
6637 -121.438578735 38.644166397 37.4111738724955
4217 -122.499042606 37.9571349134 37.4286164936423
6746 -122.219297849 37.7777688731 37.4327271638572
10129 -121.358007177 37.9821135291 37.4813639542506
4822 -121.392272509 38.6032396594 37.4819442350255
1703 -122.298214763 37.8095290408 37.4842073603853
3931 -122.197600911 37.7694997385 37.4976275245584
6290 -121.407996696 38.6191402989 37.503059244699
4054 -122.266439687 37.7945275913 37.5236477470957
4609 -122.629655666 38.233488549 37.565514567831
4795 -121.374393109 38.5863313958 37.5676475107253
3954 -122.206758151 37.771030471 37.5896592855034
4552 -122.625853468 38.2010816122 37.5946395694062
3450 -122.250305768 37.7864642295 37.6126365067731
2385 -122.296348093 37.8063436749 37.6200979023693
4804 -121.291430931 38.4655777262 37.6268396514279
3303 -121.317561803 38.0344805263 37.6300698646481
4193 -121.877077131 38.8143559891 37.6618359639493
4972 -122.178533002 37.7604186594 37.7101991596044
4854 -122.490133256 37.94030576 37.734787815307
540 -122.277031526 37.7955619371 37.7381351902974
4696 -122.165887558 37.7564171349 37.7397250501749
3870 -121.276045965 38.1085422534 37.8219430683857
4381 -122.227849057 37.7736254946 37.8855388415136
3495 -121.340826996 38.5548263854 37.9022377790372
5262 -121.835130956 37.7303983152 37.9049099343613
6523 -122.015268319 37.7273074117 37.9099239227954
3853 -122.53055995 37.9814895943 37.9120916968935
4230 -121.268678476 38.123002492 37.9166405856033
3114 -121.392265107 38.6142450093 37.9504742279472
2974 -121.339705473 37.992102035 37.9673003421357
4965 -121.446292588 38.6623219735 37.9884032660396
2805 -122.131894038 37.7440342274 37.9992397771687
4865 -122.634059241 38.3441035905 38.0084219393877
5347 -121.420246743 38.641648706 38.0210469013057
4004 -122.640192194 38.2654883064 38.0370926250643
4067 -121.91540163 37.7223505568 38.0526536319995
5063 -122.172632528 37.753262981 38.0670323002482
4191 -121.314812606 38.024445179 38.0740212545295
2327 -121.258707145 38.1434080983 38.0790053139996
6836 -122.547532675 37.9988433934 38.0850027974262
2406 -122.15353562 37.7478636661 38.0885123729199
71 -122.292793671 37.7966648775 38.0975971577668
6406 -122.56258336 38.0178108593 38.1720607100118
5547 -122.196943631 37.7587841218 38.1731247649028
3545 -121.357860301 38.5832551309 38.1820779549625
4450 -121.25968982 38.1342176554 38.1831802396738
2598 -122.212187474 37.7632928681 38.1980401822836
4107 -122.247800648 37.7759482989 38.2041245786274
4904 -122.642664671 38.2474377101 38.211504590205
9434 -121.891222033 37.720914306 38.2207062119362
5369 -122.643764281 38.2766720462 38.226676428704
3708 -121.323690757 38.0063834403 38.2317947592368
4315 -122.520619865 37.9610305546 38.2365329594282
4465 -122.643801416 38.2600009942 38.2409707524572
4586 -121.303993119 38.036128216 38.2462087422309
3060 -121.373792446 38.6030240414 38.2705300723192
3414 -122.188774469 37.7541762558 38.3100550478221
3062 -122.157166694 37.745312926 38.3173133872904
3213 -121.344599094 38.5710493647 38.3178993896828
3634 -121.768924579 37.7347845881 38.3191028351608
4896 -122.266089586 37.7811973282 38.3298722707209
4495 -121.466174796 38.6838876509 38.3310199372826
4559 -121.315983449 38.013110469 38.3791971122888
3536 -122.166149636 37.746671446 38.3824250109979
3122 -122.183750161 37.7504425199 38.4563217077983
38 -122.317873503 37.8025058964 38.4629325764467
4608 -121.391481538 38.6259039455 38.4894685311363
4915 -121.348739072 37.966004868 38.5125609705019
3646 -122.231392584 37.7648216452 38.5202788695355
3754 -121.324901053 37.9948148294 38.5680795246114
6142 -122.584044489 38.0385807435 38.5841967523188
5852 -122.536884429 37.9702974391 38.619398975202
3572 -122.628832867 38.412626334 38.6224078276679
6916 -122.061577784 37.7216978255 38.6482577611772
3956 -122.548939434 37.9839609308 38.6747774139845
3792 -122.162182891 37.740810532 38.6984755424719
5968 -121.93241881 37.7126865233 38.6999126617902
3670 -121.252408452 38.1263432717 38.7068265958809
3700 -121.300961067 38.024770467 38.7384004307675
5601 -122.503668785 37.930303871 38.7421866872195
4998 -121.258055835 38.108648109 38.7541614677088
3770 -122.146615569 37.7358390217 38.770267375936
4306 -122.180405937 37.7445863533 38.7748705787419
4229 -121.306581403 38.0148632347 38.7761152233371
2928 -122.247540735 37.766640417 38.7779154060806
3361 -122.524768511 37.9518056273 38.785997873229
3350 -122.653267686 38.2443686047 38.7975854406681
4624 -121.373787437 38.6158331444 38.8050340867281
2115 -121.843050732 37.7163162806 38.8071955609251
4567 -122.258221983 37.7697973908 38.8374548953617
4551 -121.917709782 37.7106304132 38.8587781642821
3670 -122.083512137 37.7213277429 38.8964583556596
4651 -122.234636492 37.7598597258 38.9060964540966
4185 -121.967680517 37.7100581867 38.9091735578901
6256 -121.324804125 37.9845192567 38.9337449569466
5626 -122.453451431 37.8804455233 38.9379473675922
3165 -121.302902264 38.5329467126 38.9581631094623
4722 -122.283593294 37.7778161788 38.986569093401
4640 -122.26903052 37.771484301 39.000362508328
3878 -121.326037185 38.5669336376 39.0198197547555
4931 -121.329422229 37.9760508047 39.0238177950127
4119 -122.304238293 37.7859664949 39.0522599470395
5050 -121.355249433 38.602780971 39.0705300547825
5229 -122.173350501 37.7378477866 39.0871684208461
3129 -121.94196047 37.7068552714 39.101323069081
4080 -122.15624839 37.7330624475 39.1092723494719
2880 -122.369817631 37.8189692327 39.1299919531187
2585 -121.339477592 38.586508299 39.1329296084358
3704 -121.307241164 38.0019098381 39.166541280272
5842 -121.287007452 38.0326874052 39.1844990838754
2046 -122.100661628 37.7199402822 39.1889447383761
2319 -121.37373096 38.6249306411 39.1946408738952
8072 -121.262549704 38.0775462445 39.2134441955004
3288 -122.528722177 37.9454608864 39.2151833108543
4357 -122.251125716 37.7602708343 39.2599950197073
2478 -122.142842943 37.7270684071 39.2929497955729
5441 -122.492381587 37.9062935559 39.309257002181
6259 -122.240408038 37.7552050826 39.3297315097327
4349 -121.885108785 37.7051088044 39.3353685970892
5932 -121.389288462 38.6435364811 39.3634338981663
3695 -121.447856584 38.6910514769 39.36425486474
3183 -122.25899119 37.7615923442 39.3649956514792
4866 -122.284680235 37.771661519 39.3890808132797
3271 -122.270146716 37.7653006551 39.4087576650645
4656 -122.165617183 37.730865772 39.4106823469984
3729 -122.124528268 37.7212308789 39.4139674810005
4214 -121.287019094 38.0247622938 39.4205057159145
3618 -121.86113808 37.7053726006 39.4379117228854
1590 -121.308773207 37.9906250978 39.47478993909
2914 -121.295738768 38.0093729935 39.4757056060556
4889 -121.325402775 37.9676048791 39.5200932093924
4461 -121.375173735 38.6342054326 39.5352724384894
7249 -122.583189054 38.0056785201 39.5568819264256
4940 -121.319035184 38.573511131 39.5802868137659
4994 -122.664720008 38.2087862199 39.6246756824739
2255 -122.183497463 37.7323450706 39.6293160134944
6591 -122.654711018 38.3895610339 39.6312007721463
3220 -121.301429007 37.9956877365 39.6517749667683
5778 -121.287998216 38.0149924053 39.6730104845881
2277 -121.350616445 38.6137536633 39.7191973528808
4527 -122.564130081 37.9745759133 39.7197814546246
3152 -122.177739993 37.7291209695 39.7360972128018
4825 -121.356414633 38.620613684 39.7519130026746
2074 -122.466407338 37.8737451487 39.7683947491491
6842 -122.15513908 37.7226959678 39.7759194876969
5859 -121.327765767 37.9576155139 39.786854818626
4065 -121.424697088 38.6830623388 39.8283757761823
5175 -122.522819941 37.9239963771 39.8364226464058
4306 -121.337044592 38.6020434795 39.8452861819185
2926 -121.295570626 37.9973821048 39.874958912916
7168 -122.646060593 38.1156859058 39.8883308705202
4644 -121.398071791 38.6627328446 39.8885251966133
3814 -122.082205207 37.7060982814 39.9151691318292
2358 -121.324989802 38.5899362173 39.917434295473
3832 -122.135465439 37.7158595501 39.9284777562669
2407 -122.561597599 37.9637101868 39.9998910933196
4831 -121.865131557 37.6968587292 40.0006636783823
6027 -122.537691778 37.9357810708 40.002638920146
4485 -122.173533638 37.7234425584 40.0342139625934
5303 -121.309256313 37.9731855065 40.0645743864346
3070 -122.57585212 37.979657596 40.0871238624759
4425 -121.298858016 37.9859356614 40.1050683844354
4734 -121.892391588 37.6929553085 40.1461611424023
6382 -122.676851897 38.3260065277 40.1818516360424
2295 -121.317152076 38.587771669 40.1914859203613
4450 -121.285168204 38.0026407653 40.2023444575108
3483 -122.679878199 38.2576642941 40.2042148834593
3760 -122.146990172 37.7142493413 40.2077507548777
5887 -122.096962643 37.7041962381 40.2079209319506
5394 -122.065028895 37.6992152358 40.2129195326252
4609 -122.55318603 37.9474311619 40.2341281763916
7074 -122.247920487 37.7425072622 40.2993966557024
6049 -122.109196952 37.704968228 40.3032676749249
4839 -122.166145924 37.7167198772 40.3505972888051
6595 -121.740264603 37.710153881 40.3670900528265
4657 -121.910628657 37.6888865159 40.3755775555787
5892 -121.357070109 38.6362346054 40.3858728138696
2818 -121.303733554 38.5763662983 40.3895101006828
3552 -122.211781653 37.7287263754 40.4051122657739
3530 -122.139063482 37.7093038773 40.4180529638847
3087 -122.599668804 38.0029622061 40.4391239454593
6126 -121.337309836 38.6172546759 40.4427621403034
4681 -122.082831274 37.6982614729 40.4537025721717
6143 -122.682552722 38.3392910541 40.5812476087225
6526 -122.23699324 37.7336416645 40.6169628399004
4262 -122.507733697 37.8911157197 40.6280198233058
3043 -121.30579869 37.9613435211 40.6553752057695
4436 -121.278689306 38.549989352 40.666048830981
3486 -121.311161934 38.5938528484 40.6917081404469
2054 -121.361340191 38.6476365655 40.7021458342496
4131 -121.451239165 38.7198581001 40.7308011771734
6599 -122.113544679 37.699259113 40.7423060438856
2714 -122.078437778 37.6929230293 40.7711062995852
4249 -122.522169539 37.9014409861 40.7747615461576
4903 -121.292893906 37.9747338603 40.7753436349493
4212 -121.429788708 38.706467922 40.8094513174288
3989 -122.133468468 37.7021311147 40.8163852177082
6560 -121.815655196 37.6896573947 40.8559178593767
5155 -122.582366723 38.5817415617 40.8777033672172
7369 -122.123466575 37.6988087949 40.9016255702711
6692 -121.316865237 37.9401752074 40.9522947646531
4796 -121.886466981 37.6811269798 40.9843903143682
3225 -122.067247765 37.6881285116 40.9893204344504
4140 -122.050808534 37.6860050125 40.9922774615572
5850 -121.762903701 37.6959945697 41.0035669756033
4928 -121.298507131 38.5874674613 41.0322565385075
6897 -122.147096828 37.7017430872 41.0406188838937
5814 -122.185409012 37.7111879427 41.0456209380814
4619 -121.337080669 38.6317823596 41.0512592285688
5130 -122.693396584 38.3222746859 41.0546331583026
5133 -122.594028442 37.9762396603 41.0620989810986
5956 -121.852576448 37.6824240388 41.0678233986575
2220 -121.784210993 37.6912267263 41.0685733663757
3563 -122.66777471 38.4360770466 41.0823303510419
5808 -122.540477553 37.9121501051 41.0996425410108
4178 -122.656818812 38.4655735882 41.1218447455792
4884 -122.110278408 37.6923592271 41.1662144858914
3739 -122.411354915 37.8069314192 41.1737390312323
2685 -122.398662038 37.7990870485 41.1766019317381
20177 -121.247467237 38.0309414831 41.1929550075625
3636 -122.693281598 38.3471401953 41.2224712015127
3508 -121.366814533 38.6646833746 41.2382326023509
1293 -122.552248582 38.6265879787 41.2530987968308
4808 -121.317239066 38.6155634498 41.2582854319846
6978 -122.665797482 38.4510891806 41.2748183994394
4582 -121.290135139 37.9640515594 41.2837889464083
8384 -121.276076323 37.9827562318 41.2945303359438
4545 -122.407537065 37.8022724294 41.297947099593
2396 -121.298509126 37.9529964289 41.3000320810473
1509 -121.73224647 37.6979063754 41.3014619842426
5627 -122.082849207 37.6855044413 41.3202736636673
6834 -122.157490852 37.698591197 41.4091319504919
3894 -122.406380186 37.7993884772 41.4167236169744
4479 -122.064617401 37.6807824506 41.4665002798775
4453 -122.497621367 37.8639986379 41.4683347057332
4537 -121.37744248 38.6793814791 41.4880351971771
4587 -122.700182278 38.334206239 41.4956067910772
6610 -121.780316675 37.685271644 41.5157447835636
4451 -121.296738063 38.5983678679 41.516247303314
3182 -122.114642656 37.6876289868 41.5390546945896
6855 -122.70291636 38.3172624592 41.543536829243
4307 -122.404057356 37.7956134327 41.5464439200099
4912 -121.350976099 38.657263454 41.5579683713437
3152 -121.86857498 37.6736745269 41.5784623960461
5592 -122.410030439 37.7985223245 41.586343090222
3852 -122.415697862 37.8016455796 41.6077071689636
3191 -122.485538279 37.8510230179 41.6139536417605
3685 -121.882045442 37.6721297434 41.6227892929334
8722 -121.912861056 37.6706749068 41.6299082931467
7306 -122.687522151 38.4082707934 41.6437454016278
4796 -122.69981549 38.3562865429 41.6554460762681
8365 -122.639186522 38.5224621485 41.680056771915
4143 -122.421619687 37.8039297135 41.6863630733059
11502 -122.394271737 37.7868285786 41.7124105342971
5313 -121.362763061 38.6718290306 41.7283078904652
1500 -122.406140187 37.7933585509 41.7395087749068
5733 -121.899924163 37.6695035127 41.7417396807265
3725 -122.093328892 37.6809293456 41.7419417845099
3143 -122.409324116 37.7947059402 41.7714540020289
6180 -121.379155371 38.6869577993 41.7770415711945
3413 -122.707192979 38.318457906 41.780977911483
5174 -122.699615003 38.3705220832 41.7897188648969
3603 -122.664167756 38.4784390616 41.7910909350207
1783 -122.403462354 37.790476913 41.8098328347082
3964 -121.271973256 38.5746792468 41.8099715275833
5329 -122.107016401 37.68193234 41.8302117441086
6416 -121.335270655 38.6483800574 41.8308219136303
4578 -122.414290447 37.7965087596 41.8393633278019
2359 -122.513103074 37.869275576 41.8450147133857
3982 -121.310386365 37.9244349894 41.8637034361479
3863 -121.284862817 37.9539991203 41.892938078869
5405 -122.706696524 38.3433950247 41.9147172116469
5660 -121.748977372 37.684948183 41.9287859109882
4866 -121.280631193 38.5901426991 41.9520347013805
4579 -122.558489533 37.910450226 41.954306989285
2749 -121.276823741 37.9626417534 41.9558796691391
4320 -122.420559688 37.7980424152 41.9681263684799
3337 -121.724657021 37.6894464822 41.9785135989311
3286 -122.412718207 37.7929778261 41.9794462766298
2557 -122.427221066 37.8019737893 41.9841130990797
2598 -122.409799164 37.7910012227 41.9905209756279
4145 -121.298944472 38.6136068445 41.9966136799535
2909 -122.433291926 37.8055356642 42.0040389070037
5978 -122.14382454 37.6860143812 42.0404239293193
7042 -122.065084153 37.6715200973 42.1028482108972
6763 -122.675357096 38.4670632496 42.10628709952
7626 -121.383904756 38.6977728164 42.108531897651
4503 -122.083191089 37.6738753999 42.114086886154
4582 -122.546049166 37.893386225 42.1391827559023
4827 -122.419795589 37.7943891837 42.1404411982399
5269 -121.288300589 37.9428611015 42.1474411409789
2408 -122.413915142 37.7904810978 42.1561295377902
4594 -122.11594053 37.6785298175 42.1681234909035
5481 -121.31088297 38.6313686938 42.172075007856
3833 -122.411883197 37.7888118677 42.1800249864369
3499 -122.401167039 37.7820303219 42.2031533278462
3376 -122.432105177 37.8006220022 42.2252433241418
2618 -122.040512209 37.6668606659 42.2259719860002
16787 -121.493234324 37.7731523902 42.2327439440321
3525 -121.319732717 38.6426200977 42.251108008394
2383 -121.268544142 37.9651270853 42.256832635091
4902 -122.102208178 37.6747536406 42.2593885414291
3073 -122.41211098 37.7870236599 42.2858753154178
5382 -122.129646895 37.6793755317 42.2878062687378
2734 -122.410732653 37.7859447765 42.2996419492887
4352 -122.155319162 37.6845123209 42.3103845089953
5164 -122.419075827 37.7907445641 42.3146227605439
3138 -121.729174469 37.6833338681 42.3172618815387
3102 -121.787914684 37.6721533921 42.3205599850511
6067 -121.344300116 38.6686396534 42.3396443072838
3811 -122.424742192 37.7937820194 42.3410869399861
4044 -122.430502005 37.7972496071 42.3508908603136
3998 -121.25740843 37.9774580289 42.3621878723974
6305 -122.169735871 37.6871189346 42.3630151481121
2560 -121.302778654 37.9201414227 42.3741289984266
2329 -122.439155143 37.8022656791 42.3827818921266
5219 -122.691396328 38.442700918 42.4386673316613
4576 -121.828920928 37.6648711813 42.4387305419531
12552 -121.312320583 37.9080627185 42.4427087722645
3833 -122.41850349 37.7879667017 42.4471340431122
9177 -122.705849274 38.3977580973 42.4610717853843
5335 -122.410961894 37.7830135013 42.468886293282
3821 -122.412592259 37.7839493306 42.4710535724729
3012 -121.394895329 38.7138714988 42.4767741630469
4567 -122.416353283 37.7858475613 42.4914290825096
2625 -122.427408802 37.7926150255 42.4950013754688
6505 -122.531762362 37.8717643898 42.4956123068514
3866 -121.353835149 38.6810674209 42.5126426126118
3859 -121.801012901 37.667275418 42.5185792804783
6224 -121.775569361 37.6712090196 42.521354368631
4768 -121.864742853 37.6602648775 42.5217339549742
9083 -122.393635649 37.7716716812 42.5420561654537
3492 -122.44524902 37.803234464 42.5454019171771
5921 -121.168953612 38.3858549739 42.565528254407
5001 -121.289751568 37.9290664498 42.6077939987225
4221 -122.402294828 37.77532608 42.6135617907372
5251 -121.887480634 37.6573099189 42.6241868717754
2986 -122.419661131 37.7854201903 42.6251866701067
5075 -122.415787264 37.7830519216 42.6262089080243
2493 -122.423399619 37.7874451857 42.6399764939024
2279 -121.273084816 37.9483428557 42.6451096990235
7630 -122.410698385 37.7794389346 42.6578702165158
4317 -121.35828263 38.688138099 42.6604023565813
3039 -121.346734949 38.6790227432 42.7074187642616
4835 -121.277127081 38.6064020336 42.7086969796361
4106 -122.44174722 37.7978058896 42.7106168610053
4835 -121.281704299 38.612060361 42.7134520009951
7129 -122.091742278 37.6662974275 42.717317104418
5261 -122.123625267 37.6717776117 42.7195082690068
2652 -121.331597113 38.6657804777 42.7402648810248
2556 -122.432536865 37.7908960365 42.7629082356401
4516 -122.408709813 37.7760662754 42.7800388152212
3827 -122.112124531 37.668506681 42.7975273461796
2234 -121.380185022 38.7094057018 42.815649539772
3379 -121.930829957 37.6531679595 42.8177159793599
4162 -122.438736736 37.793663754 42.827316450378
3934 -122.43026702 37.7879139218 42.8467824208461
3974 -122.417757956 37.7801287722 42.8523458545723
3939 -121.254289943 37.9673110774 42.8542419459243
4668 -121.736977518 37.6733472242 42.8709838790471
2465 -122.422487118 37.7823294181 42.8888311010117
4617 -121.760737726 37.6683656493 42.8906052141694
4576 -121.317594187 38.6559066452 42.90333144328
3231 -121.233321532 38.5533370015 42.9523945016024
6403 -121.983122733 37.6518315558 42.9721570584383
4449 -121.790062911 37.6621141018 42.979476531692
4583 -122.069117756 37.6587031791 43.0135344372395
5073 -122.1476552 37.6721410871 43.0214629973993
4225 -121.301803871 38.6429666836 43.0414441295233
1534 -122.38753043 37.7594264852 43.0458542357506
5179 -122.045808253 37.6552442695 43.0606846658964
4350 -122.429340353 37.7833366769 43.0639696846451
4557 -122.13753961 37.6690198619 43.0885477493268
6840 -121.375284811 38.7113399411 43.0977482370844
3599 -122.440809128 37.7898451981 43.1036268900342
3284 -122.100503902 37.6619867781 43.1044889531673
5592 -121.260562971 37.9516840311 43.1065406810539
5020 -121.278416847 37.9292633547 43.1140733715797
2060 -122.395623962 37.7625416117 43.1207365627683
3622 -122.434128583 37.7850934613 43.1308532479569
4889 -121.357667701 38.6982643371 43.1587065892662
3355 -121.38762231 38.7222186891 43.1646183948955
4329 -122.699167015 38.4600708625 43.1853527751869
2541 -122.422870189 37.7771482813 43.1857902009633
3158 -122.708361706 38.4351907661 43.1868643195153
2040 -122.439327784 37.7867649433 43.2182352054424
5366 -122.428656439 37.7799794698 43.2239401152306
6091 -122.078898035 37.656790698 43.2344066833916
2084 -121.318881465 38.6652670785 43.25103426397
6519 -121.29555094 37.9050469085 43.3035800966864
6724 -122.109726309 37.6603489502 43.3201980023101
2128 -122.412487607 37.7680384863 43.3495383536896
3527 -122.707036658 38.4483367034 43.3606375139125
3656 -122.666515847 38.0139307055 43.3791999312664
2219 -121.283536633 37.9161015694 43.3944188884302
3122 -122.402000993 37.7609582863 43.4111575699944
1038 -122.602302051 37.9226326926 43.4147847182203
3100 -121.27514702 38.6230963878 43.4302587161645
3594 -122.437351148 37.7813011167 43.4458407959413
3264 -122.424903236 37.7735357906 43.4518653741854
4293 -122.429548448 37.7760424076 43.4690141075754
2771 -121.268650201 37.9312922111 43.4823511552338
2692 -121.340913497 38.6917994618 43.5272481426311
7522 -122.728410569 38.3880581481 43.534247211696
3453 -121.223086275 37.9924177446 43.5354488997571
2079 -122.71331968 38.4416498906 43.5628656733226
6172 -122.419992513 37.7685939102 43.5629784083343
4232 -122.452439186 37.7887187023 43.5675691204349
2757 -121.149979587 38.1620831588 43.5973844744102
3235 -122.466333192 37.7973864433 43.6022545071001
5395 -122.397498741 37.7550886075 43.6022653310874
4027 -122.094440552 37.6535922894 43.6081730157044
4647 -121.31797959 38.6727195925 43.6133813493962
5742 -122.721668828 38.4201062687 43.6317968426886
4571 -122.085165092 37.651845854 43.6320217120249
3451 -121.34658696 38.6995066814 43.6568061757862
2965 -122.438505639 37.7780762837 43.6598780763857
2099 -122.406242465 37.7589170754 43.6605978553319
4797 -121.300253406 38.656318798 43.6622783302322
4922 -121.326228018 38.6817514846 43.6705323915316
7805 -121.372679229 38.7215143658 43.6942513191752
3218 -122.429010847 37.7713361227 43.7091144112393
3977 -121.244994719 37.9550559628 43.7171843356993
4890 -121.282036853 38.6390148668 43.7474950948918
5621 -122.45103832 37.7843537472 43.7516317710754
5078 -122.412512183 37.7607233905 43.759129086486
3778 -122.436972105 37.7750949884 43.7700643775602
6269 -122.424179476 37.7671129205 43.7822506728709
4011 -121.786498019 37.650660123 43.7944354163982
6409 -121.235980248 37.9647865151 43.8095087620227
3846 -122.712877819 38.4570209108 43.8338586416533
7656 -121.355751008 38.7118013123 43.8762122637574
5417 -121.257303012 37.9333555563 43.9258670495756
350 -122.390284701 37.745376735 43.9350119136015
7832 -122.448011202 37.7789055163 43.9394425596216
4595 -122.412101912 37.7558405491 44.0200485217768
2338 -122.061304649 37.6428364944 44.0306180714222
3761 -121.331940257 38.6951622805 44.0441089050776
6577 -122.419157382 37.7594373803 44.0450007806051
4652 -122.437743008 37.7703504621 44.0547208379008
2924 -122.432480716 37.7670985479 44.0572147472315
3725 -122.375845267 37.7357207423 44.0619985188555
3384 -122.406248799 37.7517523758 44.065425102019
2390 -121.129615999 38.310750078 44.0705958013461
4621 -122.068614639 37.6431307299 44.0722607376766
3034 -122.42942287 37.7649470078 44.0744894048223
4046 -122.72750759 38.4288832043 44.0826595412679
4088 -122.461831574 37.7851662659 44.0852971981502
4528 -122.079331706 37.6440606445 44.1057940246951
3473 -122.101597858 37.6471762633 44.1201551229848
5216 -122.038959314 37.6386094515 44.1540349911448
5151 -122.752837237 38.2645762863 44.1552677388603
10001 -122.707277338 38.4857861504 44.1610493768108
5083 -122.447790879 37.7741920166 44.1861174412925
5171 -122.423544163 37.7591670314 44.202234800627
2617 -122.410382669 37.7513308067 44.2195614743257
5668 -121.300830449 38.6709852182 44.2599097862612
2728 -122.456428242 37.7782415766 44.265413737945
3408 -122.087673359 37.6428543122 44.2685913538958
4716 -122.734186024 38.4198261755 44.287801029137
4640 -122.413959718 37.7511812444 44.341322422552
5191 -122.468373137 37.7843251804 44.3604270367998
5069 -122.447459802 37.770486855 44.3753794053591
3478 -122.384499045 37.7345024263 44.388859317067
5546 -121.243870808 37.9376493241 44.3895168474881
3004 -122.722860825 38.4592127707 44.3953677978225
4711 -122.430341917 37.7595688976 44.401904291423
4089 -122.390174237 37.737053462 44.4110990817158
3689 -122.439503688 37.7648893064 44.4123322187075
5040 -121.354855823 38.7226924693 44.4345800774848
4256 -122.073439166 37.6384358151 44.4353260283288
4372 -122.418426411 37.7518186 44.4478434922948
4000 -121.307862618 38.6826564337 44.4717519819954
4996 -122.461356043 37.7775820521 44.4718083558189
467 -122.368363244 37.7246223333 44.4959130211282
6755 -122.111596395 37.6431815772 44.5025579628728
3151 -121.282199288 38.6582703224 44.5225712944821
3077 -122.407653816 37.7439495535 44.5519618810778
6827 -122.732823018 38.4410889851 44.5726023420367
3544 -122.446094002 37.7657131222 44.588534899895
4196 -122.422840258 37.7515873835 44.602360410421
3649 -122.06974371 37.6349019229 44.6440870272214
2583 -122.437030392 37.759124097 44.6467832588201
3243 -122.475487396 37.7833749574 44.6629044249483
3853 -122.429813123 37.7539738155 44.6949374495047
4239 -121.219338409 37.9618658893 44.7008832152786
3217 -122.080490874 37.6353667695 44.7091667421023
6474 -122.468003627 37.7771125111 44.7290513619776
3710 -121.315046017 38.6952070909 44.7339332936141
5502 -122.738378856 38.4340107363 44.7404784628538
3451 -122.450476966 37.7654270595 44.7522345547619
6052 -121.253766484 37.9156612372 44.7551257881698
5369 -122.414214759 37.7436890394 44.7723008991933
3111 -122.093020692 37.6362274393 44.7729721879986
2432 -121.28851224 38.6709428821 44.7816678133742
4582 -122.386144293 37.7277521842 44.8299827034136
4093 -122.395840463 37.7326846652 44.8341411782593
2846 -122.443492381 37.759514314 44.8399760626765
6495 -121.438304641 37.7581225473 44.8470727373418
3358 -121.32052295 38.7026145021 44.8473487103683
5216 -122.401767873 37.7351841136 44.870592138267
3687 -122.481194771 37.7831158448 44.8802791189118
9003 -121.334695843 38.7155926574 44.8830294672256
3879 -121.364041987 38.7391828122 44.8927878471095
2376 -122.486970226 37.7866551633 44.9038690364015
13899 -121.502134997 37.7218190576 44.9261257449038
3264 -122.429409815 37.7495839983 44.9262287521966
6594 -122.736738866 38.4509334182 44.9573384951469
4362 -122.420164103 37.7437033735 44.9595143311283
4397 -121.211778025 38.5848495437 44.9953444743365
2779 -122.438113565 37.7531794019 45.0105588284629
5137 -122.475542192 37.7767610818 45.0129953873151
4407 -121.258002272 38.6445353742 45.030495716716
3214 -121.444541061 37.7508883717 45.0411144419091
4912 -121.241103822 38.6253571296 45.0553807578372
3082 -121.245598127 38.6309258851 45.0608201745374
5096 -122.426696531 37.7450626146 45.0915473868238
5368 -122.059597943 37.6270598103 45.0963501199554
2912 -122.412784395 37.7368938413 45.1129645361487
2339 -121.295436388 38.6855748973 45.11879509764
4233 -122.45974462 37.7642368183 45.1321972009811
5326 -122.488135402 37.7822722142 45.1735999641945
6807 -122.735640343 38.4651429884 45.1766632685196
3568 -121.278181715 38.6711652147 45.2330117651394
4334 -122.484061151 37.7782493079 45.2374069830424
3997 -122.444410873 37.7528317176 45.237571072563
2474 -122.43845366 37.7492637621 45.2384327346501
5281 -121.270509124 37.8842736549 45.2561556133735
3731 -122.088517349 37.6282249147 45.2723730953558
4251 -122.100290005 37.6298673879 45.2802866943145
4540 -122.076445783 37.6262225855 45.2957171239259
3660 -122.390168364 37.7216217008 45.3057855909916
2624 -122.397801733 37.7253767624 45.3152147496614
3404 -122.420972388 37.7377087905 45.3233726161774
3272 -121.174623915 38.0119745784 45.3539555648285
4838 -122.456934955 37.7583659683 45.3544442334011
4788 -122.412139544 37.7315824611 45.3955576758381
4665 -122.405774229 37.7281461694 45.3968707649922
4792 -121.317662543 38.7122504183 45.4057883739408
2310 -121.981512941 37.6163042488 45.4217439745227
3824 -122.483790125 37.7744560345 45.4267488965087
3283 -122.028520278 37.6191336018 45.4273461977324
3836 -122.43813948 37.7454941524 45.4373533729663
4313 -122.467323245 37.7630816927 45.4546044156067
4189 -121.444043679 37.7436546085 45.4595554026614
6153 -121.300234062 38.6991876393 45.5210106079771
4267 -122.420587446 37.7337717196 45.5340987023536
320 -122.501476617 37.7844781776 45.5441684976992
7675 -122.038967757 37.6181783793 45.5571625587854
3840 -122.42911195 37.737947731 45.5680648073578
3046 -122.452639196 37.7517295494 45.5718757966689
4610 -121.258235297 38.6584915346 45.5765306832
3709 -121.101367666 38.2329840862 45.6279027076581
171 -122.481929381 37.7690256195 45.6470966258874
6799 -121.281327481 38.6841478578 45.6508472778038
4005 -122.49211168 37.7758405906 45.651654666698
1960 -122.401987361 37.7216036244 45.659106784121
5114 -122.748126813 38.4573281318 45.6717250617748
11010 -122.767021275 38.3954398932 45.685468863006
3928 -122.473779984 37.7628138379 45.6922472477599
3360 -121.266954944 38.6711151163 45.7140987522621
3656 -122.496312937 37.777435747 45.7200241788572
4694 -121.430498647 37.7468193006 45.7277318102029
6507 -121.42075183 37.7521324245 45.7620994680437
3948 -122.439258212 37.7402715647 45.7643097915282
3610 -122.389924454 37.7133403003 45.7819337177074
4261 -122.410952738 37.7234772947 45.8229647690605
5658 -122.469240675 37.7569374355 45.8510684705917
3920 -122.057354742 37.6155588864 45.8664764318561
5618 -122.42243042 37.7287157181 45.8786061523149
2331 -122.082647897 37.6184988101 45.8790919548747
3536 -122.503964867 37.7791753161 45.9079159232819
4416 -122.48078983 37.7624864802 45.9538612850039
7286 -122.758459227 38.4433015247 45.9545049641886
4118 -122.403271658 37.7164786469 45.9940911041908
5875 -121.445049334 37.7328985307 46.0289991454072
3544 -122.426273293 37.7261276053 46.1457030432274
2221 -122.457168401 37.7437483584 46.1604942442895
6400 -122.507451146 37.7760289993 46.1972066322551
3549 -122.471601415 37.7519332298 46.2018316960769
4316 -122.482563068 37.7588959416 46.2069236621028
2894 -121.279081641 38.6948685689 46.209518997969
2462 -121.304505055 38.7183945778 46.2184476545536
5718 -121.234980593 38.6488484358 46.2253866634877
3752 -121.297038191 38.712833494 46.2667221628505
6343 -122.450208361 37.7374213823 46.2795221660672
5547 -122.750397306 38.4828743234 46.3080608102851
3384 -121.253263371 38.6713960989 46.3188828889141
5106 -122.467512812 37.7469490911 46.3328210438381
797 -122.418695154 37.7179351197 46.3777411295072
8471 -122.437261715 37.7280618286 46.3836096649421
5095 -122.760699156 38.4611567795 46.3994299299379
4044 -122.411286795 37.7135144027 46.4063938612306
3353 -121.282736322 38.7029181777 46.4104734401482
4140 -122.406925478 37.7111541865 46.4117905062567
6572 -122.491172692 37.7601555162 46.4420037500937
2551 -121.527983501 38.8612919243 46.4456733192194
5863 -122.432253162 37.7235601484 46.4789088123871
4873 -121.26701833 38.6894357634 46.483874528305
4037 -122.75934921 38.470231454 46.5075934365911
3262 -121.430523112 37.7326772875 46.5096657155598
4047 -122.481461959 37.7524041867 46.515550575454
6193 -122.446186508 37.7296149744 46.5828761966648
4908 -122.428800874 37.7196315193 46.5935403308147
4319 -122.794420545 38.3374170629 46.60662814817
6765 -121.370828613 37.7687732395 46.624249094858
7431 -121.345028954 38.7598679106 46.6345939381769
5989 -122.02251212 37.6003757706 46.6849816389675
2839 -122.073855902 37.6054034723 46.6946703362527
3226 -122.789569417 38.1705974728 46.707827596161
6448 -122.122738636 37.612450308 46.7093009321219
2541 -121.256516679 38.684554786 46.7249924571381
6706 -121.316485362 38.7393718656 46.7258853772356
7312 -122.042698553 37.6011621812 46.7501821924331
2851 -122.415288631 37.7096286661 46.751405318891
5667 -122.467845027 37.7391930795 46.7667330265061
3216 -122.419901288 37.7110213516 46.8112333152
3831 -122.49065255 37.7526795622 46.8203375725904
4238 -122.480395311 37.746022937 46.8217461542105
3417 -121.421156968 37.732411044 46.8309042121421
7842 -122.499160476 37.7576220537 46.8581035948689
4315 -122.435709439 37.7178909835 46.9085193344281
4322 -122.506155972 37.7613967593 46.9095076010214
2311 -122.67837239 37.9226383212 46.9108697684593
7081 -121.636774812 37.6374440935 46.9116325029998
6006 -121.288167919 37.8283364173 46.9308521896575
5510 -121.281229884 37.8340757493 46.9591487069088
4248 -121.281244417 38.7142160061 46.9752569360871
3494 -122.457163509 37.7286158874 46.9952302107692
6810 -122.443161664 37.7196171021 47.0465401351879
4154 -122.415838562 37.7044375785 47.0677026637197
4992 -122.4307972 37.7116644949 47.1091867216706
5784 -121.433816937 37.7200524715 47.1092331047042
3570 -121.188694808 37.9337687747 47.1123874023822
4495 -121.234972362 38.6713478948 47.1158425835475
5021 -122.490192746 37.7461558524 47.152440970814
3902 -121.293336077 38.7289220216 47.1531509455193
6784 -121.123787154 38.5099235172 47.2039695087603
5271 -122.746835294 38.5289959864 47.2172838140619
6496 -122.012309924 37.5913616931 47.255851284623
4875 -122.439547207 37.7138611561 47.257323952169
3840 -122.799708295 38.3806651116 47.2605979560137
3205 -122.083341408 37.5982548291 47.2661318176025
4715 -121.213037993 38.6503743093 47.2697806368285
5300 -122.507189665 37.7550526065 47.2785821294765
3493 -121.347248338 38.7755968043 47.3438624206107
11433 -121.44473196 37.7096188154 47.3556244385457
7632 -121.322629675 38.7573674695 47.3572675262116
3137 -122.452403978 37.7193164599 47.3589401180247
7345 -121.248710502 38.69167176 47.3590715849695
7764 -122.48478657 37.7385284981 47.3764217472849
6581 -122.468278281 37.7282934755 47.3789673164016
3582 -121.288764423 37.8179543923 47.3812658119953
6167 -122.457339076 37.7217722667 47.3812713580646
4016 -122.064883168 37.5938407451 47.4119927689797
5883 -122.027876857 37.5893608531 47.4721625338129
4219 -122.04880093 37.5912190187 47.4736642595698
4308 -121.962105041 37.585289949 47.5257372928351
2605 -121.293206914 38.7382426909 47.5910848142457
7226 -122.497856732 37.7425113145 47.613424535443
4551 -122.443548924 37.7096538662 47.6213396973257
1771 -121.352036494 38.7846656188 47.6324399737891
3186 -121.279761311 37.8194013408 47.6834492136605
4027 -122.431763843 37.7021340274 47.6837809480299
5265 -121.255216953 38.7059020411 47.6913757666681
3660 -121.274973955 38.7246604112 47.7024309737956
6676 -122.457147975 37.7147212628 47.7686834850646
4478 -121.261618368 38.7139635305 47.7756913851603
3968 -122.487193653 37.732215528 47.7999941874851
7564 -122.453924257 37.7113339203 47.855267073053
3826 -122.467861672 37.7193190436 47.8607476021788
3683 -122.47968694 37.72625808 47.8708024019844
6691 -122.505224274 37.7424503307 47.8741480831537
3240 -122.444369871 37.7054499657 47.885362344641
2135 -121.319752606 38.7668153288 47.9300680199724
4854 -122.411958092 37.6873675351 47.9449392841633
4459 -122.0175226 37.5812092357 47.9800107270558
4674 -122.076619685 37.5868845104 47.9836703959321
4980 -122.057286311 37.5845927326 47.9881046763249
5233 -122.039906258 37.582437585 48.0188395331126
6669 -122.801264991 38.4334664296 48.0421626707851
3841 -122.068387585 37.5849961506 48.0451127958024
5638 -121.214674259 38.6723221185 48.0493876443146
6858 -121.424344072 37.708592244 48.0555222748482
3861 -122.736502756 38.5791315016 48.1119164128288
6816 -121.988865431 37.5771936459 48.1446015821595
5495 -122.467109392 37.7133980337 48.1648192538803
5719 -121.335352507 38.7832673544 48.1692078652624
5068 -122.452935077 37.7051095144 48.1742950079763
2962 -121.298808488 38.7556143908 48.1914786603114
7575 -122.58174308 38.7558601756 48.235822657204
3821 -122.480394038 37.7196150539 48.2584181968385
3222 -121.270477669 38.7331454132 48.2704852822447
4894 -121.07326408 38.1179000221 48.3040450640327
5139 -121.2384803 37.84436742 48.3199288308029
4760 -121.233795846 38.6994819376 48.3267426300073
3472 -122.478231391 37.7159200456 48.3899467341709
3310 -122.085822247 37.5819223319 48.4028930109699
4754 -121.305417661 38.7653708302 48.4062123301091
3059 -121.254334139 38.7236991194 48.5084251295762
4212 -121.197926806 38.6652754931 48.5202369125824
7568 -122.464029586 37.7052413187 48.5205980632864
3179 -122.002674843 37.5717324724 48.5691530233135
3494 -121.27624931 38.7454095786 48.6014700932021
6931 -122.037682691 37.5735519324 48.6161208026141
3883 -122.074688092 37.5773734464 48.6176994894471
5234 -122.799775667 38.4719860733 48.6407558457367
4598 -121.212730699 38.6853318964 48.655700522024
3355 -121.319506622 38.7823028085 48.7073898734045
1689 -122.493630451 37.7193809716 48.7150635764849
4011 -122.827234993 38.381983752 48.7496486385418
7443 -122.456883039 37.6970753638 48.752847048251
5869 -122.053266663 37.5729307061 48.7594466680109
4320 -121.180696066 38.6513811773 48.775535319454
5553 -122.019449511 37.5693758839 48.8046917550147
3560 -121.262520181 38.7386679184 48.8451700082279
5242 -122.791298564 38.5043204228 48.8789389392519
7301 -121.973229551 37.564773649 48.9632910016466
5352 -122.466596582 37.6975412854 49.0347664904949
4336 -122.781298127 38.5331582609 49.0572298082683
8762 -121.405630927 38.8460603896 49.1041463887782
6068 -122.072435369 37.569988493 49.1045141018473
6491 -121.331290448 38.8007159976 49.2061685591646
4561 -122.030517656 37.5634866587 49.2674618482199
4077 -122.046467453 37.56477458 49.2739840038179
3615 -122.40642408 37.6617962287 49.292238635107
3212 -121.935106429 37.5592493891 49.3122274328507
4387 -121.237917746 38.7266869719 49.3225759970095
7649 -122.420328115 37.6678442594 49.3323152701059
3933 -122.488038061 37.7046917564 49.3331145490617
6768 -122.480322064 37.7000818632 49.3353734861848
1561 -121.759191205 38.9716794537 49.3661271302638
6786 -121.991551467 37.5591869121 49.396484822621
4743 -121.238658257 37.81855441 49.4311838666808
6210 -121.275683654 38.7645918549 49.5237436822664
7510 -122.465431567 37.6879480433 49.5384818930967
3901 -121.299042833 38.783719462 49.5468303801796
4829 -121.271772463 37.785984755 49.5572297683801
2871 -121.208606064 38.7030483303 49.5599509275497
2893 -122.449711648 37.6781729133 49.6072613987822
6252 -122.47847213 37.6933045454 49.6532571472075
4010 -122.05066189 37.5594817119 49.6649395266537
6802 -122.021238998 37.556970507 49.6681356921622
1859 -121.230248587 37.8202925418 49.7100046505455
6159 -121.963640551 37.5529556439 49.7638335846461
4372 -121.240054438 38.7389407954 49.7766847183875
3753 -122.400236562 37.6503695061 49.8009122604559
4840 -121.286285809 38.7796362908 49.833746427486
4493 -121.243833299 37.8046395847 49.8355423567239
4119 -122.434140795 37.6658632166 49.8518623881763
7436 -122.011645563 37.5532081718 49.8835163335506
6131 -122.842322773 38.4129786778 49.9220025458134
8084 -122.417590976 37.6562217971 49.9383856250898
5605 -121.984996333 37.5509824757 49.9441837118187
3275 -121.175288977 38.6762398703 49.9580985033391
4085 -121.185719683 38.6883924717 49.9677642516576
8075 -121.807509923 37.5569637766 49.9941000897174
