"pop" "long" "lat" "miles" "weight" "fact"
4486 -104.851569565 39.003992013 0.672026099076167 2.21425544019051 9933.14990469462
2196 -104.867206204 38.9773836886 1.48014227311492 0.456449856991213 1002.3638859527
6559 -104.799860353 39.0100375474 3.42373022179538 0.085310193520647 559.549559301924
9317 -104.814952441 39.0433714322 4.00270902778432 0.0624154288060773 581.524550186222
5533 -104.840381791 38.9414461189 4.10109125546983 0.0594567455506518 328.974173131757
5273 -104.85601656 38.9379807873 4.18782544628318 0.0570194281039185 300.663444391962
4455 -104.783954422 38.9684687401 4.66629479647864 0.045925686366867 204.598932764392
7513 -104.945767345 39.0330845172 5.1146287105975 0.0382271372319622 287.200482023732
4359 -104.840552236 38.9245277692 5.2327989159449 0.0365200957649322 159.191097439339
5985 -104.784546244 38.9517658598 5.25600688548172 0.0361982978342513 216.646812537994
4242 -104.879141086 38.9213519393 5.4081999830804 0.0341896389889175 145.032448590988
3548 -104.791665351 38.9380849706 5.6206225908996 0.0316541860606606 112.309052143224
9227 -104.806968177 39.0734424743 5.97004802713268 0.0280572014371822 258.88379766088
9449 -104.7571014 38.9679178505 6.00823179284741 0.0277017140446277 261.753496007687
5971 -104.845679562 38.9107784874 6.11951015471281 0.0267034073267895 159.44604514826
2914 -104.865815624 38.9084408058 6.22366115102716 0.0258171394937107 75.2311444846731
5413 -104.80300919 38.9187493735 6.3489045222733 0.0248086086344077 134.288998538049
3849 -104.759183136 38.9487076782 6.49781660303246 0.0236845480024666 91.1618252614941
4032 -104.765465946 38.9370045706 6.69542775495775 0.0223071117765382 89.9422746830019
4680 -104.783110292 38.9231805992 6.70338330008032 0.0222541952360742 104.149633704827
4910 -104.748353128 38.944449434 7.14830759889807 0.0195701220997132 96.0892995095919
2162 -104.76367613 38.9276127143 7.19549032043925 0.0193143106996988 41.7575397327487
6182 -104.763474096 38.9205970809 7.54173952100232 0.0175815412093909 108.689087756455
4470 -104.796150743 38.8998638833 7.67291962443947 0.0169855143359919 75.9252490818837
3995 -104.841310872 38.8877972024 7.72648776436617 0.0167508078806418 66.9194774831638
3789 -104.823535106 38.8904871089 7.73984962018098 0.0166930215693309 63.2498587261949
4693 -104.773679758 38.9098465455 7.74156901236712 0.016685607396963 78.3055555139474
5494 -104.732482197 38.9485479665 7.75890973106882 0.0166111079879944 91.2614272860415
4565 -104.722099362 38.9662542256 7.83083074477067 0.0163073850358048 74.4432126884487
2216 -104.861330272 38.8836516135 7.93460722062524 0.0158836070254721 35.1980731684463
3855 -104.804309992 38.8890225697 8.17011328142014 0.014981104849772 57.7521591958711
8095 -104.819585114 39.1126932822 8.22696257240363 0.0147747777570068 119.60182594297
4994 -104.728373362 38.9344574811 8.42606233100959 0.0140847993700706 70.3394880541328
7706 -104.734658062 38.9241550561 8.54856717596615 0.0136840087245505 105.448971231387
4548 -104.772031211 38.8951072654 8.62027432361142 0.0134572966724512 61.2037852663082
5367 -104.747109634 38.9108235711 8.64257874717083 0.0133879261901507 71.8529998625386
3601 -104.75828991 38.9011701278 8.72781893089063 0.013127697010698 47.2728369355234
2997 -104.803139273 38.8798196224 8.78520486657745 0.0129567539944522 38.8313917213732
1286 -104.828865526 38.870098863 9.04682525114484 0.0122182103270801 15.712618480625
2539 -104.872921722 38.8648084194 9.25754816358202 0.0116683121708017 29.6258446016655
3156 -104.843206195 38.8651780988 9.26635018774615 0.0116461554457854 36.7552665868986
2285 -104.804310968 38.8698103453 9.41389202691306 0.0112839609444401 25.7838507580456
5902 -104.773908344 38.8783919357 9.55002122620745 0.0109645629750914 64.7128506789895
4366 -104.728530978 38.9069253 9.55826039186102 0.0109456683413018 47.7887879781235
1973 -104.812042539 38.8649028481 9.61122162314551 0.0108253716859888 21.3584583364558
4369 -104.747541661 38.8901086595 9.68633082562483 0.0106581396020748 46.565411921465
7717 -104.706014865 39.0700611828 9.72762360371292 0.0105678462041346 81.5520691573064
2303 -104.825939738 38.8592605353 9.81289191773835 0.0103849872857536 23.9166257190905
9712 -104.705170036 38.9254403566 9.81696049586212 0.01037638108294 100.775413077514
5068 -104.854419974 38.856487367 9.82154723527598 0.0103666916436657 52.5383932500978
3013 -104.785359151 38.8644711681 10.1326652736607 0.00973985760291179 29.3461909575732
2337 -104.814938263 38.855516002 10.1969154553159 0.0096175037210939 22.4761061961964
4881 -104.729859791 38.8924481378 10.1990924131252 0.00961339851946762 46.9229981735215
5728 -104.913212226 38.8540601773 10.3585257515556 0.00931974650709477 53.3835079926389
2276 -104.863307374 38.8484132969 10.3724635425363 0.00929471688799964 21.1547756370872
2613 -104.801937853 38.8546514096 10.4487809569931 0.00915943637277342 23.933607242057
5636 -104.747311475 38.8759206141 10.4711957770931 0.00912026465238534 51.4018115808438
7154 -104.709131645 38.9042435872 10.4780834515446 0.00910827834441306 65.160623275931
7468 -105.056944963 39.015734969 10.5606586740032 0.00896639748700153 66.9610564329274
3169 -104.767147955 38.8638082542 10.6084637848165 0.00888576869080312 28.1590009811551
3182 -104.785543238 38.8550352942 10.7288301463109 0.00868750885753098 27.6436531846636
1915 -105.058603358 38.9711239573 10.7508343448739 0.00865198304914136 16.5685475391057
6963 -104.688794343 38.9197199843 10.7768296235712 0.00861029371009842 59.9534751034153
3712 -104.824611727 38.8447578111 10.8113743395023 0.00855535805665354 31.7574891062979
3458 -104.847413867 38.8408126806 10.9251770916693 0.00837805156866872 28.9713023244564
1564 -104.813893729 38.8447622437 10.9324265208425 0.00836694407045531 13.0859005261921
2933 -104.733063652 38.8757695142 10.9476868453628 0.00834363443557277 24.4718797995349
2368 -104.835911067 38.8405942633 11.0012627508578 0.00826256568977639 19.5657555533905
3076 -104.726259485 38.8787773499 11.0257969637713 0.00822583546360165 25.3026698860387
3703 -104.983182491 38.8676529737 11.1551143924431 0.00803622233298925 29.7581312990592
1985 -104.802288354 38.8430465024 11.2098926085583 0.00795787468506439 15.7963812498528
6301 -104.654967639 38.9689135391 11.3039060099889 0.00782605551793675 49.3119758185195
4326 -104.784850458 38.8456050078 11.3480015365041 0.00776535345291438 33.5929190373076
7285 -104.699591598 38.8932328407 11.35735517935 0.00775256800565472 56.4774579211946
4589 -104.858848744 38.8329101934 11.4455953413134 0.00763349148090184 35.0300924058585
3484 -104.653181944 39.0341833475 11.4804187735768 0.00758725253829354 26.4339878434147
6338 -104.766611733 38.8494223354 11.504490345621 0.00755553517941125 47.8869819671085
6573 -104.735174994 38.8582721566 11.8446189123416 0.00712783791375658 46.851278607122
2737 -104.813245471 38.830242633 11.9185257303204 0.0070397125029739 19.2676931206396
1546 -104.826412311 38.8272862137 11.985466153471 0.00696129663578676 10.7621645989263
8377 -104.700476783 38.8775778871 12.0457259683624 0.00689182183806065 57.7327915374341
2997 -104.801448167 38.8299097492 12.0957070632754 0.00683498363582235 20.4844459565596
3672 -104.785620709 38.8331862453 12.1379850780879 0.00678745247142019 24.9235254750549
6188 -104.743446273 38.8469750345 12.2552711840086 0.00665815879174914 41.2006866033437
4820 -104.76700395 38.8323597211 12.5640804679441 0.00633488275676766 30.5341348876201
4070 -104.702418678 38.8631973758 12.6855511632759 0.00621414406575697 25.2915663476309
3804 -104.84974553 38.8127209575 12.8573420536453 0.00604919527349097 23.0111388203597
4454 -104.752462411 38.8327754237 12.8759991457224 0.00603167762292427 26.8650921325047
4555 -104.833306001 38.8121133718 12.9738008119281 0.00594108202196898 27.0616286100687
5150 -104.71096615 38.8517373302 12.9888432587688 0.00592732919429963 30.5257453506431
3345 -104.878095849 38.8078039926 13.2105324497667 0.00573006245547856 19.1670589135758
4328 -104.773409441 38.8185929994 13.3131332167519 0.00564208265912283 24.4189337486836
5595 -104.796002507 38.8120974554 13.3615085666649 0.00560130228826603 31.3392863028484
4669 -104.734662299 38.8323202247 13.3679670891354 0.00559589123399177 26.1272161715076
2466 -104.762375851 38.8202091799 13.4339921196479 0.00554102132515093 13.6641585878222
5902 -104.812238391 38.8040654941 13.7015887765672 0.00532669882335372 31.4381764554336
6571 -104.685463418 38.8549269112 13.7271973765971 0.00530684304979946 34.8712656802323
5106 -104.750050281 38.8192223879 13.7730719985161 0.00527155041729503 26.9165364307084
4478 -104.775555752 38.8055047357 14.1242283154481 0.00501268647016536 22.4468100134005
4664 -104.73587735 38.8164767108 14.2897925682192 0.00489720349577671 22.8405571043026
5615 -104.764048773 38.8021992488 14.5526746673134 0.00472187361739562 26.5133203616764
4423 -104.84702112 38.7853213612 14.7577364777885 0.0045915624742704 20.308480823698
6932 -104.750511775 38.8006764282 14.9280927715436 0.00448736451453469 31.1064108147545
6259 -104.615222876 38.8927311455 15.1424986976828 0.00436118902023202 27.2966820776322
3299 -104.737398519 38.8008604358 15.2135916255482 0.00432052468865094 14.2534109478594
3468 -104.807564797 38.7822956234 15.2278126944253 0.00431245868597235 14.9556067229521
5405 -104.798664526 38.7822769122 15.3281044041256 0.0042562105149012 23.004817833041
9493 -104.573451922 39.0326102921 15.6751502893616 0.00406983285221757 38.6349232661014
1602 -104.753973818 38.7855984117 15.8199178776064 0.003995687827258 6.40109189926732
5845 -104.806038471 38.7715434496 15.9737048321934 0.00391912115832631 22.9072631704173
6349 -104.736541091 38.786691498 16.1190209421509 0.00384877640041691 24.435881366247
6603 -104.84207216 38.7629254064 16.3200555460916 0.00375453999406659 24.7912275808217
1487 -104.696167568 38.7994922548 16.3919185251347 0.00372169197899122 5.53415597275995
3435 -104.822729508 39.2358340287 16.5600271696591 0.00364651420777134 12.5257763036945
6348 -104.764304969 38.7689347954 16.7148864977281 0.00357925908741901 22.7211366869359
4691 -104.747085732 38.7628584953 17.4211971044305 0.00329491345027801 15.4564389952541
2323 -104.999135996 39.23272918 17.8102120887136 0.00315254879745719 7.32337085649306
3837 -104.734322387 38.7572454046 18.0350389402606 0.00307443865070316 11.796621102748
4366 -104.714763699 38.7634289609 18.0758556102914 0.00306056968986666 13.3624472659578
6045 -105.194069592 39.0416383543 18.1087265621118 0.00304946868500543 18.4340382008578
8339 -104.804362474 38.73868178 18.226616348622 0.00301014832206419 25.1016268576933
5474 -104.773624535 38.7427068456 18.3100413802593 0.00298278086529235 16.3277424566103
4643 -105.17057844 38.8861694571 18.3382469946581 0.00297361243530119 13.8064825371034
5076 -104.910016206 39.2614026346 18.3790918111052 0.00296041029282147 15.0270426463618
2254 -104.710565102 39.2430538479 18.7706341648145 0.00283819420536247 6.397289738887
6360 -104.716733901 38.7459650307 19.1260498952557 0.00273369105167357 17.3862750886439
4780 -104.71558111 38.7305326802 20.1297585360727 0.00246787335593959 11.7964346413913
3096 -104.704453868 38.7256863384 20.6770842413853 0.00233895251934671 7.24139699989741
3064 -104.894384748 38.6990763435 20.7767644586739 0.00231656327649405 7.09794987917776
12193 -104.673088931 38.735369795 20.8371987535397 0.0023031452687849 28.0822502622943
6507 -104.712860053 38.7029740249 21.9506170434394 0.00207542256367246 13.5047746218167
4149 -104.470255442 38.8964059 22.2110159533496 0.00202704388841658 8.41020509304039
605 -105.059095358 38.7130567499 22.4160578717129 0.00199013034456032 1.20402885845899
7545 -104.666841591 38.7060793672 22.7817366067525 0.00192675434561645 14.5373615376761
2351 -104.53710977 39.2220736475 23.3046672903721 0.00184125604553521 4.32879296305329
730 -105.148981375 39.2529741928 23.4045944255502 0.00182556693271414 1.33266386088133
4022 -104.771379637 39.3345077299 23.7524137882537 0.00177249287907716 7.12896635964835
4101 -104.839660232 39.3465015368 24.1114227430243 0.00172010249142684 7.05414031734146
4079 -104.522122133 38.7678774287 24.2616608398897 0.00169886529829559 6.9296715517477
2674 -105.233167935 38.770045681 25.482966481294 0.00153992664673742 4.11776385337586
4647 -104.842279118 39.3681819852 25.6033065739054 0.00152548480827987 7.08892790407657
3208 -104.583551146 39.3047418729 25.9206068251512 0.00148836576145366 4.77467736274336
6739 -104.802559559 39.3786105476 26.4941472680036 0.00142462351299393 9.60053785406612
5592 -104.846336023 39.3929450005 27.307456546883 0.00134102692449043 7.4990225617505
1477 -104.811250753 38.605337522 27.3224631094666 0.00133955424042904 1.97852161311369
7382 -104.916053115 39.3932863379 27.4732063819781 0.00132489451679875 9.78037132300838
7765 -104.904881549 39.4112488358 28.6544869034923 0.0012179086851071 9.45706093985659
6897 -104.673350357 38.6073284303 28.8926439139239 0.0011979134183406 8.26200884629509
3742 -104.797679095 39.4215825461 29.4766384233802 0.00115091722963885 4.30673227330859
3087 -104.881895845 39.424538791 29.5001541091454 0.00114908308187787 3.54721947375699
6169 -104.711080984 39.4113515866 29.6878323723893 0.00113460063333885 6.99935130706735
1845 -105.014426443 39.4138863974 29.885747245975 0.00111962287175796 2.06570419839343
6535 -104.297632699 39.0423862737 30.4696814918492 0.00107712020127058 7.03898051530321
3412 -104.634787546 39.4125463717 31.1267084265626 0.00103212810696514 3.52162110096507
6572 -104.89685317 39.4526374401 31.4803086861 0.00100907172129942 6.63161935237981
7440 -104.830105939 39.4563609546 31.7269913836795 0.000993441318041862 7.39120340623145
6306 -104.729693859 39.4614079414 32.8030437447066 0.000929333759333429 5.86037868635661
3660 -105.306468725 39.3305116179 33.1177162864883 0.000911757275248211 3.33703162740845
3711 -104.53479562 39.4070177016 33.2605017998997 0.000903945830229911 3.3545429759832
5220 -104.909285949 39.4816113489 33.5251491088567 0.00088973067472894 4.64439412208507
6272 -105.082863543 39.4525929014 33.5806716577031 0.000886790931529038 5.56195272255013
2412 -104.965001674 39.4782891763 33.6561772705698 0.000882816470350611 2.12935332648567
4385 -105.022359329 38.521827348 34.0825012495063 0.000860869024360801 3.77491067182211
4596 -104.757992913 39.4915641086 34.566606454741 0.000836924939663647 3.84650702269412
1692 -104.848169356 39.5029317493 34.9106800153605 0.000820509064426053 1.38830133700888
2579 -104.886059873 39.5054254758 35.0997517824934 0.000811693203462388 2.0933567717295
5205 -104.795014137 39.5034280256 35.1198519460252 0.000810764355737263 4.22002847161246
6586 -104.689257395 39.4899916652 35.2411128986561 0.000805194445713955 5.30301061947211
5626 -105.165057896 38.5453327277 35.3494333077829 0.000800267330786255 4.50230400300347
6263 -104.737158664 39.5034750098 35.5723727533263 0.000790267880574132 4.94944773603579
3587 -104.780749869 39.5098149544 35.6442909126004 0.000787082109539804 2.82326352691928
9410 -104.92295609 39.5126054494 35.7229900081045 0.000783617986346535 7.37384525152089
3733 -104.756652648 39.5131548413 36.0524801367796 0.000769360185075322 2.87202157088618
5897 -104.950405188 39.516857985 36.1793623767064 0.000763973303597264 4.50515057131306
0 -104.840450026 38.4712819032 36.4776773890931 0.000751528826993479 0
6637 -104.809912841 39.526526855 36.6405913536599 0.000744860683949831 4.94364035937503
3188 -105.061432334 39.5075429343 36.8102198417856 0.000738011582218839 2.35278092411366
5531 -104.904236063 39.5305591034 36.8844111353665 0.000735045615585757 4.06553729980482
4289 -104.283372637 38.7091332928 37.0268777595596 0.000729400094728919 3.12839700629234
3742 -104.767143983 39.5301075968 37.130283995075 0.000725343056491358 2.71423371739066
5726 -104.955231519 39.5326510609 37.2963939193568 0.000718896408062916 4.11640083256826
8411 -104.935119384 39.5356014211 37.3700859706691 0.000716063943775552 6.02281383109617
1707 -104.3411552 39.3599894267 37.4835043207259 0.000711737138060657 1.21493529466954
3707 -105.163509075 39.4875433349 37.5017759318803 0.000711043762034503 2.6358392258619
5466 -104.783768811 39.5378129558 37.5489178038418 0.000709259481998531 3.87681232860397
3740 -104.992759459 39.5331617039 37.6536215550193 0.000705320478280454 2.6378985887689
5456 -105.020887746 39.5296262574 37.7249421420057 0.000702656123247346 3.83369180843752
6346 -104.977860349 39.536643464 37.750646779221 0.000701699563655508 4.45298543095786
4249 -104.894913893 39.5436964573 37.7647000333296 0.00070117741850587 2.97930285123144
4382 -104.802536784 39.5425982906 37.7802824517971 0.000700599138724346 3.07002542589008
2410 -104.839468642 39.5452825366 37.851457156805 0.000697966846150707 1.6821000992232
2930 -104.907608915 39.5474396412 38.0611477478828 0.000690297402319882 2.02257138879725
4611 -105.004652041 39.5373822954 38.0633769354883 0.000690216549937506 3.18258851176184
4440 -104.877261446 39.5496538234 38.1440584462083 0.000687299774874869 3.05161100044442
3834 -104.919128488 39.5482603357 38.1625016482635 0.000686635617912522 2.63256095907661
2259 -104.955983263 39.5466423315 38.2609014254685 0.000683108366467908 1.543141799851
1283 -104.997118456 39.5454948241 38.5352453617091 0.000673416483910467 0.86399334885713
6540 -104.715202492 39.5444141336 38.5792152172811 0.000671882333893868 4.3941104636659
7591 -105.021770886 39.5431239015 38.6453337002622 0.000669585247341361 5.08282161256827
4894 -104.9745505 39.5503816658 38.6601160698642 0.00066907329004454 3.27444468147798
4052 -104.933290782 39.5548716722 38.6860662402199 0.000668175977692121 2.70744906160848
3517 -104.893579955 39.5586306204 38.7934215855061 0.000664482928438482 2.33698645931814
6242 -104.823366563 39.5589518998 38.8326310994104 0.000663141741996727 4.13933075354357
5406 -104.94961068 39.5577301033 38.9786069904025 0.000658184076765324 3.55814311899334
2902 -104.915037614 39.5613901848 39.051220846282 0.000655738629580412 1.90295350304235
3283 -105.026127483 39.5512450821 39.2448693841135 0.000649283287062907 2.13159703142752
3718 -104.97260804 39.5607348116 39.3517510503228 0.000645761093754754 2.40093974658018
6687 -104.539756035 39.5109250521 39.4283586712787 0.000643254158974915 4.30144056106526
4882 -104.889115697 39.5730922885 39.7833161745553 0.000631826791399052 3.08457839561017
4979 -104.913647213 39.5733082384 39.8682003535416 0.00062913918556833 3.13248400494472
2215 -104.93235115 39.5732994777 39.9498744035257 0.000626569374241562 1.38785116394506
5322 -104.951060904 39.5733319906 40.0592957848646 0.000623151118895065 3.31641025475954
3028 -104.966520566 39.5735220024 40.1795109559026 0.000619427820642921 1.87562744090677
7648 -104.835936672 39.5793960089 40.2161413967141 0.00061829993617161 4.72875791184047
3189 -104.980483912 39.5732449139 40.2717517917602 0.000616593521020416 1.96631673853411
2959 -105.017254497 39.5713990616 40.5040901808084 0.00060954003740689 1.80362897068699
4075 -104.724915385 39.5763826737 40.6495559853976 0.000605185324028709 2.46613019541699
4632 -104.747367289 39.5795696151 40.6681070705003 0.000604633329620822 2.80066158280365
1980 -104.7648779 39.5825369832 40.7411080778248 0.000602468474533374 1.19288757957608
4530 -104.892435518 39.5873386163 40.7748970126225 0.000601470393116973 2.72466088081989
3002 -105.003518739 39.5775596606 40.7779069034421 0.0006013816051659 1.80534757870803
5705 -105.098596642 39.5597954896 40.8546419616315 0.00059912464181976 3.41800608158173
4720 -104.913563995 39.5877965672 40.8677071907864 0.000598741627942313 2.82606048388772
5609 -104.932199163 39.5878119602 40.948571602425 0.000596379197155263 3.34509091684387
5902 -105.237976299 38.4838752292 40.9703036627365 0.00059574668481525 3.51609693377961
3696 -104.790540412 39.5881766226 40.9774881711315 0.000595537800765291 2.20110771162852
4271 -104.950865389 39.5878753024 41.0570132066658 0.000593232991226722 2.53369810552933
2179 -105.609950799 38.8793995899 41.0884266840002 0.000592326245026326 1.29067888791236
6646 -104.730512375 38.4132240417 41.0909229038385 0.000592254281122463 3.93612195233989
3611 -104.695833655 39.5787568542 41.1191071471538 0.000591442662425164 2.13569945401727
3706 -105.077946581 39.5695937478 41.1748213887985 0.000589843166201994 2.18595877394459
3210 -104.967512262 39.5880788525 41.1840211471793 0.000589579675247029 1.89255075754296
4057 -104.873048337 39.5941722838 41.2189428350416 0.000588581086046353 2.38787346609005
3794 -105.063499001 39.5736111417 41.232136211345 0.000588204480316326 2.23164779832014
2899 -104.981500943 39.5876400824 41.26365184523 0.000587306326272967 1.70260103986533
2106 -104.997823692 39.5864597563 41.3280421771307 0.000585477670116442 1.23301597326523
1209 -104.900203681 39.5990836866 41.6051877324497 0.000577703538988772 0.698443578637425
3245 -105.091184001 39.5738201978 41.6588129352086 0.000576217201375709 1.86982481846418
3547 -105.018793342 39.5892498473 41.729599070906 0.000574263978948143 2.03691433332906
3336 -105.102363013 39.5722722068 41.7373786200919 0.000574049921493596 1.91503053810264
3869 -104.913533013 39.6022946374 41.8682010349202 0.00057046814498335 2.20714125294058
4988 -105.12609869 39.5684189789 41.8961094277272 0.000569708382485699 2.84170541183867
5097 -104.843174414 39.6042133719 41.9208809857599 0.000569035286201277 2.90037285376791
2326 -105.038907182 39.5886744633 41.9210179355363 0.000569031568298814 1.32356742786304
1805 -104.802377626 39.602731114 41.9271869349435 0.000568864130537578 1.02679975562033
2860 -105.236929748 39.5310142913 41.9681000425279 0.000567755543068487 1.62378085317587
4789 -104.932752916 39.6026689051 41.9746522529984 0.000567578304508282 2.71813250029016
4430 -104.678897018 39.5891690149 42.0243904518093 0.000566235578716418 2.50842361371373
3210 -104.996627601 39.5969413484 42.0307910461753 0.000566063135219231 1.81706266405373
3146 -104.950646893 39.6022103999 42.0406800387085 0.000565796862849538 1.77999693052465
2809 -104.752165279 39.6008585622 42.0878263899845 0.000564529973144913 1.58576469456406
6698 -104.777316001 39.6033333984 42.0915777229493 0.00056442935227762 3.7805478015555
2284 -104.726503343 39.5983409762 42.1296107119847 0.000563410722138733 1.28683008936487
3425 -105.06332511 39.5879841644 42.1897819758318 0.000561804790149943 1.92418140626356
4747 -104.973619409 39.6022769472 42.2021064406461 0.000561476705467071 2.66532992085219
4143 -104.888650712 39.6110668387 42.4076050884779 0.000556048285590996 2.3037080472035
5326 -105.08154635 39.5882523611 42.4675666865083 0.00055447918200071 2.95315612333578
3916 -105.150716168 38.427148815 42.479236926026 0.000554174561839897 2.17014758416504
1219 -104.905452389 39.6121304874 42.5211152785536 0.000553083504422378 0.674208791890879
2150 -105.191904676 38.4399108551 42.5409841411976 0.000552566987273072 1.18801902263711
2158 -104.88085298 39.6132411454 42.5458481397268 0.000552440651496591 1.19216692592964
3386 -105.099535825 39.5864678987 42.6266365131696 0.00055034860333446 1.86348037089048
2899 -105.048372131 39.5983213025 42.6868612966993 0.000548796779497414 1.590961863763
3203 -104.765170795 39.6119071162 42.7549605991319 0.000547049945254733 1.75220097465091
3761 -104.997492825 39.6077582459 42.7758504032988 0.00054651576647328 2.05544579770601
3066 -104.804412817 39.6152734014 42.7843599331715 0.000546298391256649 1.67495086759289
5475 -104.862033194 39.6169095747 42.7873247122439 0.000546222686690643 2.99056920963127
5294 -105.177399765 39.5669046025 42.8057759636635 0.000545751894151537 2.88921052763823
4784 -104.734510896 39.6102875517 42.8736609625322 0.000544025004719029 2.60261562257584
5316 -104.783098102 39.6164773848 42.964173359328 0.000541735229989838 2.87986448262598
3171 -105.011239773 39.6087483433 42.9742372396812 0.00054148152821375 1.7170379259658
1825 -104.941364221 39.6168890726 42.9975520083852 0.000540894467170867 0.987132402586833
3944 -105.101466442 38.4054135661 43.0088053954274 0.000540611450779007 2.1321715618724
4356 -104.822203021 39.6202222288 43.0685197471152 0.000539113378271944 2.34837787575259
3752 -105.063189639 39.6024986051 43.1590687887566 0.000536853598709051 2.01427470235636
5518 -105.131444142 39.5868725597 43.1939087353022 0.000535987902226268 2.95758124448455
3616 -104.973957616 39.6168868985 43.2051638869398 0.000535708683780649 1.93712260055083
3101 -105.237510539 38.4457622861 43.2708402983135 0.000534083722352668 1.65619362301562
1678 -105.018557915 39.6123303386 43.2918982856417 0.000533564272137109 0.895320848646069
4320 -104.765096902 39.6198988112 43.3042054133126 0.000533261035514723 2.30368767342361
4053 -105.101471363 39.597108787 43.3599364896767 0.000531891102131192 2.15575463693772
5814 -104.747100801 39.6191716242 43.380004830728 0.000531399091904224 3.08955432033116
2782 -104.801524549 39.6243120134 43.4191914017077 0.000530440331011488 1.47568500087396
2418 -105.082029973 39.6025124373 43.4229221679089 0.000530349187267712 1.28238433481333
7684 -104.724545778 39.6178645364 43.4780539148275 0.000529005036072544 4.06487469718143
5610 -104.997392067 39.6186324141 43.5163156705297 0.000528075188826301 2.96250180931555
2184 -104.894932558 39.6305806435 43.7690286370109 0.000521994807714545 1.14003666004857
2018 -104.909408151 39.6300988581 43.7740266352782 0.000521875614649395 1.05314499036248
2539 -105.024226888 39.6196045139 43.8447217627863 0.000520194029378099 1.32077264059099
3444 -104.765848061 39.6280157935 43.8569560125515 0.000519903845261814 1.79054884308169
2383 -104.858159194 39.632918588 43.8951403027025 0.000518999712163458 1.23677631408552
4611 -104.784129246 39.630116997 43.89793166085 0.000518933710510977 2.39280333916611
2207 -105.09995268 39.6057252987 43.9057168869912 0.000518749695380672 1.14488057770514
3342 -105.190661335 38.4176725444 43.9165119755343 0.000518494699690823 1.73280928636673
945 -105.249760369 38.4402375763 43.9205068058751 0.000518400383649864 0.489888362549121
5909 -105.119467879 39.6015344185 43.945151793293 0.000517819095933263 3.05979303786965
4574 -105.042527191 39.6191877434 44.0213235791709 0.000516028641805639 2.36031500761899
5196 -104.802897601 39.6342630809 44.1003441579867 0.000514181021339231 2.67168458687864
3730 -105.139767231 39.6001855394 44.2104398067344 0.00051162331743113 1.90835497401811
2975 -105.00198812 39.6283764802 44.2220389704737 0.00051135496144884 1.5212810103103
3331 -105.360512369 39.5082531675 44.2468316056292 0.000510782071383018 1.70141507977683
2621 -104.983241999 39.6313109417 44.2636207461738 0.000510394666761188 1.33774442158107
1706 -104.770242417 39.6345255095 44.2775369569939 0.000510073888141099 0.870186053168716
2490 -105.23991889 38.4297660546 44.312114282916 0.000509278163984318 1.26810262832095
3248 -104.73774544 39.6323829726 44.3569365832253 0.000508249441655316 1.65079418649647
4239 -104.938551782 39.6372079942 44.3821297200629 0.000507672598513335 2.15202414509803
3942 -105.072878242 39.6194346293 44.4231495878305 0.000506735472334019 1.9975512319407
1748 -104.968908466 39.6383291793 44.6388368961414 0.000501850382723586 0.877234469000829
4150 -105.101132507 39.616991085 44.6697759055055 0.000501155444083962 2.07979509294844
3661 -104.836216471 39.643970623 44.6801273018497 0.00050092325774018 1.8338800465868
3548 -104.778367475 39.6415024143 44.7117129892581 0.000500215773467764 1.77476556426363
6979 -104.904634589 39.6444486722 44.7511623525112 0.000499334254640416 3.48485376313546
3594 -105.024293419 39.6333621206 44.7783985911061 0.000498727004213266 1.79242485314248
3647 -105.548809546 39.3665861472 44.7873606572149 0.000498527431069203 1.81812954110938
4294 -104.563848354 39.6038001716 44.8135555535418 0.000497944792287003 2.13817493808039
4995 -105.070829163 39.6260850735 44.8405767141488 0.000497344844955739 2.48423750055392
2864 -105.002368292 39.6374855817 44.8464595624332 0.000497214372566322 1.42402196302995
5207 -104.888837752 39.6463469904 44.8470311666867 0.000497201698013218 2.58892924155483
2853 -104.824289054 39.6461037937 44.8516098285666 0.000497100189850136 1.41822684164244
2842 -104.814729753 39.6457636512 44.8538921549659 0.000497049602667306 1.41261497078048
4665 -104.803766984 39.6455678265 44.8771101781013 0.000496535419656062 2.31633773269553
4644 -105.040713853 39.6332669408 44.9509371800099 0.000494905748707165 2.29834229699607
3851 -105.119318096 39.6169712006 44.9573095393112 0.000494765460341355 1.90534178777456
2327 -104.794433898 39.6462032438 44.9582166396974 0.000494745495251719 1.15127276745075
3143 -104.757940097 39.6441479782 45.0155876001411 0.000493485223489255 1.55102405742673
1808 -104.921819574 39.6476006126 45.0251945781907 0.000493274657117529 0.891840580068492
2574 -105.276218404 39.5651686612 45.0526923351405 0.000492672703867953 1.26813953975611
4435 -104.781817873 39.6486432283 45.1853536633633 0.000489784039041338 2.17219221314833
2672 -104.98308383 39.6449196584 45.1936737200806 0.000489603719295386 1.30822113795727
3456 -104.765413894 39.6488555837 45.2914729984194 0.000487491569270251 1.68477086339799
8692 -104.73481647 39.6457253476 45.2928420769924 0.000487462098645562 4.23702056142722
4464 -104.863660257 39.6540518216 45.3566898558368 0.000486090681707131 2.16990880314063
5124 -105.145699664 39.6163351487 45.3687380633747 0.000485832541673663 2.48940594353585
2693 -105.00052702 39.6473803212 45.5050815458433 0.000482925575539574 1.30051857492807
6137 -105.097001215 39.6310582472 45.5408377150846 0.000482167539864262 2.95906219214697
3459 -105.192320388 39.6064122703 45.631400261813 0.000480255567457621 1.66120400783591
2708 -104.785080344 39.656095922 45.6825630358673 0.000479180433050335 1.29762061270031
4703 -104.877862991 39.659385178 45.7336248247226 0.000478111016358257 2.24855610993288
2414 -105.023032987 39.6480527681 45.76272530045 0.000477503148963074 1.15269260159686
4859 -104.812653662 39.6589069136 45.7678809582388 0.000477395575524373 2.31966510147293
5865 -104.894740773 39.6597961121 45.7879584224781 0.000476977002978394 2.79747012246828
1856 -105.042832246 39.6459392485 45.8314260849923 0.000476072678357453 0.883590891031433
3108 -104.910938971 39.6601608701 45.85474116287 0.000475588678254192 1.47812961201403
3091 -104.963912392 39.6567068097 45.8671157385285 0.000475332092938288 1.46925149927225
3905 -104.859979546 38.3347672826 45.9028328016673 0.00047459266749356 1.85328436656235
4121 -104.931205677 39.6599061141 45.9121735298435 0.000474399577521354 1.9550006589655
4032 -104.979435351 39.6558762662 45.916594594483 0.000474308227095902 1.91241077165068
5253 -105.115611768 39.6324939121 45.9209869893655 0.000474217495187525 2.49106450222007
2032 -105.062578151 39.6439684067 45.9338767350037 0.000473951387221543 0.963069218834176
2310 -104.795757991 39.6607695763 45.9571222014073 0.000473472051953215 1.09372044001193
3039 -104.827403258 39.6624729333 45.9758413409401 0.000473086580590145 1.43771011841345
3085 -105.097909164 38.3595985303 45.9885290830018 0.000472825577569256 1.45866690680116
3133 -104.949612421 39.6605354224 46.0456647349505 0.000471652896626699 1.47768852513145
4500 -104.850214248 39.6639978127 46.0487113808692 0.000471590488285885 2.12215719728648
6685 -104.762726393 39.6604148739 46.1022182264004 0.000470496455186463 3.1452688029215
4399 -104.780202325 39.6621735226 46.1252295916666 0.000470027121366082 2.0676493068894
5312 -105.136802095 39.6313057926 46.191300832296 0.000468683445651658 2.48964646330161
3871 -104.871334331 39.6680933411 46.3307096783763 0.000465867157404847 1.80337176631416
1128 -105.103232304 39.6416926154 46.3398440012685 0.00046568351580093 0.525291005823449
3593 -104.995906998 39.660224742 46.3428481841941 0.00046562314173345 1.67298394824829
2521 -104.92169725 39.6677651954 46.4161091522945 0.000464154467069459 1.17013341148211
2391 -104.978676073 39.6639054965 46.4612814044068 0.000463252352044849 1.10763637373923
2030 -105.074614769 39.649936615 46.4888498474994 0.000462703086600524 0.939287265799065
7087 -104.889067844 39.6706216349 46.525720942707 0.000461970003516988 3.27398141492489
3160 -105.156206449 39.6318013381 46.5648741920229 0.000461193451546959 1.45737130688839
3059 -104.838195388 39.6712768841 46.5651506726543 0.000461187974890006 1.41077401518853
3411 -105.105346784 39.6461698809 46.6687073363896 0.000459143517151105 1.56613853700242
3224 -105.014569146 39.6626302656 46.6717640214121 0.000459083377527802 1.48008480914963
3318 -104.758746447 38.3280059845 46.70300552134 0.000458469384658313 1.52120141829628
3245 -104.734670703 39.667544897 46.7866287296288 0.000456831975854804 1.48241976164884
5535 -105.034458258 39.6614640632 46.7908368223189 0.000456749809987105 2.52811019827863
5701 -104.856430026 39.6749305602 46.8016935271048 0.000456537927795584 2.60272272636262
5808 -104.914700134 39.673777102 46.8068322636489 0.000456437690320012 2.65099010537863
6237 -104.966021518 39.6703307655 46.8161978900786 0.000456255086969157 2.84566297742663
4265 -104.799178913 39.6735374062 46.8242881822282 0.000456097437244796 1.94525556984905
5901 -104.62509856 38.3468816434 46.8419872540688 0.000455752832897335 2.68939746692717
2858 -105.048041315 39.6605959395 46.8811049288018 0.000454992588306268 1.30036881737931
5274 -104.781564753 39.6733108074 46.8854759796022 0.000454907755936766 2.3991835048105
4171 -104.819437748 39.6754594641 46.8920932581774 0.000454779374423428 1.89688477072012
1206 -104.936042026 39.6739057878 46.8986550022812 0.000454652123988733 0.548310461530412
4489 -104.950047137 39.6729581608 46.9028734017301 0.000454570345714483 2.04056628191232
6695 -105.061559902 39.6594894573 46.9656876461337 0.000453355228900726 3.03521325749036
3730 -104.838113432 39.6784816319 47.0634622910173 0.00045147348880299 1.68399611323515
6739 -104.762819212 39.6749100422 47.0977736331184 0.000450815919769254 3.038048483325
2553 -104.980544 39.6731447717 47.1079745251038 0.000450620699039051 1.1504346446467
2505 -104.870079406 39.6799098118 47.1473626196474 0.000449868093773667 1.12691957490303
3739 -105.351234504 39.5649427246 47.1478480983058 0.000449858829290004 1.68202216271533
3768 -104.889098927 39.6799872595 47.1733056188111 0.000449373419160164 1.6932390433955
1689 -104.718717873 38.3247192481 47.2339037403327 0.000448221123247238 0.757045477164585
6498 -105.013323343 39.6724351184 47.3280930870558 0.000446438856411804 2.9009596889639
3636 -104.802806213 39.6813641674 47.350988843027 0.000446007225135093 1.6216822705912
3871 -105.088344918 39.6605684214 47.3846291380325 0.000445374172223686 1.72404342067789
3002 -104.950464057 39.6814282873 47.4880329805306 0.000443436704702536 1.33119698751701
2194 -105.075018744 39.6651490319 47.5146569253709 0.000442939901085075 0.971810142980655
3096 -104.897293625 39.6847290537 47.5166744738683 0.00044290228760435 1.37122548242307
2823 -104.879997434 39.6856676999 47.5535673702168 0.000442215331370261 1.24837388045825
3618 -105.102523974 39.6606769781 47.5916196873228 0.000441508459407905 1.5973776061378
3052 -104.914804584 39.6854280081 47.6116306230431 0.000441137409702929 1.34635137441334
3111 -104.935651329 39.684749077 47.644300838558 0.000440532631681555 1.37049701716132
3138 -104.967235754 39.6827363109 47.6759130692354 0.00043994862179971 1.38055877520749
5327 -105.031804415 39.6749313048 47.6769483456675 0.00043992951556451 2.34350452941215
5030 -104.780020946 39.6851740771 47.7101791626074 0.000439316894685337 2.20976398026724
4227 -105.147229366 39.6520180179 47.7264948624646 0.000439016577746629 1.855723074135
3210 -104.727156361 38.3161391666 47.7480687809208 0.000438619947332475 1.40797003093724
2218 -104.993192354 39.6812635806 47.7593820695865 0.000438412170508978 0.972398194188913
5086 -104.856577567 39.6893098148 47.7962899043258 0.000437735356613035 2.22632202373389
3368 -104.926979628 39.687554076 47.8015594015026 0.000437638852728392 1.47396765598922
5545 -104.838085126 39.6892980934 47.811444474543 0.000437457906728547 2.42570409280979
4462 -104.824121813 39.6894092031 47.8447321697694 0.000436849400875892 1.94922202670823
6198 -105.04812631 39.6756268333 47.8983022105495 0.000435872791995086 2.70153956478554
2525 -104.757972644 38.3106392054 47.900934544062 0.000435824887667433 1.10045784136027
3119 -104.814851473 39.6899405271 47.9048646344417 0.000435753380902872 1.35911479503606
4550 -104.870599417 39.6910743953 47.9198864463507 0.000435480225858891 1.98143502765795
5627 -104.800422933 39.6911426726 48.0344447355452 0.000433405532140771 2.43877292935612
5393 -104.981068306 39.6866091089 48.0346344428407 0.000433402108776361 2.33733757263092
4958 -104.716349783 39.6840689551 48.0665398924806 0.000432826935282661 2.14595594513143
3103 -105.068340676 39.6749213074 48.0875678061528 0.000432448481645367 1.34188763854557
6106 -104.888278658 39.6932688762 48.0902869262983 0.000432399580039234 2.64023183571956
4522 -104.762846385 39.689352232 48.0903697265189 0.000432398091061295 1.95530416777918
3892 -104.949798122 39.6904429209 48.1049925085381 0.000432135253393065 1.68187040620581
2566 -105.092460905 39.6706164562 48.1126807722131 0.000431997156564305 1.10850470374401
3499 -104.785084127 39.6915309695 48.1242158400635 0.000431790087453066 1.51083351599828
3313 -104.935622399 39.6933201615 48.2350250916121 0.000429808482668444 1.42395550308056
4070 -105.012869427 39.6859131667 48.2426845981933 0.00042967201184044 1.74876508819059
2952 -105.242684103 39.6315366945 48.3110852332899 0.000428456181861176 1.26480264885419
3004 -104.733642407 38.3057380238 48.4080315021197 0.000426741770685584 1.28193227913949
2661 -104.839048069 39.6993838252 48.5075476143795 0.000424992594668276 1.13090529441228
1754 -105.29270785 38.3830004548 48.5105845922721 0.000424939383488744 0.745343678639258
4277 -104.858111507 39.7001919808 48.5486344680872 0.000424273554067048 1.81461799074476
1883 -104.930778238 39.6982125817 48.5519167219532 0.000424216191699667 0.798799088970472
2611 -104.792980108 38.298492289 48.5543501577997 0.000424173671224537 1.10751745556726
6612 -104.907828087 39.6996059229 48.570273366278 0.000423895595842813 2.80279767971268
3368 -105.298478006 39.6138797618 48.5721960076079 0.000423862038246946 1.42756734481572
3641 -105.097147469 39.677206072 48.617584369408 0.00042307099017211 1.54040147521665
4485 -104.966056303 39.6969940886 48.6480348802692 0.000422541525993856 1.89509874408244
7037 -105.032052123 39.689552991 48.6724759160297 0.000422117271447661 2.97043923917719
5750 -105.009866134 39.6932435976 48.7162020560513 0.000421359852984223 2.42281915465928
4168 -104.893305306 39.7024381322 48.7328501978503 0.000421072011811684 1.7550281452311
6750 -104.800809518 39.7020348964 48.7847603681532 0.000420176392337441 2.83619064827773
3763 -104.870956285 39.7037537851 48.7971085036702 0.000419963767502504 1.58032365711192
2586 -104.917117538 39.7025113162 48.7986209983231 0.000419937734672233 1.08595898186239
2722 -105.097793767 38.3172319175 48.8103587722207 0.000419735788133314 1.14252081529888
3915 -105.067314259 39.6858517878 48.8111360672654 0.000419722420038379 1.64321327445025
5415 -105.046097778 39.6894803212 48.8137669514377 0.000419677178239464 2.27255192016669
5376 -104.819605521 39.7033260141 48.8171199756539 0.000419619528815832 2.25587458691391
5754 -105.128574051 39.6735150581 48.8358485290744 0.000419297742256973 2.41263920894662
4725 -104.882936134 39.7052639304 48.9122122936601 0.000417989514402689 1.97500045555271
3832 -104.926330398 39.704049343 48.9371259292043 0.000417564030173245 1.60010536362387
5059 -104.78159844 39.703863445 48.9901787912697 0.000416660135866154 2.10788362734687
2301 -104.935869595 39.7044008989 49.0000230456288 0.000416492736094441 0.95834978575331
3977 -104.837145695 39.706638499 49.011847332904 0.000416291799546522 1.65559248679652
3791 -104.976727227 39.7015979472 49.0327066095917 0.000415937680862401 1.57681974814936
3437 -104.856441047 39.7073844747 49.0465954742042 0.000415702146300291 1.4287682768341
4172 -104.950426687 39.704990598 49.1097560994028 0.000414633555231492 1.72985119242578
2602 -104.983937092 39.7038131154 49.234425154857 0.000412536383280898 1.0734196692969
5276 -105.067333052 39.6930577294 49.2970052934218 0.000411489658538515 2.17101943844921
3926 -105.003430549 39.7030912471 49.3343124439791 0.000410867547825123 1.61306599276143
4340 -105.174585858 39.669340779 49.339741521017 0.000410777133535243 1.78277275954295
5382 -105.090936919 39.6893806397 49.3476083871788 0.000410646173950512 2.21009770820166
2721 -104.581738173 38.3190903905 49.3615274324111 0.000410414617226431 1.11673817347312
3450 -105.032057519 39.7004193268 49.4109747672926 0.000409593594986233 1.4130979027025
1776 -105.152013872 39.6770544005 49.4492866044401 0.000408959158971977 0.726311466334232
4972 -105.018188408 39.7041019583 49.5306182224099 0.000407617201090034 2.02667272381965
3937 -105.109012846 39.6886286202 49.5465743463775 0.000407354702889277 1.60375546527508
3974 -105.045885713 39.7005677358 49.5627365856575 0.000407089072249732 1.61777197312044
4797 -104.852568612 39.7150063047 49.5754336939789 0.000406880574139027 1.95180611414491
2692 -104.633548848 38.3040854937 49.5820935156834 0.000406771277822517 1.09502827989822
2420 -104.966849266 39.7117964717 49.6700625939563 0.00040533171422304 0.980902748419757
2935 -104.71798724 38.2884888215 49.7144751960202 0.000404607828672413 1.18752397715353
3797 -104.800349259 39.7164817704 49.7835056254384 0.000403486538092704 1.532038385138
5450 -104.817883515 39.7177330384 49.8169020317396 0.000402945738359763 2.19605427406071
4168 -104.83647133 39.7183119887 49.820017936578 0.000402895336879998 1.67926776411583
4061 -105.143674914 39.6855798392 49.8725221854472 0.000402047471918702 1.63271478346185
4807 -104.913001789 39.718554479 49.8937831327039 0.00040170490062733 1.93099545731557
4357 -105.032424728 39.7076033373 49.902985310871 0.000401556764429955 1.74958282262131
3103 -104.658194515 39.7026134865 49.9177120510228 0.0004013198645576 1.24529553972223
7316 -104.888921591 39.7197916854 49.9251698277319 0.000401199975915988 2.93517902380137
3362 -105.121477992 39.691803679 49.9395753762634 0.000400968549352847 1.34805626292427
4075 -104.857870459 39.7203152395 49.9406682704692 0.00040095100007189 1.63387532529295
4067 -104.931543712 39.7183946619 49.9470517624545 0.000400848519390906 1.63025092836281
4829 -105.064513448 39.7032420221 49.9508406360131 0.000400787711334982 1.93540385803663
4158 -104.977061455 39.7154234521 49.9837815510709 0.000400259621495775 1.66427950617943
