"pop" "long" "lat" "miles" "weight" "fact"
1410 -93.5606809686 38.7307585281 0.122154481689771 67.0164146258382 94493.1446224319
5908 -93.5495237194 38.7542292828 1.84412518906712 0.294048656934674 1737.23946517006
7447 -93.7126456999 38.7518655543 8.35725530851579 0.0143176802881352 106.623765105743
5867 -93.4027172951 38.760629106 8.79199116767373 0.0129367597753121 75.899969601756
6551 -93.7487871947 38.7478473467 10.2398099861985 0.00953709710219968 62.4775231165101
3560 -93.7467374656 38.7677890084 10.3967187098404 0.00925139900241516 32.934980448598
8910 -93.7630504876 38.7527597901 11.0486222706268 0.00819188312627976 72.9896786551527
2977 -93.5335109396 38.5365844487 13.3896767552971 0.00557775988600397 16.6049911806338
4939 -93.807263135 38.6226794735 15.2181691794634 0.00431792589243681 21.3262359827454
4256 -93.3436380525 38.5801074695 15.6003427277003 0.00410895817718279 17.4877260020899
3486 -93.2691450824 38.7110384123 15.7761334957823 0.00401789751431342 14.0063907348966
4040 -93.2622671117 38.6929350214 16.2924810354696 0.00376725962995463 15.2197289050167
8677 -93.8070712234 38.8686742531 16.4309914937692 0.00370401262565062 32.1397175527704
3469 -93.2426074583 38.7085672197 17.2177682532622 0.0033732325619851 11.7017437575263
4480 -93.2327575319 38.6827856122 17.9808835291541 0.00309298592843426 13.8565769593855
3849 -93.7063816261 38.9628792612 17.9852582141697 0.00309148145255392 11.89911211088
2112 -93.2205582594 38.7231992029 18.3521956983535 0.00296909392682165 6.27072637344733
2846 -93.2217546528 38.7060161283 18.3544100897759 0.00296837754972395 8.44800250651435
3030 -93.1893473297 38.7052186795 20.1020356611512 0.00247468497665493 7.49829547926443
4061 -93.2017110819 38.8374999152 20.7541189351273 0.00232162139615857 9.42810448979994
2466 -93.4005573257 38.4400223515 21.7810129224147 0.0021078701542777 5.1980078004488
6794 -93.6677160279 39.04597994 22.6733578725675 0.00194521815468308 13.2158121429168
3809 -93.6256449659 38.4036881937 22.7763318309102 0.00192766888365447 7.34249077783988
2715 -93.4123001192 39.0477277814 23.4482353992033 0.00181877790333926 4.93798200756609
4554 -93.1241326656 38.6258452119 24.6239136571834 0.00164924752378472 7.5106732233156
5193 -94.0231421247 38.7402219666 24.9729029669858 0.00160347406742011 8.32684083211261
3286 -93.8981746468 38.4763446163 25.2694515323058 0.00156605989702335 5.14607282161872
5178 -93.7559493088 38.36553238 27.2738625966273 0.00134433251690683 6.96095377254355
6233 -93.9491528318 38.9817664664 27.2747556075693 0.00134424448796082 8.37867589345982
3995 -93.7837354241 38.3726439721 27.4480542421981 0.00132732377462873 5.30265847964178
3211 -93.1835594143 38.4473281501 28.1977508443459 0.00125768262872982 4.03841892085145
3873 -94.0215416628 38.9530312054 29.2755664538625 0.00116678110098638 4.51894320412026
4378 -93.3965489387 38.3245836594 29.3485856832111 0.00116098242488185 5.08278105613275
1517 -93.5837534834 39.1735917013 30.7795177099395 0.00105554409125171 1.60126038642884
5829 -93.7854087887 39.1441412921 31.161557246442 0.0010298208837439 6.00282593134322
4218 -93.1899601245 39.1005575643 32.5337716415959 0.000944781046161151 3.98508645270773
2842 -93.2023076306 39.1125769822 32.7985332243573 0.000929589384610029 2.6418930310617
2575 -93.114677873 39.0527719047 32.8313694224652 0.000927730862264267 2.38890697033049
3073 -93.2208759621 39.1258112253 32.9782640068326 0.000919484513854657 2.82557591107536
5286 -93.9887295122 39.0910274344 34.0340165016879 0.000863323553827353 4.56352830553139
2939 -93.1815002367 39.1238167257 34.0877462936236 0.000860604122798154 2.52931551690377
1282 -94.1682776259 38.8794829352 34.3742262835346 0.000846319089402168 1.08498107261358
2967 -94.2009473343 38.7658840675 34.6428383117944 0.000833245671516143 2.4722399073884
3027 -93.8601063232 38.2810227475 34.9739715750132 0.000817542040285184 2.47469975594325
5278 -94.1304825384 38.9851695841 35.4470931388341 0.000795863792729581 4.20056909802673
3745 -94.2044183563 38.6292246336 35.4475356873921 0.000795843920760011 2.98043548324624
4895 -92.9195630683 38.8482281532 35.5312456380856 0.00079209839609256 3.87732164887308
2269 -93.177704595 38.3060777594 35.8492756027711 0.00077810683667736 1.76552441242093
2871 -94.1302612357 39.0163575761 36.5576793723335 0.000748243169321145 2.14820613912101
1683 -94.1676745276 38.9691911564 36.6852455898733 0.000743048459923386 1.25055055805106
6337 -94.2195573009 38.8885054592 37.1963399595564 0.00072276911016624 4.58018785112346
2525 -93.2531423565 39.214738378 37.447283326407 0.000713114663603214 1.80061452559812
3572 -92.9601331776 38.4407375118 38.0999290059497 0.000688892833978973 2.46072520297289
2821 -93.4388467615 38.1852379013 38.1868712022867 0.000685759522854551 1.93452761397269
7972 -94.2643522533 38.7929584027 38.21911976838 0.000684602749416366 5.45765311834727
3983 -94.2238388063 38.5083801654 38.9611824579519 0.000658772925132279 2.62389256080187
6096 -94.21189616 38.996816176 39.6735481011627 0.000635327882539751 3.87295877196232
790 -94.2398823552 38.9567149649 39.8459380144791 0.000629842395142216 0.497575492162351
5636 -94.205171679 39.0224188602 40.2123100747351 0.000618417761732102 3.48540250512213
2877 -94.2415025046 38.9777726827 40.5180007733803 0.000609121576108515 1.7524427744642
4626 -94.1699469033 39.0769236105 40.6861994736272 0.000604095710583455 2.79454675715906
6046 -92.8527478579 38.5202900074 40.8845812849398 0.000598247498499916 3.61700437593049
7828 -94.2500146482 39.0001217794 41.6019486751049 0.000577793500531222 4.52296752215841
5584 -94.3244975599 38.8517301401 42.0551800214209 0.000565406773903954 3.15723142547968
4844 -94.2357459888 39.0395354632 42.2279342519043 0.000560790085114924 2.71646717229669
2771 -94.2911696469 38.9611707167 42.5124360152999 0.00055330936056248 1.53322023811863
6783 -94.2562830303 39.0203166543 42.54245658672 0.000552528737920719 3.74780242931624
4442 -94.3457941548 38.7936051684 42.5899514597063 0.000551297102331699 2.44886172855741
3671 -93.8169180849 38.1468913124 42.5945900111506 0.000551177036345437 2.0233709004241
6843 -94.3202395499 38.9078714389 42.7723958300447 0.000546604050281369 3.74041151607541
3877 -92.7801675861 38.6220470728 42.7876815608086 0.000546213575752083 2.11767003319083
3169 -94.3489250908 38.6631996262 42.8051609429681 0.000545767576892278 1.72953745117163
5331 -94.31395962 38.9290219191 42.8921077944974 0.000543557162015797 2.89770323070622
5310 -94.3516338905 38.6446345682 43.1110643663321 0.000538049843598123 2.85704466950603
7219 -94.2855838444 38.9976051993 43.2461438227363 0.000534693892445366 3.85995520956309
4120 -93.4914397626 39.352292226 43.2751022971545 0.000533978527818416 2.19999153461188
3911 -93.216239208 38.1594555933 43.5899511292049 0.000526292566275032 2.05833022670165
5946 -94.3618691349 38.6451442669 43.6538367883666 0.00052475327684035 3.12018298409272
6253 -94.2637391577 39.0481027246 43.8258712443321 0.000520641620526882 3.2555720531546
6433 -93.9725092574 39.2759388662 43.8383379981697 0.000520345542331296 3.34738287381723
2762 -92.8390884287 38.435705221 43.9719018233858 0.000517189263584217 1.42847674601961
2039 -94.2039699011 39.1268108877 44.2272720269691 0.000511233959588762 1.04240604360149
8421 -94.3545013676 38.8936832265 44.284716995019 0.000509908501377174 4.29393949009718
6581 -94.2928039717 39.0213300522 44.3160445012594 0.000509187836174218 3.35096514986253
13 -94.3226265524 38.9778465426 44.5149646043865 0.000504647278181002 0.00656041461635303
5541 -94.348484751 38.9255402045 44.5840888933396 0.000503083655682264 2.78758653613542
4293 -94.2888664744 39.0408109276 44.7563014855177 0.000499219589320199 2.14314969695161
5248 -94.2311262713 38.347825951 44.8510240668246 0.000497113174355202 2.6088499390161
3043 -94.3495370339 38.9397877652 44.944041473167 0.000495057625870458 1.5064603555238
0 -94.2926826183 39.0500397611 45.2441047477335 0.000488512860811326 0
3852 -92.771375054 38.9536096756 45.2690421628752 0.000487974793646441 1.87967890512609
6394 -94.317768087 39.022825499 45.5620906082853 0.000481717821026572 3.0801037476439
5527 -94.3717219306 38.9156463893 45.5825963993627 0.000481284507265786 2.660059471658
3302 -94.3496299683 38.9806216404 45.9315129884083 0.00047400016984296 1.56514856082145
2665 -94.3060801427 39.0679188621 46.4808718369266 0.000462861937619134 1.23352706375499
3644 -94.3891380361 38.915532064 46.4813434862299 0.000462852544284671 1.68663467137334
6003 -94.3951735596 38.8986622773 46.4908306948115 0.000462663658411096 2.77736994144181
4705 -94.3826515791 38.9356228225 46.5473853845701 0.000461540076330923 2.17154605913699
5204 -92.922747252 38.2738127012 46.7280273181073 0.00045797851624377 2.38332019853258
2981 -94.4097471468 38.8674731282 46.7719669084862 0.000457118431139431 1.36267004322664
5101 -94.2770397072 39.1126260328 46.8086860947222 0.000456401537131871 2.32810424090968
2483 -93.0104728643 39.2535787992 46.8123692510635 0.000456329721408256 1.1330666982567
6215 -94.1169117685 39.2497228931 46.8214750065004 0.000456152246316297 2.83498621085578
7993 -94.3723082844 38.9753029582 46.9310038597497 0.00045402556982527 3.62902637961338
7642 -94.4295850852 38.7959143416 47.1015855573576 0.000450742953792688 3.44457765288373
3450 -93.8808349286 39.367956286 47.4298436631538 0.00044452543304455 1.5336127440037
2381 -92.7251002501 38.9493562352 47.5245428636714 0.000442755641718122 1.05420118293085
6643 -94.42896725 38.8473805487 47.5340487621651 0.000442578574144095 2.94004946803922
6423 -94.4424698441 38.709290994 47.6169180058758 0.000441039447341388 2.83279637027373
3741 -94.2363359843 39.1765491028 47.748859952084 0.000438605412092083 1.64082284663648
4546 -94.3607819039 39.0305241508 47.8738798898091 0.000436317616620643 1.98349988515744
4085 -94.3728190359 39.010285377 47.8779267079098 0.000436243861404894 1.78205617383899
2645 -93.6258608383 39.4226833447 48.1126890905148 0.000431997007186564 1.14263208400846
3709 -94.3512681585 39.0531313935 48.1157118508103 0.000431942730430254 1.60207558716581
3182 -93.6025239439 38.0341775662 48.1167262791084 0.000431924517623863 1.37438381507913
5550 -94.4254531043 38.9193580911 48.4346352151538 0.000426273106158799 2.36581573918134
5042 -94.3436305328 39.0755905502 48.4953130904842 0.000425207058194974 2.14389398741906
6101 -94.4334535137 38.9027580443 48.5580653166685 0.000424108766979214 2.58748758734018
3225 -94.4442094792 38.8789268488 48.7505704386837 0.000420765958310833 1.35697021555244
1429 -94.4269367493 38.9342423998 48.7964397600766 0.000419975278588351 0.600144673102754
3303 -92.6617365036 38.8242766994 48.9163113291795 0.000417919464882075 1.38038799250549
5174 -94.406118059 38.9911283217 49.0220597103127 0.000416118372066267 2.15299645707087
4416 -94.4761504931 38.7773197346 49.5046015867279 0.00040804575175029 1.80193003972928
3949 -94.3894498935 39.0394939609 49.5312982258635 0.000407606009006977 1.60963612956855
3656 -94.3822349404 39.0535059171 49.6085676300179 0.000406337238447357 1.48556894376354
4737 -94.3775503718 39.0614125923 49.6326037354236 0.00040594377128942 1.92295564459798
9147 -94.4753884334 38.8184299266 49.7226422030227 0.000404474924890762 3.6997321379758
